0 0 0 0 0 0 0 0 0 0 0 0 0 0
0.1 0 0 0 0 0 0 0 0 305 0 0 305 0 
0.2 0.0572917 0.0447917 12.5927 9.84521 1.24722 0.957684 -0.791356 -0.792793 303.896 1.10381 -0.00761907 305 0 
0.3 0.117708 0.110417 25.8723 24.2696 3.76392 3.31849 -1.21747 -1.22705 301.455 3.54528 -0.0504015 305 0 
0.4 0.151042 0.164583 33.199 36.1754 7.39421 7.23831 -0.426115 -0.446255 297.675 7.32472 -0.104586 305 0 
0.5 0.122917 0.189583 27.0171 41.6704 10.8241 12.2717 3.95678 3.96183 293.441 11.5587 0.025841 305 0 
0.6 0.0979167 0.170833 21.5221 37.5492 13.4967 16.9488 9.4354 9.5253 289.789 15.2117 0.454502 305 0 
0.7 0.102083 0.135417 22.4379 29.7646 16.2138 20.6459 12.1138 12.3247 286.636 18.3661 1.05447 305 0 
0.8 0.1125 0.132292 24.7275 29.0777 19.1982 24.1425 13.5139 13.8726 283.476 21.5299 1.7737 305 0 
0.9 0.105208 0.15 23.1248 32.97 21.7595 27.7283 16.3141 16.8384 280.508 24.5035 2.56526 305 0 
1 0.0864583 0.153125 19.0035 33.6569 23.853 31.4031 20.6361 21.3542 277.78 27.242 3.47974 305 0 
1.1 0.0916667 0.139583 20.1483 30.6804 26.2361 35.2116 24.532 25.5056 274.936 30.1037 4.66934 305 0 
1.2 0.096875 0.135417 21.2931 29.7646 28.8196 38.8196 27.3322 28.6011 272.175 32.8913 6.02408 305 0 
1.3 0.0885417 0.141667 19.4615 31.1383 31.2027 42.5612 31.0455 32.6447 269.537 35.5681 7.51851 305 0 
1.4 0.0885417 0.142708 19.4615 31.3673 33.5412 46.392 35.124 37.1004 267.003 38.1558 9.20337 305 0 
1.5 0.0916667 0.14375 20.1483 31.5963 35.5011 49.4655 38.1677 40.484 265.038 40.1779 10.7066 305 0 
1.6 0.0947917 0.134375 20.8352 29.5356 37.7728 52.7171 40.8461 43.5642 262.984 42.3118 12.4648 305 0 
1.7 0.09375 0.132292 20.6063 29.0777 40.3118 56.2584 43.5854 46.7758 260.837 44.5668 14.5091 305 0 
1.8 0.0916667 0.142708 20.1483 31.3673 42.2717 59.3096 46.5682 50.1725 259.173 46.3388 16.2845 305 0 
1.9 0.0854167 0.1375 18.7746 30.2225 44.3653 62.6503 49.9772 54.0576 257.502 48.1502 18.3139 305 0 
2 0.0875 0.134375 19.2325 29.5356 46.6815 66.2361 53.447 58.0747 255.851 49.9818 20.6319 305 0 
2.1 0.0979167 0.135417 21.5221 29.7646 48.7751 69.1314 55.6384 60.7489 254.579 51.4316 22.6655 305 0 
2.2 0.0864583 0.135417 19.0035 29.7646 50.8686 72.4053 58.8647 64.5136 253.343 52.8861 24.9245 305 0 
2.3 0.078125 0.135417 17.1719 29.7646 52.7394 75.657 62.6389 68.8214 252.326 54.1401 27.161 305 0 
2.4 0.0875 0.132292 19.2325 29.0777 54.8107 78.8419 65.6825 72.4298 251.452 55.2882 29.5283 305 0 
2.5 0.0916667 0.135417 20.1483 29.7646 57.2383 82.4276 68.848 76.257 250.637 56.4532 32.3039 305 0 
2.6 0.090625 0.144792 19.9194 31.8252 59.3987 85.902 72.4395 80.481 250.067 57.3897 34.9644 305 0 
2.7 0.0875 0.139583 19.2325 30.6804 61.5145 89.2873 75.9093 84.5771 249.707 58.1423 37.6131 305 0 
2.8 0.0916667 0.136458 20.1483 29.9935 63.4744 92.2049 78.5268 87.7541 249.542 58.6842 39.9939 305 0 
2.9 0.0885417 0.132292 19.4615 29.0777 65.6347 95.3898 81.327 91.1689 249.514 59.154 42.6281 305 0 
3 0.0864583 0.136458 19.0035 29.9935 67.7283 98.6414 84.4924 94.948 249.655 59.4862 45.283 305 0 
3.1 0.090625 0.14375 19.9194 31.5963 69.9109 102.071 87.9014 98.9969 249.994 59.6747 48.0861 305 0 
3.2 0.08125 0.129167 17.8587 28.3908 72.1604 105.59 91.3712 103.116 250.545 59.6953 50.9734 305 0 
3.3 0.0916667 0.139583 20.1483 30.6804 74.6102 109.287 94.7801 107.203 251.347 59.5328 54.0461 305 0 
3.4 0.09375 0.14375 20.6063 31.5963 77.1492 113.118 98.3107 111.419 252.398 59.172 57.214 305 0 
3.5 0.090625 0.136458 19.9194 29.9935 79.3541 116.414 101.294 114.976 253.48 58.7056 59.9279 305 0 
3.6 0.0895833 0.13125 19.6904 28.8487 81.5145 119.577 104.033 118.253 254.672 58.1238 62.5282 305 0 
3.7 0.090625 0.135417 19.9194 29.7646 83.6971 122.829 106.955 121.704 256.028 57.3996 65.1504 305 0 
3.8 0.0958333 0.145833 21.0642 32.0542 85.7461 125.947 109.877 125.109 257.45 56.5849 67.6052 305 0 
3.9 0.0875 0.145833 19.2325 32.0542 88.1069 129.866 114.138 129.923 259.362 55.4098 70.5209 305 0 
4 0.084375 0.132292 18.5456 29.0777 90.1336 133.074 117.364 133.581 261.104 54.2739 72.8818 305 0 
4.1 0.0864583 0.130208 19.0035 28.6198 92.2272 136.192 120.164 136.784 262.952 53.021 75.17 305 0 
4.2 0.0885417 0.1375 19.4615 30.2225 94.1203 139.131 123.025 139.994 264.759 51.7557 77.2321 305 0 
4.3 0.0895833 0.14375 19.6904 31.5963 96.0356 142.205 126.191 143.494 266.718 50.3396 79.2891 305 0 
4.4 0.0895833 0.1375 19.6904 30.2225 98.2183 145.546 129.356 146.997 268.988 48.6485 81.4764 305 0 
4.5 0.0875 0.130208 19.2325 28.6198 100.334 148.686 132.156 150.089 271.231 46.9331 83.4715 305 0 
4.6 0.0875 0.133333 19.2325 29.3067 102.45 151.893 135.139 153.338 273.575 45.0962 85.4017 305 0 
4.7 0.09375 0.142708 20.6063 31.3673 104.454 154.944 138 156.424 275.865 43.2604 87.1438 305 0 
4.8 0.09375 0.140625 20.6063 30.9094 106.971 158.708 141.409 160.075 278.784 40.8651 89.1799 305 0 
4.9 0.0895833 0.134375 19.6904 29.5356 108.886 161.581 144.027 162.849 281.055 38.9597 90.6343 305 0 
5 0.0854167 0.13125 18.7746 28.8487 110.958 164.744 147.01 165.976 283.578 36.8019 92.1204 305 0 
5.1 0.0875 0.135417 19.2325 29.7646 113.274 168.352 150.54 169.633 286.475 34.2681 93.661 305 0 
5.2 0.0875 0.145833 19.2325 32.0542 115.145 171.47 153.949 173.117 288.944 32.0598 94.8269 305 0 
5.3 0.0885417 0.1375 19.4615 30.2225 117.305 174.811 157.175 176.394 291.686 29.5543 95.9696 305 0 
5.4 0.09375 0.132292 20.6063 29.0777 119.555 177.996 159.732 178.973 294.404 27.0255 96.9722 305 0 
5.5 0.0864583 0.135417 19.0035 29.7646 121.893 181.581 163.141 182.376 297.369 24.2156 97.9203 305 0 
5.6 0.0875 0.138542 19.2325 30.4515 123.987 184.9 166.489 185.689 300.072 21.6022 98.6337 305 0 
5.7 0.09375 0.1375 20.6063 30.2225 126.236 188.218 169.411 188.546 302.838 18.8773 99.2196 305 0 
5.8 0.0958333 0.136458 21.0642 29.9935 128.552 191.492 172.029 191.074 305.596 16.1162 99.6751 305 0 
5.9 0.0895833 0.140625 19.6904 30.9094 130.468 194.499 175.011 193.958 308.002 13.6685 99.9569 305 0 
6 0.0895833 0.141667 19.6904 31.1383 132.383 197.528 178.055 196.881 310.389 11.1982 100.11 305 0 
6.1 0.084375 0.134375 18.5456 29.5356 134.432 200.802 181.403 200.074 312.918 8.53383 100.127 305 0 
6.2 0.0791667 0.123958 17.4008 27.246 136.548 204.143 184.751 203.239 315.458 5.80617 99.985 305 0 
6.3 0.0875 0.132292 19.2325 29.0777 138.842 207.639 188.038 206.307 318.092 2.92507 99.6669 305 0 
6.4 0.090625 0.142708 19.9194 31.3673 141.314 211.425 191.63 209.636 320.862 -0.162428 99.1371 305 0 
6.5 0.0916667 0.139583 20.1483 30.6804 143.519 214.811 194.856 212.606 323.26 -2.88739 98.5007 305 0 
6.6 0.090625 0.129167 19.9194 28.3908 145.702 217.951 197.474 214.962 325.477 -5.44794 97.7633 305 0 
6.7 0.0875 0.134375 19.2325 29.5356 147.84 221.18 200.457 217.667 327.646 -7.99047 96.8946 305 0 
6.8 0.0854167 0.136458 18.7746 29.9935 149.889 224.477 203.865 220.781 329.722 -10.4702 95.8898 305 0 
6.9 0.084375 0.136458 18.5456 29.9935 151.915 227.773 207.335 223.94 331.694 -12.8752 94.7429 305 0 
7 0.0947917 0.14375 20.8352 31.5963 153.942 230.846 210.196 226.49 333.496 -15.1155 93.5184 305 0 
7.1 0.0916667 0.134375 20.1483 29.5356 156.392 234.477 213.423 229.33 335.541 -17.7049 91.919 305 0 
7.2 0.078125 0.132292 17.1719 29.0777 158.307 237.661 216.892 232.462 337.155 -19.7949 90.4529 305 0 
7.3 0.08125 0.134375 17.8587 29.5356 160.223 240.891 220.484 235.701 338.67 -21.8082 88.8471 305 0 
7.4 0.0958333 0.136458 21.0642 29.9935 162.272 243.808 222.858 237.724 340.039 -23.6686 87.1977 305 0 
7.5 0.09375 0.136458 20.6063 29.9935 164.543 247.105 225.658 240.123 341.483 -25.6687 85.2565 305 0 
7.6 0.0875 0.140625 19.2325 30.9094 166.414 250.111 228.763 242.869 342.652 -27.3308 83.4681 305 0 
7.7 0.0864583 0.135417 19.0035 29.7646 168.731 253.764 232.415 246.071 343.946 -29.2324 81.1636 305 0 
7.8 0.0875 0.130208 19.2325 28.6198 170.824 256.904 235.276 248.53 344.962 -30.7824 79.0514 305 0 
7.9 0.0854167 0.132292 18.7746 29.0777 172.873 260.067 238.32 251.168 345.866 -32.2155 76.8715 305 0 
8 0.0895833 0.141667 19.6904 31.1383 174.788 263.096 241.364 253.821 346.616 -33.4635 74.7341 305 0 
8.1 0.0916667 0.139583 20.1483 30.6804 177.016 266.481 244.529 256.538 347.341 -34.7467 72.2349 305 0 
8.2 0.0916667 0.133333 20.1483 29.3067 178.975 269.332 246.964 258.585 347.865 -35.7407 70.0414 305 0 
8.3 0.0864583 0.133333 19.0035 29.3067 181.069 272.539 250.008 261.199 348.337 -36.7192 67.575 305 0 
8.4 0.0875 0.135417 19.2325 29.7646 182.94 275.434 252.808 263.61 348.657 -37.4849 65.3153 305 0 
8.5 0.08125 0.141667 17.8587 31.1383 184.677 278.463 256.338 266.75 348.863 -38.1247 63.017 305 0 
8.6 0.090625 0.136458 19.9194 29.9935 187.082 282.138 259.808 269.72 348.964 -38.7605 60.0407 305 0 
8.7 0.0958333 0.132292 21.0642 29.0777 189.644 285.679 262.487 271.897 348.929 -39.2376 57.0233 305 0 
8.8 0.0885417 0.132292 19.4615 29.0777 192.049 289.198 265.53 274.454 348.771 -39.554 54.0747 305 0 
8.9 0.0802083 0.135417 17.6298 29.7646 193.987 292.45 269.122 277.621 348.505 -39.6813 51.4803 305 0 
9 0.084375 0.1375 18.5456 30.2225 195.991 295.746 272.652 280.72 348.088 -39.6466 48.8273 305 0 
9.1 0.101042 0.142708 22.209 31.3673 198.151 298.797 275.087 282.734 347.564 -39.4768 46.2239 305 0 
9.2 0.0885417 0.141667 19.4615 31.1383 200.579 302.606 278.862 286.009 346.797 -39.1054 43.1246 305 0 
9.3 0.0802083 0.1375 17.6298 30.2225 202.539 305.902 282.514 289.246 346.007 -38.6239 40.5381 305 0 
9.4 0.0875 0.129167 19.2325 28.3908 204.633 309.02 285.314 291.64 345.102 -38.0029 38.0042 305 0 
9.5 0.0927083 0.13125 20.3773 28.8487 207.105 312.494 288.053 293.922 343.956 -37.1556 35.1506 305 0 
9.6 0.0895833 0.141667 19.6904 31.1383 209.265 315.902 291.462 296.91 342.767 -36.2201 32.5252 305 0 
9.7 0.0875 0.139583 19.2325 30.6804 211.359 319.265 294.932 299.977 341.472 -35.1508 30.0119 305 0 
9.8 0.0875 0.135417 19.2325 29.7646 213.452 322.539 298.159 302.817 340.079 -33.9563 27.6052 305 0 
9.9 0.0895833 0.132292 19.6904 29.0777 215.612 325.724 300.959 305.242 338.587 -32.6425 25.2742 305 0 
10 0.0927083 0.138542 20.3773 30.4515 217.595 328.686 303.637 307.582 337.123 -31.3256 23.1786 305 0 
10.1 0.09375 0.138542 20.6063 30.4515 219.866 332.027 306.559 310.13 335.367 -29.7165 20.8756 305 0 
10.2 0.0854167 0.142708 18.7746 31.3673 221.693 335.078 309.907 313.164 333.749 -28.2107 18.9537 305 0 
10.3 0.08125 0.1375 17.8587 30.2225 223.831 338.775 314.168 317.069 331.686 -26.261 16.7791 305 0 
10.4 0.0885417 0.13125 19.4615 28.8487 226.147 342.249 317.334 319.901 329.521 -24.1904 14.7507 305 0 
10.5 0.0885417 0.13125 19.4615 28.8487 228.508 345.724 320.377 322.624 327.247 -21.9962 12.8226 305 0 
10.6 0.0916667 0.142708 20.1483 31.3673 230.468 348.775 323.36 325.347 325.223 -20.0274 11.2681 305 0 
10.7 0.0958333 0.139583 21.0642 30.6804 232.784 352.138 326.221 327.93 322.853 -17.7093 9.62232 305 0 
10.8 0.0947917 0.13125 20.8352 28.8487 235.078 355.301 328.595 330.052 320.516 -15.4122 8.14431 305 0 
10.9 0.0833333 0.135417 18.3167 29.7646 237.105 358.552 331.943 333.173 318.195 -13.1216 6.82729 305 0 
11 0.0854167 0.140625 18.7746 30.9094 239.154 361.938 335.596 336.616 315.735 -10.6852 5.61783 305 0 
11.1 0.0927083 0.139583 20.3773 30.6804 241.359 365.323 338.822 339.651 313.141 -8.1086 4.52616 305 0 
11.2 0.071875 0.1125 15.7981 24.7275 243.408 368.486 341.866 342.538 310.676 -5.65448 3.64124 305 0 
11.3 0.0427083 0.071875 9.38729 15.7981 244.811 370.824 344.422 344.996 308.879 -3.86357 3.09267 305 0 
11.4 0.0375 0.0354167 8.2425 7.78458 245.924 372.004 344.605 345.123 307.77 -2.75775 2.78266 305 0 
11.5 0.00729167 0.00416667 1.60271 0.915833 246.147 372.183 344.483 344.992 307.577 -2.56447 2.72858 305 0 
11.6 0 0 0 0 246.147 372.183 344.483 344.992 307.577 -2.56447 2.72858 305 0 
11.7 0 0 0 0 246.147 372.183 344.483 344.992 307.577 -2.56447 2.72858 305 0 
11.8 0 0 0 0 246.147 372.183 344.483 344.992 307.577 -2.56447 2.72858 305 0 
11.9 0 0 0 0 246.147 372.183 344.483 344.992 307.577 -2.56447 2.72858 305 0 
12 0 0 0 0 246.147 372.183 344.483 344.992 307.577 -2.56447 2.72858 305 0 
