0 0 0 0 0 0 0 0 0 0 0 0 0 0
0.1 0 0 0 0 0 -0.0222717 -0.0608735 -0.0608724 305.011 -0.01115 5.92012e-06 305 0 
0.2 0.0583333 0.0458333 12.8217 10.0742 1.29176 0.957684 -0.913103 -0.914924 303.874 1.1261 -0.00965551 305 0 
0.3 0.116667 0.1125 25.6433 24.7275 3.78619 3.36303 -1.1566 -1.16685 301.421 3.5787 -0.0539356 305 0 
0.4 0.152083 0.167708 33.4279 36.8623 7.43875 7.32739 -0.304368 -0.324116 297.608 7.39165 -0.102526 305 0 
0.5 0.127083 0.189583 27.9329 41.6704 10.9577 12.3608 3.83503 3.84075 293.33 11.6703 0.0292773 305 0 
0.6 0.0989583 0.169792 21.751 37.3202 13.6526 17.0156 9.1919 9.28022 289.676 15.3247 0.446305 305 0 
0.7 0.0979167 0.130208 21.5221 28.6198 16.2138 20.6236 12.053 12.256 286.642 18.3601 1.01529 305 0 
0.8 0.111458 0.140625 24.4985 30.9094 18.8864 23.9866 13.94 14.2824 283.701 21.3043 1.69447 305 0 
0.9 0.104167 0.160417 22.8958 35.2596 21.7372 28.2183 17.7142 18.2584 280.298 24.7151 2.66085 305 0 
1 0.0895833 0.15 19.6904 32.97 23.9198 31.8708 21.7318 22.4849 277.559 27.4646 3.64603 305 0 
1.1 0.0895833 0.132292 19.6904 29.0777 26.2806 35.4566 25.0799 26.0869 274.846 30.1966 4.82791 305 0 
1.2 0.0958333 0.13125 21.0642 28.8487 28.5969 38.5969 27.3322 28.602 272.419 32.6476 6.0336 305 0 
1.3 0.090625 0.141667 19.9194 31.1383 30.8018 42.0267 30.6803 32.2518 269.987 35.1147 7.40067 305 0 
1.4 0.0854167 0.144792 18.7746 31.8252 33.0958 45.9243 35.0631 37.0102 267.436 37.718 9.08189 305 0 
1.5 0.0916667 0.1375 20.1483 30.2225 35.5457 49.6437 38.5329 40.8979 265.034 40.1914 10.9308 305 0 
1.6 0.0916667 0.135417 20.1483 29.7646 37.9955 53.2517 41.6984 44.5098 262.805 42.5111 12.8839 305 0 
1.7 0.0958333 0.139583 21.0642 30.6804 40.0445 56.2361 44.2551 47.4629 261.053 44.3552 14.6009 305 0 
1.8 0.0916667 0.140625 20.1483 30.9094 42.2717 59.6214 47.4205 51.0974 259.22 46.3134 16.6155 305 0 
1.9 0.0854167 0.1375 18.7746 30.2225 44.3653 62.9621 50.8294 54.9884 257.583 48.0944 18.6716 305 0 
2 0.0833333 0.129167 18.3167 28.3908 46.3697 66.1024 53.9339 58.5736 256.171 49.6673 20.7107 305 0 
2.1 0.09375 0.134375 20.6063 29.5356 48.5969 69.3318 56.6732 61.8446 254.813 51.2233 22.9558 305 0 
2.2 0.0916667 0.142708 20.1483 31.3673 51.069 73.118 60.2648 66.0709 253.436 52.8629 25.625 305 0 
2.3 0.0833333 0.145833 18.3167 32.0542 53.0958 76.637 64.3433 70.7342 252.413 54.1544 28.0821 305 0 
2.4 0.0854167 0.126042 18.7746 27.704 55.167 79.755 67.2044 74.1585 251.628 55.2217 30.4503 305 0 
2.5 0.09375 0.1375 20.6063 30.2225 57.4388 83.0512 70.0045 77.5752 250.945 56.24 33.0449 305 0 
2.6 0.0885417 0.1375 19.4615 30.2225 59.8441 86.7483 73.5352 81.793 250.396 57.1975 35.9456 305 0 
2.7 0.0885417 0.135417 19.4615 29.7646 61.9822 90.0223 76.6398 85.5143 250.095 57.8964 38.563 305 0 
2.8 0.0958333 0.138542 21.0642 30.4515 64.0312 92.9844 79.1356 88.5845 249.964 58.4244 41.0153 305 0 
2.9 0.090625 0.1375 19.9194 30.2225 66.2138 96.3029 82.2401 92.3205 249.983 58.872 43.7324 305 0 
3 0.0833333 0.1375 18.3167 30.2225 68.2183 99.6437 85.8925 96.5844 250.189 59.1505 46.3934 305 0 
3.1 0.090625 0.138542 19.9194 30.4515 70.3786 102.962 89.058 100.371 250.59 59.2735 49.1332 305 0 
3.2 0.0895833 0.135417 19.6904 29.7646 72.539 106.236 92.1016 104.022 251.163 59.2481 51.8534 305 0 
3.3 0.0864583 0.1375 19.0035 30.2225 74.3875 109.176 95.0844 107.531 251.812 59.0999 54.2458 305 0 
3.4 0.0895833 0.1375 19.6904 30.2225 76.5479 112.494 98.2499 111.284 252.721 58.7838 56.9701 305 0 
3.5 0.0927083 0.140625 20.3773 30.9094 78.5301 115.501 101.05 114.605 253.692 58.3673 59.4324 305 0 
3.6 0.0895833 0.140625 19.6904 30.9094 80.9577 119.287 104.763 118.945 255.091 57.6754 62.4648 305 0 
3.7 0.0885417 0.136458 19.4615 29.9935 82.8508 122.205 107.564 122.21 256.314 57.0072 64.7784 305 0 
3.8 0.0916667 0.1375 20.1483 30.2225 84.8107 125.145 110.242 125.344 257.675 56.2148 67.0996 305 0 
3.9 0.0927083 0.1375 20.3773 30.2225 86.7929 128.085 112.86 128.399 259.151 55.312 69.3922 305 0 
4 0.0895833 0.134375 19.6904 29.5356 88.7082 130.958 115.477 131.422 260.687 54.3328 71.5802 305 0 
4.1 0.0864583 0.135417 19.0035 29.7646 90.7795 134.209 118.703 135.074 262.51 53.1219 73.9536 305 0 
4.2 0.0895833 0.135417 19.6904 29.7646 92.9399 137.461 121.686 138.461 264.482 51.7618 76.2966 305 0 
4.3 0.0916667 0.142708 20.1483 31.3673 94.8998 140.512 124.669 141.792 266.405 50.3914 78.3976 305 0 
4.4 0.0875 0.1375 19.2325 30.2225 97.2606 144.209 128.321 145.829 268.85 48.5907 80.8373 305 0 
4.5 0.0822917 0.132292 18.0877 29.0777 99.4877 147.773 131.974 149.809 271.301 46.7244 83.0551 305 0 
4.6 0.0895833 0.134375 19.6904 29.5356 101.849 151.359 135.322 153.456 273.919 44.6724 85.2114 305 0 
4.7 0.0927083 0.1375 20.3773 30.2225 104.098 154.655 138.183 156.562 276.433 42.6526 87.1158 305 0 
4.8 0.096875 0.141667 21.2931 31.1383 106.414 158.085 141.227 159.827 279.102 40.461 88.9788 305 0 
4.9 0.0895833 0.141667 19.6904 31.1383 108.864 161.871 144.879 163.68 282.065 37.9688 90.8582 305 0 
5 0.08125 0.133333 17.8587 29.3067 110.824 165.078 148.288 167.221 284.568 35.8118 92.2854 305 0 
5.1 0.0916667 0.129167 20.1483 28.3908 113.229 168.508 151.088 170.137 287.431 33.292 93.763 305 0 
5.2 0.0875 0.136458 19.2325 29.9935 115.59 172.116 154.497 173.63 290.388 30.6367 95.1326 305 0 
5.3 0.0791667 0.136458 17.4008 29.9935 117.728 175.746 158.576 177.752 293.267 27.9898 96.2859 305 0 
5.4 0.0875 0.134375 19.2325 29.5356 119.822 178.975 161.68 180.864 295.931 25.4852 97.1952 305 0 
5.5 0.0927083 0.136458 20.3773 29.9935 122.049 182.249 164.541 183.705 298.683 22.8514 97.999 305 0 
5.6 0.0895833 0.135417 19.6904 29.7646 124.187 185.501 167.585 186.702 301.37 20.2338 98.6527 305 0 
5.7 0.0895833 0.139583 19.6904 30.6804 126.102 188.486 170.507 189.559 303.799 17.8265 99.1224 305 0 
5.8 0.09375 0.141667 20.6063 31.1383 128.107 191.514 173.307 192.271 306.274 15.3324 99.4809 305 0 
5.9 0.0895833 0.136458 19.6904 29.9935 130.29 194.833 176.411 195.254 308.95 12.5902 99.7319 305 0 
6 0.0833333 0.129167 18.3167 28.3908 132.294 197.951 179.455 198.162 311.407 10.0278 99.8284 305 0 
6.1 0.090625 0.132292 19.9194 29.0777 134.722 201.492 182.499 201.023 314.224 7.04032 99.7822 305 0 
6.2 0.0885417 0.141667 19.4615 31.1383 136.86 204.922 186.029 204.359 316.797 4.26064 99.5795 305 0 
6.3 0.0791667 0.139583 17.4008 30.6804 138.797 208.285 189.925 208.045 319.18 1.63251 99.2157 305 0 
6.4 0.0875 0.13125 19.2325 28.8487 140.891 211.47 192.908 210.796 321.483 -0.958338 98.697 305 0 
6.5 0.0916667 0.129167 20.1483 28.3908 143.341 214.9 195.587 213.198 323.983 -3.81238 97.9775 305 0 
6.6 0.0895833 0.134375 19.6904 29.5356 145.501 218.107 198.448 215.792 326.2 -6.38298 97.1957 305 0 
6.7 0.090625 0.141667 19.9194 31.1383 147.439 221.136 201.43 218.512 328.184 -8.72161 96.352 305 0 
6.8 0.0885417 0.139583 19.4615 30.6804 149.555 224.477 204.779 221.555 330.279 -11.2358 95.2847 305 0 
6.9 0.0885417 0.135417 19.4615 29.7646 151.448 227.372 207.518 224.013 332.042 -13.3894 94.2323 305 0 
7 0.084375 0.13125 18.5456 28.8487 153.497 230.535 210.562 226.738 333.878 -15.6726 92.9701 305 0 
7.1 0.090625 0.133333 19.9194 29.3067 155.902 234.098 213.727 229.523 335.876 -18.2054 91.3852 305 0 
7.2 0.0895833 0.138542 19.6904 30.4515 158.04 237.439 217.014 232.448 337.607 -20.4448 89.8019 305 0 
7.3 0.0802083 0.1375 17.6298 30.2225 159.978 240.735 220.727 235.802 339.147 -22.4876 88.1618 305 0 
7.4 0.0895833 0.136458 19.6904 29.9935 162.116 244.031 223.893 238.583 340.626 -24.5029 86.3346 305 0 
7.5 0.0895833 0.133333 19.6904 29.3067 164.276 247.238 226.754 241.054 341.981 -26.3958 84.4278 305 0 
7.6 0.0875 0.133333 19.2325 29.3067 166.392 250.445 229.737 243.642 343.223 -28.1743 82.4436 305 0 
7.7 0.09375 0.14375 20.6063 31.5963 168.396 253.519 232.659 246.181 344.306 -29.7712 80.466 305 0 
7.8 0.090625 0.1375 19.9194 30.2225 170.824 257.216 236.128 249.18 345.476 -31.5613 77.9771 305 0 
7.9 0.0854167 0.130208 18.7746 28.6198 172.895 260.356 239.05 251.694 346.355 -32.9642 75.7776 305 0 
8 0.0875 0.13125 19.2325 28.8487 175.212 263.853 242.277 254.461 347.209 -34.3952 73.244 305 0 
8.1 0.0958333 0.140625 21.0642 30.9094 177.261 266.86 244.894 256.674 347.845 -35.526 70.9798 305 0 
8.2 0.0760417 0.119792 16.714 26.3302 179.376 270.2 248.242 259.583 348.413 -36.6176 68.4761 305 0 
8.3 0.0885417 0.146875 19.4615 32.2831 181.693 274.076 252.503 263.34 348.88 -37.665 65.5595 305 0 
8.4 0.0958333 0.148958 21.0642 32.741 184.254 278.085 256.46 266.759 349.172 -38.552 62.3928 305 0 
8.5 0.0885417 0.13125 19.4615 28.8487 186.637 281.648 259.686 269.497 349.276 -39.1738 59.4818 305 0 
8.6 0.084375 0.126042 18.5456 27.704 188.886 284.967 262.608 271.961 349.247 -39.6091 56.7288 305 0 
8.7 0.0958333 0.139583 21.0642 30.6804 191.381 288.619 265.774 274.622 349.078 -39.9277 53.6683 305 0 
8.8 0.090625 0.14375 19.9194 31.5963 193.808 292.494 269.731 278.064 348.737 -40.0589 50.5162 305 0 
8.9 0.08125 0.1375 17.8587 30.2225 195.991 296.192 273.87 281.726 348.238 -39.9735 47.5745 305 0 
9 0.0895833 0.13125 19.6904 28.8487 198.33 299.71 277.096 284.481 347.581 -39.7004 44.6552 305 0 
9.1 0.0895833 0.135417 19.6904 29.7646 200.735 303.274 280.262 287.172 346.773 -39.2569 41.7005 305 0 
9.2 0.0875 0.145833 19.2325 32.0542 202.606 306.392 283.671 290.189 345.979 -38.7452 39.2562 305 0 
9.3 0.0864583 0.142708 19.0035 31.3673 204.677 309.844 287.445 293.537 344.957 -38.0104 36.5909 305 0 
9.4 0.084375 0.134375 18.5456 29.5356 206.481 312.739 290.428 296.164 343.974 -37.2527 34.3639 305 0 
9.5 0.0885417 0.13125 19.4615 28.8487 208.842 316.236 293.532 298.834 342.627 -36.1623 31.6421 305 0 
9.6 0.09375 0.133333 20.6063 29.3067 211.114 319.443 296.089 300.991 341.265 -35.0179 29.1496 305 0 
9.7 0.0927083 0.1375 20.3773 30.2225 213.341 322.739 299.011 303.519 339.796 -33.7456 26.6948 305 0 
9.8 0.0864583 0.139583 19.0035 30.6804 215.412 326.125 302.602 306.732 338.23 -32.353 24.3452 305 0 
9.9 0.08125 0.134375 17.8587 29.5356 217.372 329.376 306.133 309.914 336.618 -30.8862 22.188 305 0 
10 0.0895833 0.134375 19.6904 29.5356 219.532 332.65 309.177 312.608 334.83 -29.2303 20.0298 305 0 
10.1 0.0927083 0.130208 20.3773 28.6198 221.782 335.791 311.612 314.707 332.973 -27.4874 17.9701 305 0 
10.2 0.0854167 0.136458 18.7746 29.9935 223.853 339.087 314.96 317.733 331.038 -25.6507 16.0092 305 0 
10.3 0.0875 0.139583 19.2325 30.6804 225.947 342.472 318.49 320.952 328.963 -23.6593 14.1236 305 0 
10.4 0.0875 0.144792 19.2325 31.8252 227.817 345.568 321.838 324.035 326.995 -21.7548 12.5257 305 0 
10.5 0.0895833 0.139583 19.6904 30.6804 229.955 348.931 325.186 327.108 324.728 -19.5456 10.8819 305 0 
10.6 0.0947917 0.133333 20.8352 29.3067 231.982 351.782 327.439 329.131 322.658 -17.5178 9.52169 305 0 
10.7 0.0927083 0.132292 20.3773 29.0777 234.477 355.323 330.3 331.724 320.035 -14.9361 7.95216 305 0 
10.8 0.0916667 0.141667 20.1483 31.1383 236.437 358.352 333.222 334.442 317.811 -12.7395 6.76408 305 0 
10.9 0.084375 0.139583 18.5456 30.6804 238.486 361.715 336.813 337.834 315.337 -10.2874 5.61268 305 0 
11 0.0885417 0.130208 19.4615 28.6198 240.601 364.878 339.674 340.522 312.87 -7.83626 4.62596 305 0 
11.1 0.0927083 0.129167 20.3773 28.3908 242.829 367.996 342.109 342.801 310.333 -5.31054 3.7424 305 0 
11.2 0.0697917 0.1125 15.3402 24.7275 244.833 371.203 345.396 345.956 307.823 -2.80822 3.00491 305 0 
11.3 0.0427083 0.0708333 9.38729 15.5692 246.214 373.43 347.71 348.193 306.064 -1.05285 2.5795 305 0 
11.4 0.0354167 0.0375 7.78458 8.2425 247.327 374.677 348.075 348.512 304.907 0.101986 2.32804 305 0 
11.5 0.00416667 0.003125 0.915833 0.686875 247.506 374.788 347.892 348.324 304.765 0.243666 2.29743 305 0 
11.6 0 0 0 0 247.506 374.788 347.892 348.324 304.765 0.243666 2.29743 305 0 
11.7 0 0 0 0 247.506 374.788 347.892 348.324 304.765 0.243666 2.29743 305 0 
11.8 0 0 0 0 247.506 374.788 347.892 348.324 304.765 0.243666 2.29743 305 0 
11.9 0 0 0 0 247.506 374.788 347.892 348.324 304.765 0.243666 2.29743 305 0 
12 0 0 0 0 247.506 374.788 347.892 348.324 304.765 0.243666 2.29743 305 0 
