0 0 0 0 0 0 0 0 0 0 0 0 0 0
0.1 0 0 0 0 0 0 0 0 305 0 0 305 0 
0.2 0.0895833 0.078125 19.6904 17.1719 1.95991 1.67038 -0.791356 -0.793728 303.183 1.81739 -0.0125445 305 0 
0.3 0.166667 0.176042 36.6333 38.694 5.52339 5.45657 -0.182621 -0.191004 299.503 5.49674 -0.0438022 305 0 
0.4 0.219792 0.229167 48.3102 50.3708 10.245 10.3786 0.365241 0.358216 294.675 10.3247 -0.036112 305 0 
0.5 0.270833 0.278125 59.5292 61.1319 16.0356 16.3252 0.791356 0.795954 288.8 16.2004 0.023165 305 0 
0.6 0.278125 0.282292 61.1319 62.0477 23.5412 23.9644 1.1566 1.18758 281.219 23.7813 0.15198 305 0 
0.7 0.254167 0.257292 55.8658 56.5527 30.4232 30.98 1.52184 1.58757 274.263 30.737 0.314508 305 0 
0.8 0.24375 0.241667 53.5762 53.1183 36.9933 37.4833 1.33922 1.44153 267.72 37.28 0.477821 305 0 
0.9 0.254167 0.246875 55.8658 54.2631 43.7639 44.0757 0.852229 0.985244 261.032 43.9688 0.605688 305 0 
1 0.260417 0.263542 57.2396 57.9265 50.7127 51.1136 1.09572 1.25925 254.031 50.9699 0.724653 305 0 
1.1 0.259375 0.259375 57.0106 57.0106 57.706 58.1292 1.1566 1.35674 247.02 57.9819 0.862423 305 0 
1.2 0.246875 0.245833 54.2631 54.0342 62.9844 63.4076 1.1566 1.3864 241.736 63.266 0.969049 305 0 
1.3 0.214583 0.219792 47.1654 48.3102 68.9532 69.4432 1.33922 1.60669 235.728 69.2744 1.09987 305 0 
1.4 0.232292 0.234375 51.0577 51.5156 75.2561 75.7906 1.46096 1.77446 229.398 75.6057 1.25453 305 0 
1.5 0.2375 0.229167 52.2025 50.3708 81.7817 82.1604 1.03485 1.39356 222.944 82.06 1.39506 305 0 
1.6 0.25 0.247917 54.95 54.4921 87.1269 87.4833 0.973976 1.36614 217.605 87.4 1.48863 305 0 
1.7 0.245833 0.247917 54.0342 54.4921 93.853 94.2539 1.09572 1.53361 210.85 94.1558 1.6106 305 0 
1.8 0.247917 0.242708 54.4921 53.3473 99.1759 99.4432 0.730482 1.20295 205.589 99.418 1.69443 305 0 
1.9 0.276042 0.273958 60.674 60.216 105.078 105.301 0.608735 1.11487 199.703 105.305 1.7632 305 0 
2 0.25 0.254167 54.95 55.8658 111.893 112.183 0.791356 1.34037 192.847 112.161 1.84693 305 0 
2.1 0.236458 0.23125 51.9735 50.8288 118.241 118.419 0.486988 1.07613 186.549 118.461 1.91717 305 0 
2.2 0.234375 0.232292 51.5156 51.0577 124.521 124.633 0.304368 0.927674 180.295 124.716 1.96035 305 0 
2.3 0.239583 0.24375 52.6604 53.5762 129.644 129.844 0.547862 1.20217 175.122 129.889 1.99881 305 0 
2.4 0.25 0.25 54.95 54.95 135.657 135.902 0.669609 1.36906 169.08 135.932 2.06298 305 0 
2.5 0.242708 0.24375 53.3473 53.5762 142.183 142.405 0.608735 1.36189 162.559 142.455 2.13571 305 0 
2.6 0.244792 0.245833 53.8052 54.0342 147.416 147.661 0.669609 1.46924 157.309 147.706 2.19426 305 0 
2.7 0.242708 0.24375 53.3473 53.5762 152.606 152.873 0.730482 1.58145 152.104 152.913 2.25785 305 0 
2.8 0.24375 0.24375 53.5762 53.5762 157.817 158.085 0.730482 1.63762 146.888 158.13 2.32434 305 0 
2.9 0.24375 0.244792 53.5762 53.8052 163.029 163.318 0.791356 1.76006 141.661 163.359 2.39375 305 0 
3 0.24375 0.245833 53.5762 54.0342 168.241 168.597 0.973976 2.01395 136.412 168.61 2.47461 305 0 
3.1 0.238542 0.236458 52.4315 51.9735 173.987 174.298 0.852229 1.97783 130.685 174.341 2.5659 305 0 
3.2 0.235417 0.23125 51.7446 50.8288 179.666 179.911 0.669609 1.88049 125.035 179.993 2.64093 305 0 
3.3 0.235417 0.23125 51.7446 50.8288 184.699 184.855 0.426115 1.71017 120.042 184.988 2.68867 305 0 
3.4 0.227083 0.227083 49.9129 49.9129 189.555 189.71 0.426115 1.78234 115.183 189.849 2.72481 305 0 
3.5 0.235417 0.233333 51.7446 51.2867 195.857 195.947 0.243494 1.69717 108.908 196.127 2.76147 305 0 
3.6 0.2375 0.234375 52.2025 51.5156 202.227 202.227 -1.49164e-16 1.55094 102.578 202.46 2.77492 305 0 
3.7 0.239583 0.238542 52.6604 52.4315 207.35 207.35 -1.49164e-16 1.63255 97.4506 207.589 2.77492 305 0 
3.8 0.236458 0.233333 51.9735 51.2867 213.074 212.962 -0.304368 1.41972 91.7772 213.264 2.75985 305 0 
3.9 0.2375 0.229167 52.2025 50.3708 218.151 217.862 -0.791356 1.00043 86.7832 218.259 2.71211 305 0 
4 0.233333 0.227083 51.2867 49.9129 223.786 223.341 -1.21747 0.628251 81.2199 223.822 2.61463 305 0 
4.1 0.235417 0.23125 51.7446 50.8288 228.82 228.285 -1.46096 0.417949 76.2249 228.816 2.49795 305 0 
4.2 0.239583 0.2375 52.6604 52.2025 233.942 233.363 -1.58271 0.321842 71.1183 233.921 2.36239 305 0 
4.3 0.232292 0.232292 51.0577 51.0577 240.2 239.577 -1.70446 0.225213 64.8744 240.162 2.18339 305 0 
4.4 0.227083 0.228125 49.9129 50.1419 245.078 244.477 -1.64359 0.306949 59.9796 245.055 2.04047 305 0 
4.5 0.225 0.227083 49.455 49.9129 251.136 250.601 -1.46096 0.534651 53.8807 251.152 1.87534 305 0 
4.6 0.23125 0.232292 50.8288 51.0577 256.102 255.59 -1.40009 0.653122 48.8969 256.134 1.75097 305 0 
4.7 0.23125 0.234375 50.8288 51.5156 261.047 260.601 -1.21747 0.920232 43.9133 261.117 1.63719 305 0 
4.8 0.23125 0.230208 50.8288 50.5998 266.659 266.169 -1.33922 0.924015 38.3168 266.713 1.51238 305 0 
4.9 0.235417 0.229167 51.7446 50.3708 271.693 271.091 -1.64359 0.735049 33.3332 271.695 1.38273 305 0 
5 0.232292 0.227083 51.0577 49.9129 277.327 276.57 -2.0697 0.413518 27.7697 277.256 1.20256 305 0 
5.1 0.229167 0.225 50.3708 49.455 282.829 282.004 -2.25232 0.310016 22.2951 282.727 0.996228 305 0 
5.2 0.201042 0.197917 44.189 43.5021 287.817 286.949 -2.37407 0.259793 17.3223 287.696 0.795614 305 0 
5.3 0.166667 0.15 36.6333 32.97 292.984 291.626 -3.71328 -1.24237 12.3943 292.617 0.534074 305 0 
5.4 0.14375 0.116667 31.5963 25.6433 297.394 295.189 -6.02648 -4.69414 8.40801 296.594 0.1954 305 0 
5.5 0.101042 0.0760417 22.209 16.714 299.955 297.127 -7.73094 -8.42039 6.17016 298.83 -0.074207 305 0 
5.6 0.0614583 0.0395833 13.5085 8.70042 301.514 298.129 -9.25278 -12.331 4.90862 300.098 -0.263454 305 0 
5.7 0.028125 0.00625 6.18188 1.37375 302.249 298.307 -10.7746 -15.1818 4.46456 300.549 -0.342903 305 0 
5.8 0.00208333 0 0.457917 0 302.339 298.307 -11.0181 -15.5779 4.42155 300.592 -0.35133 305 0 
5.9 0 0 0 0 302.339 298.307 -11.0181 -15.5779 4.42155 300.592 -0.35133 305 0 
6 0 0 0 0 302.339 298.307 -11.0181 -15.5779 4.42155 300.592 -0.35133 305 0 
