0 0 0 0 0 0 0 0 0 0 0 0 0 0
0.1 0 0 0 0 0 0 0 0 305 0 0 305 0 
0.2 0.0916667 0.0791667 20.1483 17.4008 2.00445 1.69265 -0.852229 -0.854831 303.149 1.85083 -0.0137581 305 0 
0.3 0.167708 0.175 36.8623 38.465 5.61247 5.4343 -0.486988 -0.497849 299.47 5.53007 -0.0567371 305 0 
0.4 0.223958 0.235417 49.226 51.7446 10.4009 10.49 0.243494 0.230415 294.542 10.4583 -0.0672038 305 0 
0.5 0.270833 0.275 59.5292 60.445 16.9042 17.0824 0.486988 0.481926 287.986 17.0144 -0.0254318 305 0 
0.6 0.272917 0.277083 59.9871 60.9029 24.2539 24.5657 0.852229 0.864756 280.56 24.4398 0.0613077 305 0 
0.7 0.255208 0.254167 56.0948 55.8658 31.1359 31.4477 0.852229 0.886529 273.67 31.3297 0.163746 305 0 
0.8 0.251042 0.245833 55.179 54.0342 37.8396 38.0624 0.608735 0.662132 267.003 37.9969 0.248709 305 0 
0.9 0.253125 0.254167 55.6369 55.8658 44.6102 44.8775 0.730482 0.802778 260.202 44.7979 0.328155 305 0 
1 0.252083 0.257292 55.4079 56.5527 51.3808 51.804 1.1566 1.25639 253.346 51.6542 0.441017 305 0 
1.1 0.253125 0.25 55.6369 54.95 57.5056 57.8396 0.913103 1.04083 247.26 57.7411 0.550912 305 0 
1.2 0.254167 0.248958 55.8658 54.721 64.2539 64.4766 0.608735 0.761213 240.559 64.4417 0.639859 305 0 
1.3 0.258333 0.258333 56.7817 56.7817 69.7773 70 0.608735 0.779124 235.029 69.9717 0.698585 305 0 
1.4 0.254167 0.253125 55.8658 55.6369 76.5924 76.7929 0.547862 0.740599 228.217 76.784 0.767311 305 0 
1.5 0.240625 0.241667 52.8894 53.1183 81.7372 81.9822 0.669609 0.880936 223.044 81.9574 0.822248 305 0 
1.6 0.241667 0.235417 53.1183 51.7446 88.1292 88.2405 0.304368 0.536102 216.711 88.2903 0.87605 305 0 
1.7 0.246875 0.245833 54.2631 54.0342 93.4076 93.4967 0.243494 0.487842 211.438 93.5642 0.901252 305 0 
1.8 0.251042 0.25 55.179 54.95 100.156 100.223 0.182621 0.442042 204.692 100.31 0.926323 305 0 
1.9 0.255208 0.254167 56.0948 55.8658 105.612 105.657 0.121747 0.392432 199.24 105.762 0.940798 305 0 
2 0.239583 0.240625 52.6604 52.8894 112.116 112.183 0.182621 0.467618 192.717 112.285 0.958114 305 0 
2.1 0.233333 0.233333 51.2867 51.2867 118.352 118.463 0.304368 0.607126 186.451 118.551 0.984731 305 0 
2.2 0.241667 0.241667 53.1183 53.1183 123.519 123.63 0.304368 0.624453 181.278 123.725 1.0122 305 0 
2.3 0.244792 0.247917 53.8052 54.4921 128.753 128.931 0.486988 0.828521 176.005 128.999 1.0486 305 0 
2.4 0.242708 0.242708 53.3473 53.3473 135.301 135.434 0.365241 0.736369 169.471 135.532 1.09717 305 0 
2.5 0.24375 0.241667 53.5762 53.1183 140.512 140.601 0.243494 0.635987 164.276 140.728 1.12476 305 0 
2.6 0.245833 0.239583 54.0342 52.6604 145.768 145.746 -0.0608735 0.347457 159.069 145.935 1.13305 305 0 
2.7 0.245833 0.241667 54.0342 53.1183 151.025 150.935 -0.243494 0.173543 153.84 151.164 1.11917 305 0 
2.8 0.239583 0.239583 52.6604 52.6604 156.815 156.704 -0.304368 0.118263 148.053 156.951 1.09152 305 0 
2.9 0.239583 0.239583 52.6604 52.6604 161.938 161.826 -0.304368 0.122507 142.924 162.08 1.06428 305 0 
3 0.2375 0.239583 52.2025 52.6604 167.016 166.949 -0.182621 0.251049 137.817 167.187 1.04259 305 0 
3.1 0.233333 0.241667 51.2867 53.1183 172.027 172.116 0.243494 0.694982 132.722 172.282 1.0453 305 0 
3.2 0.23125 0.235417 50.8288 51.7446 177.639 177.817 0.486988 0.974884 127.058 177.946 1.08139 305 0 
3.3 0.2375 0.238542 52.2025 52.4315 182.717 182.94 0.608735 1.14 121.952 183.053 1.13019 305 0 
3.4 0.2375 0.234375 52.2025 51.5156 187.795 187.951 0.426115 1.00269 116.902 188.104 1.17578 305 0 
3.5 0.238542 0.240625 52.4315 52.8894 192.895 193.118 0.608735 1.23562 111.763 193.244 1.22218 305 0 
3.6 0.236458 0.2375 51.9735 52.2025 199.287 199.465 0.486988 1.18496 105.387 199.621 1.28313 305 0 
3.7 0.232292 0.23125 51.0577 50.8288 204.254 204.432 0.486988 1.24364 100.415 204.594 1.32538 305 0 
3.8 0.226042 0.227083 49.684 49.9129 209.71 209.889 0.486988 1.31519 94.9528 210.057 1.37179 305 0 
3.9 0.225 0.220833 49.455 48.5392 215.145 215.234 0.243494 1.14361 89.5574 215.454 1.40617 305 0 
4 0.223958 0.225 49.226 49.455 220.535 220.624 0.243494 1.21693 84.162 220.85 1.4291 305 0 
4.1 0.23125 0.234375 50.8288 51.5156 225.479 225.635 0.426115 1.4819 79.1793 225.834 1.4582 305 0 
4.2 0.229167 0.228125 50.3708 50.1419 231.002 231.158 0.426115 1.59316 73.6509 231.364 1.49931 305 0 
4.3 0.235417 0.229167 51.7446 50.3708 236.036 236.058 0.0608735 1.33004 68.6796 236.337 1.52044 305 0 
4.4 0.227083 0.223958 49.9129 49.226 241.514 241.47 -0.121747 1.25423 63.2286 241.79 1.51754 305 0 
4.5 0.229167 0.225 50.3708 49.455 247.661 247.506 -0.426115 1.06751 57.1308 247.889 1.4884 305 0 
4.6 0.229167 0.232292 50.3708 51.0577 252.561 252.472 -0.243494 1.35979 52.1925 252.828 1.45955 305 0 
4.7 0.229167 0.229167 50.3708 50.3708 258.085 257.996 -0.243494 1.52093 46.6638 258.358 1.43606 305 0 
4.8 0.23125 0.23125 50.8288 50.8288 263.029 262.94 -0.243494 1.70141 41.7152 263.309 1.41503 305 0 
4.9 0.2375 0.232292 52.2025 51.0577 268.107 267.906 -0.547862 1.60935 36.6886 268.337 1.38032 305 0 
5 0.23125 0.227083 50.8288 49.9129 273.675 273.408 -0.730482 1.69677 31.1494 273.879 1.31853 305 0 
5.1 0.228125 0.229167 50.1419 50.3708 278.552 278.307 -0.669609 2.07958 26.2572 278.773 1.25876 305 0 
5.2 0.196875 0.196875 43.2731 43.2731 284.053 283.808 -0.669609 2.63139 20.7536 284.281 1.19442 305 0 
5.3 0.169792 0.152083 37.3202 33.4279 289.22 288.486 -2.00883 1.90284 15.8292 289.208 1.0793 305 0 
5.4 0.148958 0.116667 32.741 25.6433 293.742 292.094 -4.50464 -0.36635 11.7602 293.27 0.848232 305 0 
5.5 0.108333 0.0760417 23.8117 16.714 296.481 294.009 -6.75696 -2.9874 9.43096 295.589 0.619713 305 0 
5.6 0.0677083 0.0395833 14.8823 8.70042 298.196 295.033 -8.64404 -5.54253 8.06334 296.948 0.436047 305 0 
5.7 0.0322917 0.00625 7.09771 1.37375 299.042 295.212 -10.4702 -7.80613 7.55393 297.454 0.350936 305 0 
5.8 0.00104167 0 0.228958 0 299.109 295.212 -10.6529 -8.02376 7.5208 297.487 0.344807 305 0 
5.9 0 0 0 0 299.109 295.212 -10.6529 -8.02376 7.5208 297.487 0.344807 305 0 
6 0 0 0 0 299.109 295.212 -10.6529 -8.02376 7.5208 297.487 0.344807 305 0 
