0 0 0 0 0 0 0 0 0 0 0 0 0 0
0.1 0 0 0 0 0.0222717 0.0222717 0 0 304.978 0.0223 0 305 0 
0.2 0.01875 0.0333333 4.12125 7.32667 0.423163 0.734967 0.852229 0.85301 304.42 0.579779 0.00414401 305 0 
0.3 0.0354167 0.08125 7.78458 17.8587 1.1804 2.47216 3.53066 3.54047 303.172 1.82755 0.0518679 305 0 
0.4 0.0520833 0.113542 11.4479 24.9565 2.29399 4.89978 7.1222 7.16335 301.408 3.59247 0.216331 305 0 
0.5 0.075 0.145833 16.485 32.0542 3.89755 8.01782 11.2616 11.3754 299.075 5.92544 0.593657 305 0 
0.6 0.09375 0.164583 20.6063 36.1754 5.902 11.5367 15.401 15.6391 296.387 8.61561 1.2308 305 0 
0.7 0.104167 0.178125 22.8958 39.1519 8.12918 15.3452 19.723 20.1413 293.512 11.4959 2.14189 305 0 
0.8 0.111458 0.1875 24.4985 41.2125 10.5122 19.3541 24.1668 24.8252 290.556 14.4636 3.33692 305 0 
0.9 0.117708 0.192708 25.8723 42.3573 13.029 23.4744 28.5497 29.5087 287.6 17.4404 4.81108 305 0 
1 0.11875 0.198958 26.1012 43.731 15.5679 27.7283 33.2369 34.557 284.717 20.3584 6.55588 305 0 
1.1 0.123958 0.205208 27.246 45.1048 18.2183 32.1158 37.9851 39.7353 281.909 23.2227 8.606 305 0 
1.2 0.128125 0.203125 28.1619 44.6469 20.9577 36.4588 42.368 44.6042 279.281 25.932 10.892 305 0 
1.3 0.128125 0.208333 28.1619 45.7917 23.6971 40.9131 47.0552 49.8361 276.834 28.4916 13.424 305 0 
1.4 0.134375 0.208333 29.5356 45.7917 26.5702 45.3675 51.3773 54.7612 274.59 30.8885 16.1999 305 0 
1.5 0.1375 0.211458 30.2225 46.4785 29.51 49.8886 55.6993 59.7411 272.568 33.1092 19.2022 305 0 
1.6 0.136458 0.2125 29.9935 46.7075 32.4276 54.4321 60.143 64.8824 270.831 35.094 22.3654 305 0 
1.7 0.134375 0.213542 29.5356 46.9365 35.3007 58.9978 64.7694 70.2389 269.408 36.8175 25.6655 305 0 
1.8 0.132292 0.209375 29.0777 46.0206 38.1292 63.4744 69.2741 75.4883 268.328 38.2469 29.0308 305 0 
1.9 0.134375 0.211458 29.5356 46.4785 41.0022 67.9955 73.7787 80.7677 267.564 39.4218 32.5402 305 0 
2 0.1375 0.215625 30.2225 47.3944 43.9421 72.6058 78.3442 86.1381 267.131 40.3345 36.2072 305 0 
2.1 0.1375 0.214583 30.2225 47.1654 46.882 77.1938 82.8489 91.4512 267.048 40.9527 39.9239 305 0 
2.2 0.141667 0.213542 31.1383 46.9365 49.9109 81.7595 87.0491 96.4652 267.308 41.2902 43.7101 305 0 
2.3 0.141667 0.216667 31.1383 47.6233 52.9399 86.392 91.432 101.659 267.908 41.3441 47.5444 305 0 
2.4 0.140625 0.213542 30.9094 46.9365 55.9465 90.9577 95.6932 106.706 268.834 41.1117 51.3274 305 0 
2.5 0.140625 0.219792 30.9094 48.3102 58.9532 95.657 100.32 112.106 270.112 40.5778 55.1471 305 0 
2.6 0.14375 0.219792 31.5963 48.3102 62.0267 100.356 104.763 117.298 271.734 39.7365 58.9455 305 0 
2.7 0.139583 0.214583 30.6804 47.1654 65.0111 104.944 109.146 122.373 273.616 38.6347 62.5718 305 0 
2.8 0.139583 0.215625 30.6804 47.3944 67.9955 109.555 113.59 127.467 275.789 37.2532 66.1131 305 0 
2.9 0.14375 0.215625 31.5963 47.3944 71.069 114.165 117.79 132.279 278.251 35.5895 69.5805 305 0 
3 0.14375 0.217708 31.5963 47.8523 74.1425 118.82 122.112 137.165 280.969 33.6618 72.9341 305 0 
3.1 0.144792 0.220833 31.8252 48.5392 77.2383 123.541 126.556 142.124 283.948 31.4586 76.1675 305 0 
3.2 0.144792 0.222917 31.8252 48.9971 80.3341 128.307 131.122 147.147 287.154 28.9944 79.2353 305 0 
3.3 0.144792 0.21875 31.8252 48.0812 83.4298 132.984 135.444 151.862 290.504 26.3305 82.0706 305 0 
3.4 0.146875 0.220833 32.2831 48.5392 86.5702 137.706 139.766 156.521 294.044 23.4276 84.7273 305 0 
3.5 0.14375 0.219792 31.5963 48.3102 89.6437 142.405 144.209 161.237 297.671 20.3655 87.1269 305 0 
3.6 0.15 0.219792 32.97 48.3102 92.8508 147.105 148.288 165.534 301.461 17.0779 89.3299 305 0 
3.7 0.15 0.219792 32.97 48.3102 96.0579 151.804 152.366 169.773 305.326 13.6421 91.2936 305 0 
3.8 0.15 0.222917 32.97 48.9971 99.265 156.57 156.628 174.139 309.277 10.0425 93.0168 305 0 
3.9 0.151042 0.221875 33.199 48.7681 102.494 161.314 160.767 178.328 313.258 6.32639 94.4718 305 0 
4 0.152083 0.219792 33.4279 48.3102 105.746 166.013 164.724 182.282 317.238 2.52744 95.6578 305 0 
4.1 0.153125 0.222917 33.6569 48.9971 109.02 170.78 168.802 186.308 321.252 -1.38857 96.585 305 0 
4.2 0.15625 0.222917 34.3438 48.9971 112.361 175.546 172.698 190.102 325.269 -5.39264 97.2433 305 0 
4.3 0.15625 0.222917 34.3438 48.9971 115.702 180.312 176.594 193.852 329.24 -9.43217 97.6282 305 0 
4.4 0.154167 0.219792 33.8858 48.3102 118.998 185.011 180.429 197.501 333.095 -13.4327 97.7385 305 0 
4.5 0.151042 0.220833 33.199 48.5392 122.227 189.733 184.508 201.354 336.85 -17.409 97.5735 305 0 
4.6 0.152083 0.219792 33.4279 48.3102 125.479 194.432 188.464 205.047 340.511 -21.3641 97.1305 305 0 
4.7 0.152083 0.21875 33.4279 48.0812 128.731 199.109 192.36 208.643 344.055 -25.2685 96.4198 305 0 
4.8 0.147917 0.21875 32.5121 48.0812 131.893 203.786 196.5 212.453 347.438 -29.0704 95.4485 305 0 
4.9 0.152083 0.216667 33.4279 47.6233 135.145 208.419 200.274 215.864 350.708 -32.8175 94.2102 305 0 
5 0.15 0.215625 32.97 47.3944 138.352 213.029 204.109 219.312 353.813 -36.4432 92.7388 305 0 
5.1 0.147917 0.215625 32.5121 47.3944 141.514 217.639 208.066 222.857 356.751 -39.9405 91.0343 305 0 
5.2 0.14375 0.214583 31.5963 47.1654 144.588 222.227 212.205 226.566 359.482 -43.2606 89.1153 305 0 
5.3 0.1375 0.214583 30.2225 47.1654 147.528 226.815 216.71 230.622 361.979 -46.3713 86.9894 305 0 
5.4 0.141667 0.2125 31.1383 46.7075 150.557 231.359 220.849 234.288 364.295 -49.3306 84.6213 305 0 
5.5 0.138542 0.2125 30.4515 46.7075 153.519 235.902 225.171 238.121 366.391 -52.0826 82.0642 305 0 
5.6 0.141667 0.209375 31.1383 46.0206 156.548 240.379 229.128 241.571 368.285 -54.6431 79.3151 305 0 
5.7 0.138542 0.213542 30.4515 46.9365 159.51 244.944 233.511 245.431 369.974 -57.0039 76.3786 305 0 
5.8 0.1375 0.211458 30.2225 46.4785 162.45 249.465 237.833 249.221 371.421 -59.1162 73.2991 305 0 
5.9 0.133333 0.210417 29.3067 46.2496 165.301 253.964 242.337 253.189 372.614 -60.9575 70.1145 305 0 
6 0.133333 0.210417 29.3067 46.2496 168.151 258.463 246.842 257.148 373.563 -62.5432 66.7953 305 0 
6.1 0.134375 0.211458 29.5356 46.4785 171.025 262.984 251.347 261.095 374.27 -63.8714 63.341 305 0 
6.2 0.13125 0.210417 28.8487 46.2496 173.831 267.483 255.973 265.166 374.716 -64.9079 59.8348 305 0 
6.3 0.136458 0.2125 29.9935 46.7075 176.748 272.027 260.417 269.04 374.913 -65.6802 56.1812 305 0 
6.4 0.134375 0.204167 29.5356 44.8758 179.621 276.392 264.495 272.564 374.871 -66.1642 52.5907 305 0 
6.5 0.135417 0.209375 29.7646 46.0206 182.517 280.869 268.817 276.323 374.595 -66.3881 48.9077 305 0 
6.6 0.133333 0.210417 29.3067 46.2496 185.367 285.367 273.322 280.27 374.073 -66.3282 45.2296 305 0 
6.7 0.135417 0.211458 29.7646 46.4785 188.263 289.911 277.827 284.217 373.292 -65.9756 41.5232 305 0 
6.8 0.1375 0.211458 30.2225 46.4785 191.203 294.432 282.149 287.986 372.266 -65.337 37.8439 305 0 
6.9 0.136458 0.2125 29.9935 46.7075 194.12 298.975 286.593 291.888 371.001 -64.4193 34.2241 305 0 
7 0.140625 0.2125 30.9094 46.7075 197.127 303.519 290.793 295.552 369.49 -63.2173 30.6413 305 0 
7.1 0.141667 0.213542 31.1383 46.9365 200.156 308.085 294.993 299.227 367.75 -61.7476 27.1356 305 0 
7.2 0.14375 0.216667 31.5963 47.6233 203.229 312.717 299.254 302.971 365.767 -59.9982 23.6982 305 0 
7.3 0.14375 0.219792 31.5963 48.3102 206.303 317.416 303.698 306.912 363.547 -57.9757 20.3748 305 0 
7.4 0.141667 0.21875 31.1383 48.0812 209.332 322.094 308.203 310.941 361.132 -55.7198 17.2464 305 0 
7.5 0.141667 0.21875 31.1383 48.0812 212.361 326.771 312.707 314.995 358.511 -53.2254 14.3048 305 0 
7.6 0.141667 0.21875 31.1383 48.0812 215.39 331.448 317.212 319.077 355.696 -50.5077 11.568 305 0 
7.7 0.14375 0.219792 31.5963 48.3102 218.463 336.147 321.656 323.124 352.675 -47.5595 9.02969 305 0 
7.8 0.142708 0.217708 31.3673 47.8523 221.514 340.802 326.039 327.145 349.517 -44.4517 6.7454 305 0 
7.9 0.142708 0.216667 31.3673 47.6233 224.566 345.434 330.361 331.14 346.221 -41.1891 4.7093 305 0 
8 0.139583 0.216667 30.6804 47.6233 227.55 350.067 334.865 335.358 342.822 -37.8092 2.94568 305 0 
8.1 0.136458 0.217708 29.9935 47.8523 230.468 354.722 339.613 339.862 339.322 -34.3188 1.46901 305 0 
8.2 0.136458 0.215625 29.9935 47.3944 233.385 359.332 344.24 344.289 335.741 -30.7406 0.289309 305 0 
8.3 0.135417 0.214583 29.7646 47.1654 236.281 363.92 348.866 348.764 332.101 -27.1006 -0.592832 305 0 
8.4 0.135417 0.214583 29.7646 47.1654 239.176 368.508 353.493 353.287 328.403 -23.4013 -1.17865 305 0 
8.5 0.139583 0.215625 30.6804 47.3944 242.16 373.118 357.936 357.676 324.615 -19.6116 -1.47464 305 0 
8.6 0.1375 0.213542 30.2225 46.9365 245.1 377.684 2.19778 1.93403 320.858 -15.855 -1.47624 305 0 
8.7 0.142708 0.2125 31.3673 46.7075 248.151 382.227 6.27631 6.06016 317.066 -12.0641 -1.19553 305 0 
8.8 0.140625 0.214583 30.9094 47.1654 251.158 386.815 10.5983 10.4816 313.305 -8.30392 -0.638059 305 0 
8.9 0.141667 0.216667 31.1383 47.6233 254.187 391.448 14.9812 15.0202 309.564 -4.5643 0.210415 305 0 
9 0.142708 0.216667 31.3673 47.6233 257.238 396.08 19.3032 19.555 305.892 -0.889134 1.3434 305 0 
9.1 0.142708 0.216667 31.3673 47.6233 260.29 400.713 23.6253 24.1467 302.322 2.69025 2.74999 305 0 
9.2 0.122917 0.186458 27.0171 40.9835 263.363 405.301 27.7647 28.6109 298.886 6.14619 4.41188 305 0 
9.3 0.0760417 0.117708 16.714 25.8723 265.323 408.307 30.6257 31.7123 296.736 8.31686 5.62405 305 0 
9.4 0.0479167 0.0875 10.5321 19.2325 266.548 410.512 33.3041 34.5724 295.299 9.77372 6.53259 305 0 
9.5 0.0229167 0.0458333 5.03708 10.0742 267.171 411.715 34.8869 36.258 294.553 10.531 7.04488 305 0 
9.6 0.00104167 0.0104167 0.228958 2.28958 267.194 412.027 35.6782 37.0688 294.419 10.6675 7.14144 305 0 
9.7 0 0 0 0 267.194 412.027 35.6782 37.0688 294.419 10.6675 7.14144 305 0 
9.8 0 0 0 0 267.194 412.027 35.6782 37.0688 294.419 10.6675 7.14144 305 0 
9.9 0 0 0 0 267.194 412.027 35.6782 37.0688 294.419 10.6675 7.14144 305 0 
10 0 0 0 0 267.194 412.027 35.6782 37.0688 294.419 10.6675 7.14144 305 0 
