0 0 0 0 0 0 0 0 0 0 0 0 0 0
0.1 0 0 0 0 0 0 0 0 305 0 0 305 0 
0.2 0.0895833 0.0802083 19.6904 17.6298 1.93764 1.71492 -0.608735 -0.610571 303.171 1.82857 -0.0097089 305 0 
0.3 0.166667 0.176042 36.6333 38.694 5.50111 5.47884 -0.0608735 -0.0668325 299.503 5.49684 -0.0311336 305 0 
0.4 0.223958 0.235417 49.226 51.7446 10.2895 10.5122 0.608735 0.607249 294.586 10.4139 -0.00763688 305 0 
0.5 0.260417 0.2625 57.2396 57.6975 16.5479 16.8151 0.730482 0.743569 288.298 16.7021 0.0658183 305 0 
0.6 0.277083 0.278125 60.9029 61.1319 23.9198 24.2762 0.973976 1.00994 280.873 24.1271 0.176213 305 0 
0.7 0.260417 0.263542 57.2396 57.9265 30.98 31.4031 1.1566 1.22113 273.772 31.2285 0.308194 305 0 
0.8 0.245833 0.245833 54.0342 54.0342 37.461 37.8396 1.03485 1.12745 267.306 37.6943 0.431798 305 0 
0.9 0.25 0.247917 54.95 54.4921 44.0757 44.4321 0.973976 1.0944 260.695 44.3052 0.547643 305 0 
1 0.257292 0.257292 56.5527 56.5527 49.5768 49.9332 0.973976 1.11802 255.188 49.8125 0.641224 305 0 
1.1 0.258333 0.261458 56.7817 57.4685 56.5479 56.9488 1.09572 1.27302 248.188 56.8136 0.767624 305 0 
1.2 0.247917 0.248958 54.4921 54.721 63.2294 63.6748 1.21747 1.43185 241.477 63.5245 0.903043 305 0 
1.3 0.222917 0.214583 48.9971 47.1654 69.3318 69.5546 0.608735 0.851831 235.48 69.5224 0.998589 305 0 
1.4 0.2375 0.232292 52.2025 51.0577 75.7684 75.8575 0.243494 0.505219 229.102 75.9 1.046 305 0 
1.5 0.236458 0.240625 51.9735 52.8894 82.2494 82.4499 0.547862 0.828919 222.558 82.4449 1.09117 305 0 
1.6 0.238542 0.2375 52.4315 52.2025 88.0846 88.2851 0.547862 0.851266 216.716 88.2873 1.14701 305 0 
1.7 0.245833 0.242708 54.0342 53.3473 93.3408 93.4744 0.365241 0.687436 211.487 93.5164 1.18866 305 0 
1.8 0.261458 0.252083 57.4685 55.4079 99.6659 99.5991 -0.182621 0.152131 205.254 99.7493 1.19859 305 0 
1.9 0.236458 0.2375 51.9735 52.2025 106.214 106.192 -0.0608735 0.280931 198.676 106.328 1.18461 305 0 
2 0.222917 0.225 48.9971 49.455 112.339 112.45 0.304368 0.661102 192.477 112.527 1.19778 305 0 
2.1 0.23125 0.236458 50.8288 51.9735 118.686 118.909 0.608735 0.993492 186.066 118.938 1.24884 305 0 
2.2 0.244792 0.241667 53.8052 53.1183 125.39 125.546 0.426115 0.84446 179.388 125.617 1.30913 305 0 
2.3 0.239583 0.234375 52.6604 51.5156 131.247 131.269 0.0608735 0.501324 173.59 131.415 1.33375 305 0 
2.4 0.25 0.245833 54.95 54.0342 136.592 136.526 -0.182621 0.269801 168.283 136.722 1.32812 305 0 
2.5 0.234375 0.229167 51.5156 50.3708 143.074 142.918 -0.426115 0.0322023 161.839 143.167 1.2939 305 0 
2.6 0.232292 0.229167 51.0577 50.3708 149.443 149.243 -0.547862 -0.0907167 155.483 149.522 1.23991 305 0 
2.7 0.228125 0.226042 50.1419 49.684 154.321 154.076 -0.669609 -0.217356 150.622 154.383 1.18829 305 0 
2.8 0.227083 0.238542 49.9129 52.4315 159.176 159.176 1.98885e-16 0.456272 145.638 159.367 1.15918 305 0 
2.9 0.234375 0.226042 51.5156 49.684 164.855 164.699 -0.426115 0.0398982 140.029 164.975 1.13833 305 0 
3 0.214583 0.230208 47.1654 50.5998 170.111 170.312 0.547862 1.03518 134.588 170.417 1.14411 305 0 
3.1 0.216667 0.23125 47.6233 50.8288 175.39 175.947 1.52184 2.07355 129.127 175.879 1.24273 305 0 
3.2 0.225 0.228125 49.455 50.1419 180.2 180.824 1.70446 2.34064 124.28 180.727 1.3792 305 0 
3.3 0.225 0.225 49.455 49.455 185.702 186.303 1.64359 2.38664 118.788 186.222 1.5397 305 0 
3.4 0.236458 0.235417 51.9735 51.7446 190.757 191.336 1.58271 2.43037 113.741 191.271 1.68182 305 0 
3.5 0.215625 0.222917 47.3944 48.9971 196.682 197.483 2.19145 3.19249 107.705 197.311 1.88072 305 0 
3.6 0.210417 0.219792 46.2496 48.3102 202.428 203.497 2.92193 4.12852 101.83 203.192 2.1432 305 0 
3.7 0.215625 0.2125 47.3944 46.7075 207.706 208.686 2.67843 4.10221 96.6033 208.427 2.39909 305 0 
3.8 0.2125 0.207292 46.7075 45.5627 212.918 213.764 2.31319 3.95755 91.4647 213.573 2.6233 305 0 
3.9 0.217708 0.2125 47.8523 46.7075 218.241 218.953 1.94795 3.82258 86.214 218.832 2.81885 305 0 
4 0.227083 0.233333 49.9129 51.2867 223.096 223.942 2.31319 4.43042 81.2985 223.757 3.00198 305 0 
4.1 0.21875 0.226042 48.0812 49.684 229.131 230.156 2.80018 5.2982 75.188 229.883 3.27539 305 0 
4.2 0.213542 0.21875 46.9365 48.0812 235.011 236.169 3.16542 6.13387 69.2635 235.829 3.58507 305 0 
4.3 0.216667 0.208333 47.6233 45.7917 240.29 241.269 2.67843 6.12354 64.0972 241.019 3.84979 305 0 
4.4 0.215625 0.21875 47.3944 48.0812 245.568 246.637 2.92193 6.93199 58.802 246.342 4.11003 305 0 
4.5 0.207292 0.217708 45.5627 47.8523 251.336 252.65 3.59154 8.40884 52.9562 252.231 4.44495 305 0 
4.6 0.225 0.220833 49.455 48.5392 256.837 258.062 3.34804 9.11414 47.5562 257.684 4.77544 305 0 
4.7 0.244792 0.244792 53.8052 53.8052 262.762 263.987 3.34804 10.405 41.7098 263.606 5.12169 305 0 
4.8 0.215625 0.222917 47.3944 48.9971 268.73 270.089 3.71328 12.5483 35.7865 269.638 5.49366 305 0 
4.9 0.225 0.214583 49.455 47.1654 274.833 276.013 3.2263 14.5183 29.9312 275.648 5.85788 305 0 
5 0.227083 0.221875 49.9129 48.7681 281.025 282.094 2.92193 17.8513 24.0278 281.782 6.18719 305 0 
5.1 0.228125 0.232292 50.1419 51.0577 285.902 287.06 3.16542 22.5909 19.3994 286.704 6.44873 305 0 
5.2 0.202083 0.207292 44.4179 45.5627 291.67 292.873 3.28717 31.7446 14.2244 292.493 6.77488 305 0 
5.3 0.175 0.158333 38.465 34.8017 297.238 298.04 2.19145 46.7785 10.0206 297.861 7.03159 305 0 
5.4 0.146875 0.126042 32.2831 27.704 302.004 302.004 1.19331e-15 68.7662 7.63516 302.23 7.11512 305 0 
5.5 0.0916667 0.0520833 20.1483 11.4479 304.41 303.43 -2.67843 80.4886 7.12154 304.148 7.07033 305 0 
5.6 0.003125 0.00104167 0.686875 0.228958 304.41 303.408 -2.73931 80.3393 7.1234 304.136 7.07086 305 0 
5.7 0.00208333 0 0.457917 0 304.343 303.408 -2.55669 80.2567 7.12906 304.103 7.0724 305 0 
5.8 0 0 0 0 304.343 303.408 -2.55669 80.2567 7.12906 304.103 7.0724 305 0 
5.9 0 0 0 0 304.343 303.408 -2.55669 80.2567 7.12906 304.103 7.0724 305 0 
6 0 0 0 0 304.343 303.408 -2.55669 80.2567 7.12906 304.103 7.0724 305 0 
