0 0 0 0 0 0 0 0 0 0 0 0 0 0
0.1 0 0 0 0 0 0 0 0 247 0 0 247 0 
0.2 0.0322917 0.0364583 7.09771 8.01354 0.690423 0.77951 0.243494 0.243858 246.264 0.735898 0.00156291 247 0 
0.3 0.0854167 0.0885417 18.7746 19.4615 2.5167 2.67261 0.426115 0.429032 244.402 2.59792 0.0124381 247 0 
0.4 0.122917 0.126042 27.0171 27.704 5.14477 5.36748 0.608735 0.617389 241.737 5.26266 0.0364912 247 0 
0.5 0.148958 0.153125 32.741 33.6569 8.32962 8.64143 0.852229 0.870903 238.504 8.49589 0.0776941 247 0 
0.6 0.164583 0.16875 36.1754 37.0913 12.3163 12.7394 1.1566 1.19293 234.457 12.5427 0.148607 247 0 
0.7 0.176042 0.183333 38.694 40.2967 16.5924 17.1938 1.64359 1.7072 230.088 16.9122 0.255348 247 0 
0.8 0.190625 0.195833 41.8994 43.0442 20.6904 21.3808 1.88708 1.98427 225.942 21.058 0.38306 247 0 
0.9 0.204167 0.20625 44.8758 45.3338 25.0557 25.7906 2.00883 2.14656 221.552 25.4486 0.532313 247 0 
1 0.208333 0.214583 45.7917 47.1654 29.51 30.3786 2.37407 2.56037 217.029 29.9722 0.705328 247 0 
1.1 0.211458 0.216667 46.4785 47.6233 34.0312 35.0111 2.67843 2.92323 212.452 34.5504 0.907215 247 0 
1.2 0.213542 0.221875 46.9365 48.7681 38.6192 39.755 3.10455 3.41982 207.787 39.2163 1.14277 247 0 
1.3 0.21875 0.221875 48.0812 48.7681 43.3185 44.4989 3.2263 3.62255 203.068 43.9367 1.40369 247 0 
1.4 0.222917 0.225 48.9971 49.455 48.0846 49.3096 3.34804 3.8333 198.284 48.7233 1.67847 247 0 
1.5 0.221875 0.227083 48.7681 49.9129 52.8508 54.1648 3.59154 4.17518 193.479 53.5313 1.96984 247 0 
1.6 0.219792 0.225 48.3102 49.455 57.5501 58.9755 3.89591 4.58861 188.732 58.2822 2.28055 247 0 
1.7 0.222917 0.227083 48.9971 49.9129 62.3163 63.8307 4.1394 4.95532 183.932 63.0871 2.61786 247 0 
1.8 0.229167 0.228125 50.3708 50.1419 67.216 68.7082 4.07853 5.02891 179.055 67.9694 2.96842 247 0 
1.9 0.225 0.23125 49.455 50.8288 72.0267 73.6526 4.44377 5.54007 174.192 72.8396 3.33111 247 0 
2 0.226042 0.230208 49.684 50.5998 76.882 78.5969 4.68726 5.94735 169.311 77.7301 3.72142 247 0 
2.1 0.233333 0.232292 51.2867 51.0577 81.8931 83.5857 4.62639 6.06642 164.332 82.7199 4.12767 247 0 
2.2 0.239583 0.234375 52.6604 51.5156 87.0156 88.5969 4.32202 5.95008 159.287 87.7777 4.52323 247 0 
2.3 0.252083 0.242708 55.4079 53.3473 92.4276 93.7862 3.71328 5.5356 154.006 93.072 4.8949 247 0 
2.4 0.247917 0.236458 54.4921 51.9735 97.7283 98.8419 3.04368 5.0469 148.843 98.2478 5.20029 247 0 
2.5 0.234375 0.229167 51.5156 50.3708 102.762 103.742 2.67843 4.84957 143.889 103.214 5.44838 247 0 
2.6 0.23125 0.222917 50.8288 48.9971 107.728 108.508 2.13057 4.4619 139.032 108.083 5.6527 247 0 
2.7 0.230208 0.222917 50.5998 48.9971 112.673 113.274 1.64359 4.1276 134.185 112.941 5.8127 247 0 
2.8 0.221875 0.216667 48.7681 47.6233 117.439 117.906 1.27834 3.9056 129.491 117.645 5.93261 247 0 
2.9 0.213542 0.214583 46.9365 47.1654 122.004 122.494 1.33922 4.11075 124.919 122.227 6.03722 247 0 
3 0.217708 0.211458 47.8523 46.4785 126.682 127.038 0.973976 3.8961 120.314 126.842 6.13035 247 0 
3.1 0.21875 0.210417 48.0812 46.2496 131.359 131.537 0.486988 3.554 115.73 131.435 6.18889 247 0 
3.2 0.213542 0.208333 46.9365 45.7917 135.924 136.013 0.243494 3.45013 111.212 135.962 6.21773 247 0 
3.3 0.214583 0.207292 47.1654 45.5627 140.512 140.468 -0.121747 3.22345 106.693 140.489 6.22254 247 0 
3.4 0.208333 0.203125 45.7917 44.6469 144.967 144.811 -0.426115 3.05126 102.295 144.893 6.20149 247 0 
3.5 0.208333 0.198958 45.7917 43.731 149.421 149.065 -0.973976 2.62697 97.9407 149.252 6.14825 247 0 
3.6 0.207292 0.198958 45.5627 43.731 153.853 153.318 -1.46096 2.25069 93.5962 153.6 6.05591 247 0 
3.7 0.210417 0.2 46.2496 43.96 158.352 157.595 -2.0697 1.73779 89.2058 157.991 5.92064 247 0 
3.8 0.2125 0.204167 46.7075 44.8758 162.895 161.982 -2.49581 1.39211 84.7363 162.459 5.74264 247 0 
3.9 0.204167 0.201042 44.8758 44.189 167.261 166.303 -2.61756 1.34237 80.389 166.803 5.54876 247 0 
4 0.209375 0.20625 46.0206 45.3338 171.737 170.713 -2.80018 1.23304 75.9413 171.247 5.33861 247 0 
4.1 0.213542 0.210417 46.9365 46.2496 176.325 175.212 -3.04368 1.06035 71.393 175.79 5.10683 247 0 
4.2 0.208333 0.207292 45.7917 45.5627 180.802 179.644 -3.16542 1.0052 66.9337 180.243 4.86541 247 0 
4.3 0.210417 0.211458 46.2496 46.4785 185.301 184.187 -3.04368 1.20427 62.4077 184.764 4.62037 247 0 
4.4 0.208333 0.210417 45.7917 46.2496 189.755 188.686 -2.92193 1.4239 57.9265 189.24 4.38724 247 0 
4.5 0.209375 0.204167 46.0206 44.8758 194.232 193.051 -3.2263 1.22475 53.5012 193.66 4.14998 247 0 
4.6 0.214583 0.214583 47.1654 47.1654 198.82 197.639 -3.2263 1.33977 48.9085 198.247 3.89157 247 0 
4.7 0.20625 0.210417 45.3338 46.2496 203.229 202.138 -2.9828 1.7299 44.4501 202.7 3.65015 247 0 
4.8 0.20625 0.213542 45.3338 46.9365 207.639 206.726 -2.49581 2.43936 39.9485 207.199 3.43498 247 0 
4.9 0.208333 0.215625 45.7917 47.3944 212.094 211.336 -2.0697 3.20523 35.4159 211.734 3.25431 247 0 
5 0.211458 0.211458 46.4785 46.4785 216.615 215.857 -2.0697 3.6746 30.8972 216.258 3.09091 247 0 
5.1 0.207292 0.2125 45.5627 46.7075 221.047 220.401 -1.76533 4.62946 26.4154 220.749 2.94063 247 0 
5.2 0.178125 0.183333 39.1519 40.2967 225.434 224.967 -1.27834 6.11026 21.9526 225.229 2.82165 247 0 
5.3 0.128125 0.139583 28.1619 30.6804 228.641 228.441 -0.547862 8.00084 18.6328 228.574 2.76837 247 0 
5.4 0.0854167 0.09375 18.7746 20.6063 231.203 231.247 0.121747 10.0675 15.9787 231.261 2.75838 247 0 
5.5 0.05 0.0510417 10.99 11.219 232.628 232.717 0.243494 11.1927 14.554 232.711 2.763 247 0 
5.6 0.015625 0.00833333 3.43438 1.83167 233.051 232.984 -0.182621 11.032 14.2149 233.056 2.76318 247 0 
5.7 0 0 0 0 233.074 232.984 -0.243494 10.9797 14.2039 233.067 2.76314 247 0 
5.8 0 0 0 0 233.074 232.984 -0.243494 10.9797 14.2039 233.067 2.76314 247 0 
5.9 0 0 0 0 233.074 232.984 -0.243494 10.9797 14.2039 233.067 2.76314 247 0 
6 0 0 0 0 233.074 232.984 -0.243494 10.9797 14.2039 233.067 2.76314 247 0 
