0 0 0 0 0 0 0 0 0 0 0 0 0 0
0.1 0 0 0 0 0 0.0445434 0.121747 0.121751 304.978 0.0223 2.36805e-05 305 0 
0.2 0.0541667 0.05 11.9058 10.99 1.1804 1.11359 -0.182621 -0.182729 303.852 1.14845 -0.000574251 305 0 
0.3 0.108333 0.113542 23.8117 24.9565 3.49666 3.5412 0.121747 0.121398 301.477 3.5234 -0.00183523 305 0 
0.4 0.151042 0.16875 33.199 37.0913 7.10468 7.52784 1.1566 1.16441 297.675 7.32526 0.0405573 305 0 
0.5 0.140625 0.1875 30.9094 41.2125 10.98 12.5167 4.20027 4.24872 293.243 11.7576 0.247804 305 0 
0.6 0.109375 0.16875 24.0406 37.0913 13.6526 16.6592 8.21793 8.33986 289.852 15.1488 0.616564 305 0 
0.7 0.0958333 0.1375 21.0642 30.2225 16.2361 20.4009 11.3833 11.6143 286.733 18.2688 1.15524 305 0 
0.8 0.0947917 0.133333 20.8352 29.3067 18.7751 23.9198 14.0618 14.43 283.779 21.227 1.82277 305 0 
0.9 0.0979167 0.147917 21.5221 32.5121 21.1136 27.4388 17.2881 17.8215 280.962 24.0501 2.61456 305 0 
1 0.0958333 0.152083 21.0642 33.4279 23.7194 31.5367 21.3666 22.1352 277.808 27.2166 3.72455 305 0 
1.1 0.09375 0.14375 20.6063 31.5963 25.9911 35.0111 24.6538 25.6638 275.178 29.8643 4.84834 305 0 
1.2 0.0927083 0.133333 20.3773 29.3067 28.2405 38.2183 27.2713 28.5417 272.747 32.3205 6.04359 305 0 
1.3 0.0947917 0.139583 20.8352 30.6804 30.5122 41.559 30.1933 31.7614 270.317 34.7844 7.39354 305 0 
1.4 0.0958333 0.141667 21.0642 31.1383 32.8062 44.9666 33.2369 35.14 267.935 37.2127 8.89323 305 0 
1.5 0.0916667 0.141667 20.1483 31.1383 34.9889 48.3742 36.585 38.8497 265.699 39.5078 10.494 305 0 
1.6 0.0885417 0.138542 19.4615 30.4515 37.1269 51.6926 39.8113 42.4612 263.627 41.655 12.1823 305 0 
1.7 0.084375 0.134375 18.5456 29.5356 39.1537 54.9221 43.0985 46.1493 261.743 43.6275 13.9234 305 0 
1.8 0.0854167 0.133333 18.7746 29.3067 41.4031 58.4855 46.69 50.2173 259.802 45.6896 15.9762 305 0 
1.9 0.096875 0.142708 21.2931 31.3673 43.4744 61.5367 49.3684 53.3415 258.215 47.4052 17.882 305 0 
2 0.0875 0.141667 19.2325 31.1383 45.8352 65.3452 53.3252 57.8657 256.469 49.3351 20.2926 305 0 
2.1 0.084375 0.132292 18.5456 29.0777 47.8619 68.5301 56.4906 61.5357 255.152 50.8359 22.4264 305 0 
2.2 0.0875 0.133333 19.2325 29.3067 49.9555 71.7372 59.5343 65.1131 253.959 52.2426 24.6762 305 0 
2.3 0.09375 0.138542 20.6063 30.4515 51.9599 74.6993 62.1519 68.2469 252.974 53.4551 26.8468 305 0 
2.4 0.0916667 0.141667 20.1483 31.1383 54.4543 78.5301 65.8043 72.5765 251.91 54.8457 29.6911 305 0 
2.5 0.0854167 0.135417 18.7746 29.7646 56.5033 81.8263 69.2132 76.5731 251.197 55.8707 32.1626 305 0 
2.6 0.0895833 0.133333 19.6904 29.3067 58.9087 85.4343 72.5004 80.5343 250.597 56.8596 35.0056 305 0 
2.7 0.0979167 0.139583 21.5221 30.6804 61.0022 88.4187 74.9353 83.5454 250.244 57.5739 37.4452 305 0 
2.8 0.0864583 0.139583 19.0035 30.6804 63.118 91.804 78.4051 87.6444 250.03 58.2106 40.1242 305 0 
2.9 0.0770833 0.125 16.9429 27.475 65.2116 95.2339 82.0575 91.9307 250.018 58.6816 42.8485 305 0 
3 0.09375 0.144792 20.6063 31.8252 67.6392 99.0646 85.8925 96.4818 250.245 59.0127 45.9635 305 0 
3.1 0.096875 0.145833 21.2931 32.0542 70.2227 102.984 89.545 100.871 250.733 59.1448 49.2161 305 0 
3.2 0.0916667 0.139583 20.1483 30.6804 72.4499 106.37 92.7104 104.662 251.351 59.0918 52.025 305 0 
3.3 0.0854167 0.130208 18.7746 28.6198 74.5434 109.532 95.6323 108.159 252.092 58.9026 54.6493 305 0 
3.4 0.0864583 0.127083 19.0035 27.9329 76.8374 112.918 98.6151 111.748 253.06 58.5524 57.4706 305 0 
3.5 0.090625 0.136458 19.9194 29.9935 79.02 116.192 101.598 115.297 254.147 58.0755 60.1601 305 0 
3.6 0.09375 0.145833 20.6063 32.0542 81.4922 120.045 105.372 119.704 255.607 57.34 63.2395 305 0 
3.7 0.08125 0.1375 17.8587 30.2225 83.6748 123.742 109.511 124.401 257.166 56.4606 66.048 305 0 
3.8 0.0864583 0.129167 19.0035 28.3908 85.9243 127.216 112.86 128.262 258.861 55.4278 68.7205 305 0 
3.9 0.0875 0.132292 19.2325 29.0777 88.2628 130.757 116.147 132.046 260.756 54.2098 71.3999 305 0 
4 0.0916667 0.144792 20.1483 31.8252 90.2227 133.853 119.251 135.552 262.505 53.0358 73.6419 305 0 
4.1 0.0916667 0.140625 20.1483 30.9094 92.6726 137.617 122.843 139.6 264.799 51.4346 76.3083 305 0 
4.2 0.090625 0.135417 19.9194 29.7646 94.6102 140.512 125.46 142.546 266.679 50.0786 78.312 305 0 
4.3 0.0895833 0.130208 19.6904 28.6198 96.7706 143.653 128.139 145.558 268.825 48.4915 80.4385 305 0 
4.4 0.0875 0.136458 19.2325 29.9935 98.8641 146.926 131.365 149.093 271.085 46.7757 82.5061 305 0 
4.5 0.0864583 0.139583 19.0035 30.6804 100.935 150.29 134.896 152.902 273.462 44.9184 84.4935 305 0 
4.6 0.0854167 0.138542 18.7746 30.4515 103.007 153.63 138.366 156.614 275.911 42.9514 86.3561 305 0 
4.7 0.0895833 0.140625 19.6904 30.9094 104.922 156.637 141.348 159.787 278.197 41.0698 87.9469 305 0 
4.8 0.0916667 0.136458 20.1483 29.9935 107.105 159.955 144.453 163.072 280.806 38.8756 89.6107 305 0 
4.9 0.0864583 0.133333 19.0035 29.3067 109.22 163.185 147.497 166.26 283.386 36.66 91.1108 305 0 
5 0.0895833 0.134375 19.6904 29.5356 111.604 166.748 150.723 169.613 286.296 34.1076 92.6424 305 0 
5.1 0.0958333 0.141667 21.0642 31.1383 113.653 169.777 153.401 172.371 288.806 31.8635 93.8363 305 0 
5.2 0.090625 0.1375 19.9194 30.2225 116.08 173.474 156.871 175.904 291.855 29.0836 95.1292 305 0 
5.3 0.0854167 0.129167 18.7746 28.3908 118.151 176.592 159.732 178.789 294.45 26.6713 96.093 305 0 
5.4 0.0864583 0.133333 19.0035 29.3067 120.423 180.111 163.141 182.194 297.348 23.9249 97.0197 305 0 
5.5 0.0979167 0.146875 21.5221 32.2831 122.517 183.252 166.002 185.024 299.963 21.4004 97.7204 305 0 
5.6 0.0875 0.145833 19.2325 32.0542 124.922 187.194 170.202 189.151 303.117 18.2925 98.38 305 0 
5.7 0.0822917 0.138542 18.0877 30.4515 126.904 190.535 173.916 192.77 305.733 15.6543 98.7521 305 0 
5.8 0.0916667 0.130208 20.1483 28.6198 129.287 194.009 176.898 195.619 308.577 12.7319 98.9914 305 0 
5.9 0.0885417 0.133333 19.4615 29.3067 131.648 197.528 180.064 198.625 311.392 9.78987 99.0741 305 0 
6 0.0875 0.14375 19.2325 31.5963 133.519 200.601 183.351 201.757 313.716 7.31589 99.0043 305 0 
6.1 0.0885417 0.135417 19.4615 29.7646 135.88 204.254 186.882 205.071 316.48 4.31742 98.7408 305 0 
6.2 0.0916667 0.128125 20.1483 28.1619 138.107 207.35 189.256 207.233 318.874 1.67853 98.3712 305 0 
6.3 0.0895833 0.132292 19.6904 29.0777 140.512 210.869 192.299 210.024 321.48 -1.23565 97.8216 305 0 
6.4 0.0916667 0.148958 20.1483 32.741 142.472 214.053 195.647 213.133 323.676 -3.73579 97.204 305 0 
6.5 0.0895833 0.139583 19.6904 30.6804 144.633 217.439 198.996 216.203 325.963 -6.38729 96.3821 305 0 
6.6 0.08125 0.125 17.8587 27.475 146.615 220.468 201.857 218.797 327.956 -8.7396 95.5108 305 0 
6.7 0.08125 0.128125 17.8587 28.1619 148.753 223.853 205.266 221.895 330.066 -11.2759 94.4102 305 0 
6.8 0.090625 0.142708 19.9194 31.3673 150.69 226.904 208.309 224.642 331.888 -13.5073 93.2888 305 0 
6.9 0.0895833 0.142708 19.6904 31.3673 153.074 230.735 212.266 228.212 334.036 -16.1959 91.7252 305 0 
7 0.0916667 0.138542 20.1483 30.4515 155.033 233.697 215.005 230.632 335.643 -18.2498 90.3643 305 0 
7.1 0.0947917 0.129167 20.8352 28.3908 157.06 236.459 217.014 232.321 337.14 -20.1916 88.9587 305 0 
7.2 0.0895833 0.127083 19.6904 27.9329 159.488 239.844 219.632 234.543 338.878 -22.478 87.1587 305 0 
7.3 0.0729167 0.129167 16.0271 28.3908 161.492 243.318 223.649 238.176 340.402 -24.531 85.3406 305 0 
7.4 0.09375 0.15 20.6063 32.97 163.719 246.926 227.423 241.526 341.875 -26.581 83.2601 305 0 
7.5 0.1 0.14375 21.98 31.5963 166.392 250.802 230.711 244.326 343.373 -28.7335 80.7883 305 0 
7.6 0.0822917 0.130208 18.0877 28.6198 168.396 253.942 233.815 247.039 344.438 -30.3139 78.7549 305 0 
7.7 0.0760417 0.127083 16.714 27.9329 170.423 257.305 237.468 250.275 345.426 -31.8411 76.5309 305 0 
7.8 0.0885417 0.135417 19.4615 29.7646 172.784 260.869 240.755 253.095 346.364 -33.3689 73.9893 305 0 
7.9 0.0958333 0.140625 21.0642 30.9094 175.345 264.633 244.042 255.879 347.218 -34.8418 71.1866 305 0 
8 0.09375 0.141667 20.6063 31.1383 177.84 268.419 247.573 258.904 347.911 -36.1364 68.3217 305 0 
8.1 0.0885417 0.141667 19.4615 31.1383 179.733 271.448 250.677 261.608 348.333 -37.0194 66.0215 305 0 
8.2 0.0875 0.1375 19.2325 30.2225 181.849 274.766 253.964 264.452 348.67 -37.8513 63.4316 305 0 
8.3 0.0885417 0.1375 19.4615 30.2225 183.742 277.706 256.825 266.916 348.858 -38.4667 61.0919 305 0 
8.4 0.0927083 0.135417 20.3773 29.7646 185.724 280.601 259.321 269.011 348.95 -38.9767 58.7041 305 0 
8.5 0.0885417 0.132292 19.4615 29.0777 187.862 283.808 262.243 271.493 348.945 -39.4114 56.0639 305 0 
8.6 0.078125 0.135417 17.1719 29.7646 189.755 287.06 265.956 274.784 348.81 -39.6821 53.503 305 0 
8.7 0.08125 0.1375 17.8587 30.2225 191.693 290.356 269.67 278.069 348.523 -39.7883 50.8854 305 0 
8.8 0.0916667 0.133333 20.1483 29.3067 193.875 293.586 272.531 280.49 348.093 -39.7428 48.1766 305 0 
8.9 0.090625 0.135417 19.9194 29.7646 196.325 297.171 275.635 283.107 347.482 -39.535 45.1625 305 0 
9 0.09375 0.139583 20.6063 30.6804 198.33 300.156 278.314 285.385 346.874 -39.2378 42.6828 305 0 
9.1 0.0916667 0.134375 20.1483 29.5356 200.535 303.43 281.236 287.872 346.096 -38.7789 39.9789 305 0 
9.2 0.090625 0.133333 19.9194 29.3067 202.717 306.659 284.097 290.308 345.216 -38.1914 37.3342 305 0 
9.3 0.0875 0.134375 19.2325 29.5356 204.588 309.532 286.836 292.68 344.352 -37.5639 35.0439 305 0 
9.4 0.0916667 0.146875 20.1483 32.2831 206.548 312.673 290.062 295.517 343.315 -36.7622 32.62 305 0 
9.5 0.0927083 0.1375 20.3773 30.2225 208.753 316.013 293.167 298.207 342.068 -35.7463 30.0366 305 0 
9.6 0.0791667 0.127083 17.4008 27.9329 210.913 319.443 296.637 301.268 340.686 -34.5747 27.4954 305 0 
9.7 0.0770833 0.129167 16.9429 28.3908 212.94 322.918 300.593 304.835 339.19 -33.2623 25.0748 305 0 
9.8 0.0895833 0.138542 19.6904 30.4515 215.078 326.258 303.881 307.747 337.573 -31.8056 22.7511 305 0 
9.9 0.0916667 0.140625 20.1483 30.9094 217.55 330 307.35 310.806 335.611 -30.0012 20.2177 305 0 
10 0.09375 0.141667 20.6063 31.1383 219.555 333.029 310.151 313.285 333.928 -28.4294 18.2483 305 0 
10.1 0.0916667 0.135417 20.1483 29.7646 222.004 336.682 313.438 316.197 331.784 -26.3999 15.9653 305 0 
10.2 0.0864583 0.135417 19.0035 29.7646 224.098 339.933 316.603 319.049 329.813 -24.5125 14.0688 305 0 
10.3 0.0833333 0.133333 18.3167 29.3067 226.102 343.14 319.89 322.046 327.803 -22.5712 12.3261 305 0 
10.4 0.0895833 0.126042 19.6904 27.704 228.241 346.192 322.386 324.268 325.729 -20.5531 10.6904 305 0 
10.5 0.0927083 0.139583 20.3773 30.6804 230.757 349.889 325.612 327.183 323.163 -18.042 8.85489 305 0 
10.6 0.0875 0.141667 19.2325 31.1383 232.873 353.318 329.204 330.518 320.792 -15.7076 7.35288 305 0 
10.7 0.090625 0.144792 19.9194 31.8252 234.811 356.414 332.369 333.47 318.571 -13.5121 6.11674 305 0 
10.8 0.0927083 0.138542 20.3773 30.4515 237.06 359.755 335.352 336.237 316.041 -11.0036 4.87651 305 0 
10.9 0.0875 0.132292 19.2325 29.0777 239.421 363.318 338.639 339.318 313.299 -8.27737 3.70946 305 0 
11 0.0875 0.133333 19.2325 29.3067 241.737 366.882 342.048 342.549 310.521 -5.5087 2.71112 305 0 
11.1 0.0947917 0.140625 20.8352 30.9094 243.764 369.889 344.727 345.096 308.103 -3.0964 1.98342 305 0 
11.2 0.0770833 0.116667 16.9429 25.6433 246.236 373.586 348.075 348.309 305.1 -0.0971069 1.24812 305 0 
11.3 0.046875 0.0770833 10.3031 16.9429 247.773 376.036 350.571 350.736 303.138 1.86288 0.872301 305 0 
11.4 0.0375 0.0364583 8.2425 8.01354 248.909 377.261 350.814 350.943 301.972 3.02862 0.677527 305 0 
11.5 0.00729167 0.00416667 1.60271 0.915833 249.131 377.416 350.631 350.754 301.785 3.2156 0.646389 305 0 
11.6 0 0 0 0 249.131 377.416 350.631 350.754 301.785 3.2156 0.646389 305 0 
11.7 0 0 0 0 249.131 377.416 350.631 350.754 301.785 3.2156 0.646389 305 0 
11.8 0 0 0 0 249.131 377.416 350.631 350.754 301.785 3.2156 0.646389 305 0 
11.9 0 0 0 0 249.131 377.416 350.631 350.754 301.785 3.2156 0.646389 305 0 
12 0 0 0 0 249.131 377.416 350.631 350.754 301.785 3.2156 0.646389 305 0 
