0 0 0 0 0 0 0 0 0 0 0 0 0 0
0.1 0 0 0 0 0 0 0 0 305 0 0 305 0 
0.2 0.0125 0.0354167 2.7475 7.78458 0.289532 0.757238 1.27834 1.27944 304.476 0.524007 0.00584292 305 0 
0.3 0.0270833 0.084375 5.95292 18.5456 0.868597 2.56125 4.62639 4.6391 303.285 1.71531 0.0672519 305 0 
0.4 0.0489583 0.119792 10.761 26.3302 1.91537 5.12249 8.76579 8.81859 301.491 3.50891 0.27772 305 0 
0.5 0.0697917 0.141667 15.3402 31.1383 3.40757 8.15145 12.9661 13.1009 299.27 5.73132 0.704097 305 0 
0.6 0.0854167 0.160417 18.7746 35.2596 5.23385 11.5813 17.349 17.6178 296.733 8.27065 1.39163 305 0 
0.7 0.0979167 0.176042 21.5221 38.694 7.32739 15.3452 21.9145 22.3778 293.978 11.0321 2.37611 305 0 
0.8 0.10625 0.186458 23.3538 40.9835 9.59911 19.3318 26.6017 27.3229 291.135 13.8881 3.66239 305 0 
0.9 0.114583 0.192708 25.1854 42.3573 12.049 23.4521 31.1672 32.2113 288.28 16.7678 5.25009 305 0 
1 0.105208 0.175 23.1248 38.465 14.2984 27.1938 35.2458 36.6282 285.806 19.2773 6.89163 305 0 
1.1 0.119792 0.198958 26.3302 43.731 16.8597 31.4477 39.8722 41.6884 283.16 21.9819 8.96998 305 0 
1.2 0.122917 0.202083 27.0171 44.4179 19.4878 35.7684 44.4985 46.8081 280.668 24.5598 11.3045 305 0 
1.3 0.125 0.204167 27.475 44.8758 22.1604 40.1336 49.1249 51.9827 278.374 26.9716 13.8718 305 0 
1.4 0.129167 0.210417 28.3908 46.2496 24.922 44.6325 53.8731 57.3434 276.271 29.2351 16.7146 305 0 
1.5 0.133333 0.20625 29.3067 45.3338 27.7728 49.0423 58.1342 62.2582 274.441 31.2686 19.7265 305 0 
1.6 0.132292 0.20625 29.0777 45.3338 30.6013 53.4521 62.4562 67.2665 272.895 33.0655 22.8723 305 0 
1.7 0.132292 0.208333 29.0777 45.7917 33.4298 57.9065 66.9 72.4306 271.637 34.6264 26.1663 305 0 
1.8 0.13125 0.210417 28.8487 46.2496 36.2361 62.4053 71.5264 77.8038 270.695 35.9261 29.5838 305 0 
1.9 0.135417 0.214583 29.7646 47.1654 39.1314 66.9933 76.1528 83.2133 270.075 36.9709 33.1805 305 0 
2 0.139583 0.216667 30.6804 47.6233 42.1158 71.6258 80.6574 88.5254 269.798 37.7397 36.9145 305 0 
2.1 0.138542 0.216667 30.4515 47.6233 45.0779 76.2584 85.2229 93.8983 269.875 38.2096 40.6864 305 0 
2.2 0.140625 0.215625 30.9094 47.3944 48.0846 80.8686 89.6058 99.0853 270.303 38.3846 44.4948 305 0 
2.3 0.1375 0.214583 30.2225 47.1654 51.0245 85.4566 94.1105 104.371 271.065 38.2655 48.2606 305 0 
2.4 0.138542 0.214583 30.4515 47.1654 53.9866 90.0445 98.5542 109.578 272.165 37.8519 52.0168 305 0 
2.5 0.136458 0.213542 29.9935 46.9365 56.9042 94.6102 103.059 114.812 273.577 37.1529 55.6965 305 0 
2.6 0.134375 0.213542 29.5356 46.9365 59.7773 99.1759 107.685 120.128 275.291 36.1693 59.2873 305 0 
2.7 0.134375 0.2125 29.5356 46.7075 62.6503 103.719 112.251 125.342 277.295 34.9051 62.7773 305 0 
2.8 0.136458 0.214583 29.9935 47.1654 65.5679 108.307 116.816 130.518 279.6 33.3487 66.1963 305 0 
2.9 0.138542 0.214583 30.4515 47.1654 68.5301 112.895 121.26 135.526 282.175 31.518 69.5021 305 0 
3 0.140625 0.2125 30.9094 46.7075 71.5368 117.439 125.46 140.24 284.976 29.4433 72.6607 305 0 
3.1 0.141667 0.214583 31.1383 47.1654 74.5657 122.027 129.721 144.965 288.001 27.1211 75.6843 305 0 
3.2 0.136458 0.214583 29.9935 47.1654 77.4833 126.615 134.287 149.931 291.165 24.6105 78.4787 305 0 
3.3 0.140625 0.21875 30.9094 48.0812 80.49 131.292 138.853 154.847 294.571 21.8209 81.1259 305 0 
3.4 0.141667 0.21875 31.1383 48.0812 83.5189 135.969 143.357 159.641 298.125 18.8221 83.5514 305 0 
3.5 0.141667 0.217708 31.1383 47.8523 86.5479 140.624 147.801 164.313 301.781 15.6525 85.7294 305 0 
3.6 0.142708 0.217708 31.3673 47.8523 89.5991 145.278 152.184 168.866 305.531 12.3151 87.6627 305 0 
3.7 0.14375 0.217708 31.5963 47.8523 92.6726 149.933 156.506 173.301 309.352 8.83059 89.3422 305 0 
3.8 0.14375 0.215625 31.5963 47.3944 95.7461 154.543 160.706 177.559 313.185 5.25168 90.7501 305 0 
3.9 0.140625 0.214583 30.9094 47.1654 98.7528 159.131 165.028 181.885 316.986 1.62073 91.8752 305 0 
4 0.138542 0.216667 30.4515 47.6233 101.715 163.764 169.594 186.402 320.777 -2.08634 92.7156 305 0 
4.1 0.140625 0.21875 30.9094 48.0812 104.722 168.441 174.159 190.866 324.581 -5.89265 93.2649 305 0 
4.2 0.14375 0.220833 31.5963 48.5392 107.795 173.163 178.664 195.218 328.383 -9.78611 93.5151 305 0 
4.3 0.144792 0.215625 31.8252 47.3944 110.891 177.773 182.803 199.16 332.07 -13.6429 93.4719 305 0 
4.4 0.145833 0.215625 32.0542 47.3944 114.009 182.383 186.882 203.001 335.682 -17.4979 93.1517 305 0 
4.5 0.145833 0.216667 32.0542 47.6233 117.127 187.016 191.021 206.864 339.202 -21.331 92.5545 305 0 
4.6 0.141667 0.214583 31.1383 47.1654 120.156 191.604 195.282 210.817 342.545 -25.0449 91.6934 305 0 
4.7 0.139583 0.211458 30.6804 46.4785 123.14 196.125 199.483 214.679 345.709 -28.632 90.5773 305 0 
4.8 0.135417 0.208333 29.7646 45.7917 126.036 200.579 203.744 218.579 348.665 -32.0544 89.2285 305 0 
4.9 0.136458 0.207292 29.9935 45.5627 128.953 205.011 207.883 222.328 351.469 -35.369 87.6326 305 0 
5 0.136458 0.210417 29.9935 46.2496 131.871 209.51 212.205 226.23 354.132 -38.5857 85.7801 305 0 
5.1 0.1375 0.210417 30.2225 46.2496 134.811 214.009 216.466 230.045 356.622 -41.6642 83.6859 305 0 
5.2 0.139583 0.210417 30.6804 46.2496 137.795 218.508 220.606 233.713 358.94 -44.5985 81.358 305 0 
5.3 0.133333 0.20625 29.3067 45.3338 140.646 222.918 224.867 237.497 361 -47.2726 78.8971 305 0 
5.4 0.130208 0.20625 28.6198 45.3338 143.43 227.327 229.311 241.45 362.835 -49.7294 76.265 305 0 
5.5 0.129167 0.208333 28.3908 45.7917 146.192 231.782 233.937 245.568 364.453 -51.9773 73.4383 305 0 
5.6 0.129167 0.207292 28.3908 45.5627 148.953 236.214 238.502 249.611 365.833 -53.9855 70.4498 305 0 
5.7 0.128125 0.205208 28.1619 45.1048 151.693 240.601 243.007 253.587 366.967 -55.7348 67.3411 305 0 
5.8 0.135417 0.20625 29.7646 45.3338 154.588 245.011 247.146 257.174 367.897 -57.2828 64.0286 305 0 
5.9 0.132292 0.20625 29.0777 45.3338 157.416 249.421 251.469 260.943 368.593 -58.5704 60.6422 305 0 
6 0.133333 0.207292 29.3067 45.5627 160.267 253.853 255.791 264.703 369.057 -59.6057 57.1471 305 0 
6.1 0.130208 0.209375 28.6198 46.0206 163.051 258.33 260.417 268.766 369.273 -60.3629 53.593 305 0 
6.2 0.129167 0.20625 28.3908 45.3338 165.813 262.739 264.922 272.713 369.235 -60.8292 50.034 305 0 
6.3 0.130208 0.210417 28.6198 46.2496 168.597 267.238 269.609 276.836 368.94 -61.0117 46.3936 305 0 
6.4 0.132292 0.208333 29.0777 45.7917 171.425 271.693 274.053 280.72 368.393 -60.904 42.75 305 0 
6.5 0.133333 0.208333 29.3067 45.7917 174.276 276.147 278.435 284.547 367.602 -60.5152 39.1144 305 0 
6.6 0.134375 0.208333 29.5356 45.7917 177.149 280.601 282.758 288.319 366.574 -59.8497 35.5078 305 0 
6.7 0.134375 0.207292 29.5356 45.5627 180.022 285.033 287.019 292.042 365.321 -58.9192 31.9719 305 0 
6.8 0.135417 0.208333 29.7646 45.7917 182.918 289.488 291.28 295.774 363.839 -57.7214 28.4937 305 0 
6.9 0.13125 0.208333 28.8487 45.7917 185.724 293.942 295.784 299.77 362.154 -56.2792 25.1582 305 0 
7 0.132292 0.210417 29.0777 46.2496 188.552 298.441 300.35 303.84 360.23 -54.5622 21.9176 305 0 
7.1 0.134375 0.210417 29.5356 46.2496 191.425 302.94 304.794 307.805 358.078 -52.5841 18.8028 305 0 
7.2 0.133333 0.211458 29.3067 46.4785 194.276 307.461 309.359 311.915 355.721 -50.3677 15.8531 305 0 
7.3 0.139583 0.213542 30.6804 46.9365 197.261 312.027 313.681 315.795 353.11 -47.8705 13.0168 305 0 
7.4 0.141667 0.214583 31.1383 47.1654 200.29 316.615 317.942 319.637 350.297 -45.1442 10.3518 305 0 
7.5 0.14375 0.216667 31.5963 47.6233 203.363 321.247 322.204 323.502 347.283 -42.1934 7.86801 305 0 
7.6 0.138542 0.214583 30.4515 47.1654 206.325 325.835 326.647 327.59 344.173 -39.1261 5.66077 305 0 
7.7 0.138542 0.214583 30.4515 47.1654 209.287 330.423 331.091 331.713 340.917 -35.8971 3.6977 305 0 
7.8 0.138542 0.214583 30.4515 47.1654 212.249 335.011 335.535 335.873 337.532 -32.5258 1.99058 305 0 
7.9 0.136458 0.215625 29.9935 47.3944 215.167 339.621 340.161 340.257 334.041 -29.0405 0.559495 305 0 
8 0.1375 0.2125 30.2225 46.7075 218.107 344.165 344.544 344.442 330.475 -25.4747 -0.586782 305 0 
8.1 0.1375 0.210417 30.2225 46.2496 221.047 348.664 348.805 348.55 326.858 -21.8544 -1.45602 305 0 
8.2 0.138542 0.210417 30.4515 46.2496 224.009 353.163 353.006 352.641 323.175 -18.1688 -2.05775 305 0 
8.3 0.134375 0.210417 29.5356 46.2496 226.882 357.661 357.449 357.023 319.502 -14.4928 -2.37629 305 0 
8.4 0.133333 0.20625 29.3067 45.3338 229.733 362.071 1.52817 1.08998 315.868 -10.859 -2.4145 305 0 
8.5 0.138542 0.211458 30.4515 46.4785 232.695 366.592 5.78932 5.38975 312.129 -7.12104 -2.1756 305 0 
8.6 0.1375 0.209375 30.2225 46.0206 235.635 371.069 9.98959 9.6799 308.449 -3.44402 -1.66632 305 0 
8.7 0.138542 0.210417 30.4515 46.2496 238.597 375.568 14.1899 14.0235 304.794 0.20765 -0.884567 305 0 
8.8 0.140625 0.2125 30.9094 46.7075 241.604 380.111 18.3901 18.4234 301.165 3.8351 0.174917 305 0 
8.9 0.141667 0.211458 31.1383 46.4785 244.633 384.633 22.4687 22.7563 297.627 7.3767 1.49337 305 0 
9 0.1375 0.211458 30.2225 46.4785 247.572 389.154 26.7907 27.3847 294.244 10.7716 3.04893 305 0 
9.1 0.1375 0.210417 30.2225 46.2496 250.512 393.653 31.0518 32.007 291.009 14.031 4.84868 305 0 
9.2 0.1125 0.183333 24.7275 40.2967 253.318 398.196 35.8 37.1684 287.98 17.1016 6.87408 305 0 
9.3 0.0791667 0.133333 17.4008 29.3067 255.323 401.537 39.4524 41.1583 285.905 19.2212 8.50681 305 0 
9.4 0.0427083 0.084375 9.38729 18.5456 256.414 403.675 42.3134 44.2395 284.717 20.4438 9.56445 305 0 
9.5 0.0104167 0.040625 2.28958 8.92937 256.704 404.722 44.3831 46.405 284.246 20.9305 10.0235 305 0 
9.6 0 0.00833333 0 1.83167 256.704 404.967 45.0527 47.0926 284.162 21.0177 10.1097 305 0 
9.7 0 0 0 0 256.704 404.967 45.0527 47.0926 284.162 21.0177 10.1097 305 0 
9.8 0 0 0 0 256.704 404.967 45.0527 47.0926 284.162 21.0177 10.1097 305 0 
9.9 0 0 0 0 256.704 404.967 45.0527 47.0926 284.162 21.0177 10.1097 305 0 
10 0 0 0 0 256.704 404.967 45.0527 47.0926 284.162 21.0177 10.1097 305 0 
