0 0 0 0 0 0 0 0 0 0 0 0 0 0
0.1 0 0 0 0 0 0 0 0 305 0 0 305 0 
0.2 0.0208333 0.0302083 4.57917 6.63979 0.467706 0.64588 0.486988 0.487434 304.443 0.557493 0.00236803 305 0 
0.3 0.0395833 0.0802083 8.70042 17.6298 1.31403 2.3608 2.86106 2.86858 303.161 1.83911 0.0398048 305 0 
0.4 0.0625 0.11875 13.7375 26.1012 2.65033 4.89978 6.14823 6.18478 301.227 3.77295 0.192082 305 0 
0.5 0.0770833 0.14375 16.9429 31.5963 4.29844 7.97327 10.0441 10.1448 298.888 6.11277 0.524757 305 0 
0.6 0.0916667 0.164583 20.1483 36.1754 6.25835 11.4922 14.3053 14.5187 296.209 8.79342 1.10279 305 0 
0.7 0.102083 0.177083 22.4379 38.9229 8.44098 15.2784 18.6882 19.0694 293.348 11.658 1.9507 305 0 
0.8 0.10625 0.189583 23.3538 41.6704 10.7127 19.3318 23.5581 24.1682 290.405 14.6112 3.09096 305 0 
0.9 0.114583 0.19375 25.1854 42.5863 13.1626 23.4744 28.1844 29.0879 287.455 17.5803 4.53002 305 0 
1 0.121875 0.202083 26.7881 44.4179 15.7684 27.7951 32.8717 34.1392 284.503 20.567 6.29015 305 0 
1.1 0.123958 0.202083 27.246 44.4179 18.4187 32.1158 37.4372 39.1261 281.702 23.4202 8.29819 305 0 
1.2 0.129167 0.205208 28.3908 45.1048 21.1804 36.5033 41.881 44.0553 279.025 26.1758 10.5809 305 0 
1.3 0.133333 0.208333 29.3067 45.7917 24.0312 40.9577 46.2639 48.9855 276.508 28.8037 13.1231 305 0 
1.4 0.133333 0.211458 29.3067 46.4785 26.882 45.5011 50.8903 54.2155 274.208 31.2533 15.8971 305 0 
1.5 0.132292 0.211458 29.0777 46.4785 29.7105 50.0223 55.5167 59.4879 272.195 33.4581 18.8417 305 0 
1.6 0.130208 0.209375 28.6198 46.0206 32.4944 54.4989 60.143 64.7928 270.495 35.3945 21.9167 305 0 
1.7 0.13125 0.211458 28.8487 46.4785 35.3007 59.02 64.8303 70.1998 269.089 37.0904 25.1683 305 0 
1.8 0.135417 0.2125 29.7646 46.7075 38.196 63.5635 69.3349 75.4637 267.988 38.5422 28.5967 305 0 
1.9 0.135417 0.2125 29.7646 46.7075 41.0913 68.1069 73.8396 80.7486 267.218 39.7205 32.1285 305 0 
2 0.142708 0.214583 31.3673 47.1654 44.1425 72.6949 78.0399 85.7641 266.766 40.6519 35.8369 305 0 
2.1 0.141667 0.214583 31.1383 47.1654 47.1715 77.2829 82.301 90.8443 266.65 41.3054 39.5929 305 0 
2.2 0.139583 0.216667 30.6804 47.6233 50.1559 81.9154 86.8056 96.1667 266.88 41.6701 43.3878 305 0 
2.3 0.138542 0.21875 30.4515 48.0812 53.118 86.5924 91.4929 101.665 267.47 41.7299 47.2107 305 0 
2.4 0.1375 0.21875 30.2225 48.0812 56.0579 91.2695 96.241 107.203 268.416 41.4759 51.0144 305 0 
2.5 0.139583 0.215625 30.6804 47.3944 59.0423 95.8797 100.685 112.409 269.701 40.9198 54.7747 305 0 
2.6 0.139583 0.216667 30.6804 47.6233 62.0267 100.512 105.189 117.646 271.31 40.0697 58.491 305 0 
2.7 0.145833 0.216667 32.0542 47.6233 65.1448 105.145 109.329 122.492 273.25 38.9222 62.1968 305 0 
2.8 0.141667 0.214583 31.1383 47.1654 68.1737 109.733 113.59 127.407 275.431 37.531 65.7463 305 0 
2.9 0.141667 0.215625 31.1383 47.3944 71.2027 114.343 117.912 132.338 277.879 35.8733 69.1918 305 0 
3 0.136458 0.213542 29.9935 46.9365 74.1203 118.909 122.417 137.388 280.518 33.9947 72.4321 305 0 
3.1 0.138542 0.216667 30.4515 47.6233 77.0824 123.541 126.982 142.452 283.423 31.8343 75.5596 305 0 
3.2 0.142708 0.221875 31.3673 48.7681 80.1336 128.285 131.609 147.529 286.616 29.3669 78.5817 305 0 
3.3 0.14375 0.221875 31.5963 48.7681 83.2071 133.029 136.174 152.485 290.002 26.6577 81.4046 305 0 
3.4 0.147917 0.220833 32.5121 48.5392 86.3697 137.751 140.435 157.077 293.57 23.7143 84.0331 305 0 
3.5 0.145833 0.217708 32.0542 47.8523 89.4877 142.405 144.635 161.545 297.207 20.6293 86.4034 305 0 
3.6 0.144792 0.216667 31.8252 47.6233 92.5835 147.038 148.836 165.954 300.919 17.3977 88.5293 305 0 
3.7 0.142708 0.217708 31.3673 47.8523 95.6347 151.693 153.219 170.487 304.694 14.0259 90.4021 305 0 
3.8 0.142708 0.217708 31.3673 47.8523 98.686 156.347 157.602 174.962 308.519 10.5209 92.0119 305 0 
3.9 0.142708 0.215625 31.3673 47.3944 101.737 160.958 161.863 179.26 312.349 6.92554 93.3454 305 0 
4 0.142708 0.214583 31.3673 47.1654 104.788 165.546 166.063 183.445 316.171 3.25229 94.407 305 0 
4.1 0.148958 0.216667 32.741 47.6233 107.973 170.178 170.02 187.337 320.068 -0.574455 95.2235 305 0 
4.2 0.144792 0.214583 31.8252 47.1654 111.069 174.766 174.098 191.305 323.864 -4.3827 95.7606 305 0 
4.3 0.15 0.216667 32.97 47.6233 114.276 179.399 177.994 195.045 327.686 -8.29698 96.0373 305 0 
4.4 0.154167 0.211458 33.8858 46.4785 117.572 183.92 181.342 198.2 331.438 -12.21 96.0662 305 0 
4.5 0.147917 0.213542 32.5121 46.9365 120.735 188.486 185.177 201.808 335.075 -16.0724 95.8525 305 0 
4.6 0.1375 0.2125 30.2225 46.7075 123.675 193.029 189.56 205.934 338.503 -19.7877 95.3782 305 0 
4.7 0.13125 0.208333 28.8487 45.7917 126.481 197.483 194.065 210.152 341.713 -23.346 94.6404 305 0 
4.8 0.125 0.196875 27.475 43.2731 129.154 201.693 198.265 214.047 344.635 -26.6561 93.6871 305 0 
4.9 0.122917 0.194792 27.0171 42.8152 131.782 205.857 202.465 217.917 347.39 -29.8456 92.5096 305 0 
5 0.113542 0.191667 24.9565 42.1283 134.209 209.955 207.031 222.138 349.895 -32.8142 91.1477 305 0 
5.1 0.10625 0.191667 23.3538 42.1283 136.481 214.053 212.022 226.766 352.175 -35.591 89.5817 305 0 
5.2 0.0989583 0.189583 21.751 41.6704 138.597 218.107 217.318 231.683 354.196 -38.1336 87.8303 305 0 
5.3 0.0927083 0.1875 20.3773 41.2125 140.579 222.116 222.858 236.83 355.952 -40.4311 85.904 305 0 
5.4 0.09375 0.183333 20.6063 40.2967 142.584 226.036 228.093 241.657 357.474 -42.5143 83.7943 305 0 
5.5 0.090625 0.177083 19.9194 38.9229 144.521 229.822 233.146 246.297 358.736 -44.3363 81.5838 305 0 
5.6 0.0916667 0.176042 20.1483 38.694 146.481 233.586 238.076 250.803 359.79 -45.9592 79.2232 305 0 
5.7 0.0770833 0.151042 16.9429 33.199 148.129 236.815 242.398 254.754 360.518 -47.1756 77.1066 305 0 
5.8 0.090625 0.1625 19.9194 35.7175 150.067 240.29 246.599 258.536 361.149 -48.3472 74.6642 305 0 
5.9 0.0916667 0.160417 20.1483 35.2596 152.027 243.719 250.616 262.132 361.609 -49.3367 72.1545 305 0 
6 0.0833333 0.158333 18.3167 34.8017 153.808 247.105 254.999 266.107 361.88 -50.1066 69.6856 305 0 
6.1 0.0822917 0.155208 18.0877 34.1148 155.568 250.423 259.26 269.966 361.973 -50.6784 67.2091 305 0 
6.2 0.084375 0.157292 18.5456 34.5727 157.372 253.786 263.521 273.818 361.893 -51.0714 64.6529 305 0 
6.3 0.0760417 0.160417 16.714 35.2596 158.998 257.216 268.452 278.35 361.631 -51.2545 62.1293 305 0 
6.4 0.0760417 0.158333 16.714 34.8017 160.624 260.601 273.261 282.768 361.178 -51.223 59.6215 305 0 
6.5 0.0739583 0.158333 16.256 34.8017 162.205 263.987 278.192 287.317 360.539 -50.981 57.1476 305 0 
6.6 0.078125 0.160417 17.1719 35.2596 163.875 267.416 283.001 291.743 359.692 -50.5178 54.6374 305 0 
6.7 0.0791667 0.157292 17.4008 34.5727 165.568 270.78 287.567 295.938 358.675 -49.857 52.1948 305 0 
6.8 0.0791667 0.161458 17.4008 35.4885 167.261 274.232 292.376 300.383 357.466 -48.9837 49.7725 305 0 
6.9 0.0791667 0.161458 17.4008 35.4885 168.953 277.684 297.185 304.843 356.084 -47.9106 47.4319 305 0 
7 0.0864583 0.165625 19.0035 36.4044 170.802 281.225 301.811 309.121 354.467 -46.5886 45.0805 305 0 
7.1 0.090625 0.164583 19.9194 36.1754 172.739 284.744 306.133 313.109 352.677 -45.0686 42.8115 305 0 
7.2 0.0895833 0.167708 19.6904 36.8623 174.655 288.33 310.698 317.357 350.727 -43.3637 40.6495 305 0 
7.3 0.0895833 0.170833 19.6904 37.5492 176.57 291.982 315.447 321.808 348.611 -41.4662 38.6086 305 0 
7.4 0.0895833 0.173958 19.6904 38.236 178.486 295.702 320.377 326.465 346.33 -39.3787 36.7125 305 0 
7.5 0.0854167 0.178125 18.7746 39.1519 180.312 299.51 325.795 331.641 343.916 -37.1289 35.0124 305 0 
7.6 0.0864583 0.179167 19.0035 39.3808 182.16 303.341 331.213 336.851 341.36 -34.7098 33.5205 305 0 
7.7 0.0864583 0.176042 19.0035 38.694 184.009 307.105 336.448 341.918 338.734 -32.1926 32.2742 305 0 
7.8 0.0895833 0.175 19.6904 38.465 185.924 310.846 341.44 346.779 336.01 -29.5535 31.2491 305 0 
7.9 0.09375 0.178125 20.6063 39.1519 187.929 314.655 346.37 351.614 333.154 -26.7607 30.4341 305 0 
8 0.09375 0.176042 20.6063 38.694 189.933 318.419 351.179 356.37 330.284 -23.9307 29.8633 305 0 
8.1 0.0958333 0.176042 21.0642 38.694 191.982 322.183 355.867 361.044 327.375 -21.041 29.5261 305 0 
8.2 0.1 0.170833 21.98 37.5492 194.12 325.835 360.006 365.209 324.481 -18.1448 29.4126 305 0 
8.3 0.0979167 0.171875 21.5221 37.7781 196.214 329.51 4.14573 9.41345 321.616 -15.2594 29.5125 305 0 
8.4 0.09375 0.171875 20.6063 37.7781 198.218 333.185 8.71125 14.0825 318.833 -12.4347 29.8306 305 0 
8.5 0.0895833 0.177083 19.6904 38.9229 200.134 336.971 13.8246 19.344 316.1 -9.63622 30.3879 305 0 
8.6 0.0854167 0.177083 18.7746 38.9229 201.96 340.757 19.1815 24.8934 313.498 -6.94304 31.1854 305 0 
8.7 0.0854167 0.180208 18.7746 39.6098 203.786 344.61 24.721 30.676 310.983 -4.30674 32.2473 305 0 
8.8 0.084375 0.175 18.5456 38.465 205.59 348.352 30.017 36.255 308.667 -1.84173 33.5226 305 0 
8.9 0.0875 0.176042 19.2325 38.694 207.461 352.116 35.1912 41.7599 306.476 0.534313 35.0414 305 0 
9 0.090625 0.175 19.9194 38.465 209.399 355.857 40.122 47.0638 304.444 2.78516 36.7771 305 0 
9.1 0.0916667 0.173958 20.1483 38.236 211.359 359.577 44.931 52.2819 302.604 4.88064 38.6976 305 0 
9.2 0.0739583 0.148958 16.256 32.741 213.229 363.296 49.9835 57.7697 300.999 6.77318 40.7581 305 0 
9.3 0.0520833 0.0989583 11.4479 21.751 214.566 365.813 53.2098 61.3131 300.021 7.97196 42.269 305 0 
9.4 0.021875 0.0572917 4.80813 12.5927 215.145 367.261 55.5839 63.8593 299.553 8.56301 43.0937 305 0 
9.5 0.00208333 0.0177083 0.457917 3.89229 215.234 367.751 56.6796 65.0051 299.428 8.72469 43.3343 305 0 
9.6 0 0 0 0 215.234 367.751 56.6796 65.0051 299.428 8.72469 43.3343 305 0 
9.7 0 0 0 0 215.234 367.751 56.6796 65.0051 299.428 8.72469 43.3343 305 0 
9.8 0 0 0 0 215.234 367.751 56.6796 65.0051 299.428 8.72469 43.3343 305 0 
9.9 0 0 0 0 215.234 367.751 56.6796 65.0051 299.428 8.72469 43.3343 305 0 
10 0 0 0 0 215.234 367.751 56.6796 65.0051 299.428 8.72469 43.3343 305 0 
