0 0 0 0 0 0 0 0 0 0 0 0 0 0
0.1 0 0 0 0 0 0 0 0 247 0 0 247 0 
0.2 0.0333333 0.0385417 7.32667 8.47146 0.712695 0.824053 0.304368 0.304843 246.231 0.769346 0.00204244 247 0 
0.3 0.0770833 0.0885417 16.9429 19.4615 2.3608 2.71715 0.973976 0.979091 244.458 2.54208 0.0218092 247 0 
0.4 0.116667 0.127083 25.6433 27.9329 4.85523 5.4343 1.58271 1.60167 241.85 5.15052 0.079987 247 0 
0.5 0.151042 0.153125 33.199 33.6569 8.08463 8.70824 1.70446 1.7461 238.595 8.40498 0.173323 247 0 
0.6 0.170833 0.171875 37.5492 37.7781 12.2272 12.8731 1.76533 1.83849 234.438 12.562 0.299171 247 0 
0.7 0.185417 0.188542 40.7546 41.4415 16.1915 16.9042 1.94795 2.05462 230.438 16.5628 0.428793 247 0 
0.8 0.194792 0.198958 42.8152 43.731 20.3563 21.1581 2.19145 2.33865 226.226 20.7747 0.580931 247 0 
0.9 0.204167 0.208333 44.8758 45.7917 24.7216 25.6125 2.43494 2.63111 221.815 25.1865 0.759054 247 0 
1 0.2125 0.214583 46.7075 47.1654 29.265 30.2004 2.55669 2.80948 217.248 29.7537 0.958026 247 0 
1.1 0.216667 0.217708 47.6233 47.8523 33.8975 34.8552 2.61756 2.93244 212.605 34.3985 1.16779 247 0 
1.2 0.219792 0.222917 48.3102 48.9971 38.5969 39.6214 2.80018 3.18396 207.873 39.132 1.39164 247 0 
1.3 0.220833 0.225 48.5392 49.455 43.3408 44.4543 3.04368 3.50545 203.086 43.9202 1.63591 247 0 
1.4 0.216667 0.219792 47.6233 48.3102 47.9733 49.1537 3.2263 3.7727 198.424 48.5851 1.89128 247 0 
1.5 0.225 0.227083 49.455 49.9129 52.784 54.0089 3.34804 3.9902 193.596 53.4162 2.16862 247 0 
1.6 0.222917 0.227083 48.9971 49.9129 57.5501 58.8641 3.59154 4.33851 188.792 58.2242 2.45999 247 0 
1.7 0.221875 0.227083 48.7681 49.9129 62.3163 63.7194 3.83503 4.69866 183.99 63.0309 2.77179 247 0 
1.8 0.223958 0.227083 49.226 49.9129 67.1269 68.5746 3.95678 4.94881 179.168 67.8588 3.10041 247 0 
1.9 0.228125 0.229167 50.1419 50.3708 72.0267 73.4967 4.01765 5.15 174.27 72.7641 3.44215 247 0 
2 0.230208 0.230208 50.5998 50.5998 76.971 78.4187 3.95678 5.23825 169.351 77.6916 3.78543 247 0 
2.1 0.230208 0.23125 50.5998 50.8288 81.9154 83.363 3.95678 5.39575 164.421 82.6304 4.12687 247 0 
2.2 0.23125 0.23125 50.8288 50.8288 86.882 88.3074 3.89591 5.50155 159.482 87.5805 4.46645 247 0 
2.3 0.230208 0.23125 50.5998 50.8288 91.804 93.2517 3.95678 5.73894 154.566 92.5084 4.8045 247 0 
2.4 0.235417 0.232292 51.7446 51.0577 96.8374 98.2405 3.83503 5.80735 149.574 97.5143 5.14524 247 0 
2.5 0.236458 0.241667 51.9735 53.1183 101.893 103.408 4.1394 6.32243 144.485 102.62 5.50092 247 0 
2.6 0.238542 0.239583 52.4315 52.6604 107.016 108.53 4.1394 6.55461 139.388 107.735 5.87096 247 0 
2.7 0.234375 0.235417 51.5156 51.7446 112.027 113.563 4.20027 6.86133 134.394 112.751 6.23642 247 0 
2.8 0.23125 0.225 50.8288 49.455 116.993 118.374 3.77416 6.68588 129.533 117.634 6.57661 247 0 
2.9 0.225 0.220833 49.455 48.5392 121.804 123.096 3.53066 6.69286 124.794 122.396 6.88046 247 0 
3 0.227083 0.219792 49.9129 48.3102 126.659 127.795 3.10455 6.5244 120.042 127.172 7.15714 247 0 
3.1 0.220833 0.214583 48.5392 47.1654 131.381 132.405 2.80018 6.47747 115.4 131.837 7.39764 247 0 
3.2 0.225 0.216667 49.455 47.6233 136.192 137.038 2.31319 6.25619 110.702 136.56 7.60842 247 0 
3.3 0.222917 0.211458 48.9971 46.4785 140.958 141.559 1.64359 5.84566 106.078 141.207 7.76885 247 0 
3.4 0.216667 0.20625 47.6233 45.3338 145.59 145.991 1.09572 5.54636 101.562 145.744 7.87727 247 0 
3.5 0.217708 0.213542 47.8523 46.9365 150.245 150.579 0.913103 5.62369 96.957 150.37 7.95834 247 0 
3.6 0.213542 0.209375 46.9365 46.0206 154.811 155.056 0.669609 5.64919 92.4519 154.897 8.02083 247 0 
3.7 0.214583 0.20625 47.1654 45.3338 159.399 159.465 0.182621 5.4386 87.9684 159.401 8.05432 247 0 
3.8 0.21875 0.2125 48.0812 46.7075 164.076 164.009 -0.182621 5.36396 83.3728 164.017 8.05432 247 0 
3.9 0.2125 0.208333 46.7075 45.7917 168.619 168.463 -0.426115 5.41939 78.8881 168.522 8.0304 247 0 
4 0.211458 0.211458 46.4785 46.4785 173.163 172.984 -0.486988 5.68686 74.3713 173.06 7.99426 247 0 
4.1 0.216667 0.2125 47.6233 46.7075 177.795 177.55 -0.669609 5.87287 69.7897 177.664 7.9478 247 0 
4.2 0.216667 0.210417 47.6233 46.2496 182.428 182.049 -1.03485 5.90569 65.2423 182.235 7.87984 247 0 
4.3 0.214583 0.208333 47.1654 45.7917 187.016 186.503 -1.40009 5.96628 60.7396 186.761 7.78371 247 0 
4.4 0.211458 0.208333 46.4785 45.7917 191.537 190.958 -1.58271 6.25197 56.2716 191.253 7.66682 247 0 
4.5 0.214583 0.207292 47.1654 45.5627 196.125 195.39 -2.00883 6.35152 51.7831 195.767 7.52538 247 0 
4.6 0.215625 0.20625 47.3944 45.3338 200.735 199.822 -2.49581 6.4482 47.2843 200.29 7.34756 247 0 
4.7 0.216667 0.20625 47.6233 45.3338 205.367 204.232 -3.10455 6.48827 42.7861 204.812 7.12652 247 0 
4.8 0.209375 0.202083 46.0206 44.4179 209.844 208.552 -3.53066 6.78025 38.4113 209.208 6.87177 247 0 
4.9 0.211458 0.207292 46.4785 45.5627 214.388 212.984 -3.83503 7.35118 33.9518 213.693 6.58329 247 0 
5 0.20625 0.202083 45.3338 44.4179 218.797 217.305 -4.07853 8.17168 29.6208 218.053 6.28184 247 0 
5.1 0.207292 0.197917 45.5627 43.5021 223.229 221.559 -4.56551 9.04203 25.3209 222.389 5.9543 247 0 
5.2 0.182292 0.177083 40.0677 38.9229 227.751 225.924 -4.99163 10.485 20.9359 226.822 5.58387 247 0 
5.3 0.135417 0.123958 29.7646 27.246 231.136 229.02 -5.78298 11.5287 17.7505 230.053 5.27939 247 0 
5.4 0.0916667 0.0854167 20.1483 18.7746 233.764 231.448 -6.33085 12.8339 15.276 232.57 5.01246 247 0 
5.5 0.0489583 0.040625 10.761 8.92937 235.212 232.695 -6.87871 13.4901 13.9622 233.91 4.85736 247 0 
5.6 0.0229167 0.0104167 5.03708 2.28958 235.813 232.962 -7.79181 12.992 13.5389 234.341 4.80187 247 0 
5.7 0 0 0 0 235.835 232.962 -7.85268 12.9417 13.5281 234.352 4.80036 247 0 
5.8 0 0 0 0 235.835 232.962 -7.85268 12.9417 13.5281 234.352 4.80036 247 0 
5.9 0 0 0 0 235.835 232.962 -7.85268 12.9417 13.5281 234.352 4.80036 247 0 
6 0 0 0 0 235.835 232.962 -7.85268 12.9417 13.5281 234.352 4.80036 247 0 
