0 0 0 0 0 0 0 0 0 0 0 0 0 0
0.1 0 0 0 0 0 0 0 0 225 0 0 225 0 
0.2 0.03125 0.0354167 6.86875 7.78458 0.668151 0.757238 0.243494 0.243881 224.286 0.713598 0.00151555 225 0 
0.3 0.078125 0.08125 17.1719 17.8587 2.33853 2.5167 0.486988 0.490196 222.569 2.43066 0.0124558 225 0 
0.4 0.120833 0.126042 26.5592 27.704 4.92205 5.21158 0.791356 0.802282 219.927 5.07304 0.0419196 225 0 
0.5 0.152083 0.153125 33.4279 33.6569 8.17372 8.48552 0.852229 0.875712 216.66 8.33966 0.0887521 225 0 
0.6 0.173958 0.16875 38.236 37.0913 12.3831 12.5835 0.547862 0.585504 212.502 12.4983 0.139539 225 0 
0.7 0.190625 0.188542 41.8994 41.4415 16.4588 16.6147 0.426115 0.473972 208.443 16.5567 0.174018 225 0 
0.8 0.203125 0.2 44.6469 43.96 20.8241 20.8909 0.182621 0.237943 204.117 20.8829 0.196988 225 0 
0.9 0.20625 0.207292 45.3338 45.5627 25.2339 25.3452 0.304368 0.366331 199.68 25.3205 0.215837 225 0 
1 0.216667 0.220833 47.6233 48.5392 29.8664 30.0668 0.547862 0.621547 194.997 30.0034 0.250647 225 0 
1.1 0.223958 0.220833 49.226 48.5392 34.6548 34.7884 0.365241 0.452196 190.236 34.7643 0.288565 225 0 
1.2 0.229167 0.223958 50.3708 49.226 39.5546 39.5768 0.0608735 0.155678 185.386 39.6145 0.306592 225 0 
1.3 0.20625 0.211458 45.3338 46.4785 43.9644 44.098 0.365241 0.467654 180.915 44.0856 0.32321 225 0 
1.4 0.230208 0.23125 50.5998 50.8288 48.8864 49.0423 0.426115 0.542508 175.975 49.025 0.357303 225 0 
1.5 0.233333 0.232292 51.2867 51.0577 53.8975 54.0312 0.365241 0.496629 170.969 54.0312 0.391859 225 0 
1.6 0.232292 0.233333 51.0577 51.2867 58.8641 59.02 0.426115 0.573328 165.985 59.0151 0.42626 225 0 
1.7 0.23125 0.23125 50.8288 50.8288 63.8085 63.9644 0.426115 0.590954 161.035 63.9656 0.463059 225 0 
1.8 0.225 0.225 49.455 49.455 68.6414 68.7751 0.365241 0.547404 156.207 68.7934 0.496384 225 0 
1.9 0.235417 0.234375 51.7446 51.5156 73.6971 73.7862 0.243494 0.441877 151.168 73.8332 0.523142 225 0 
2 0.2375 0.233333 52.2025 51.2867 78.7751 78.7973 0.0608735 0.271375 146.117 78.8841 0.536551 225 0 
2.1 0.2375 0.232292 52.2025 51.0577 83.853 83.7639 -0.243494 -0.0287446 141.088 83.9127 0.528542 225 0 
2.2 0.229167 0.230208 50.3708 50.5998 88.7528 88.686 -0.182621 0.03219 136.171 88.8298 0.510266 225 0 
2.3 0.233333 0.233333 51.2867 51.2867 93.7416 93.6748 -0.182621 0.0334158 131.176 93.825 0.494353 225 0 
2.4 0.234375 0.23125 51.5156 50.8288 98.7528 98.6414 -0.304368 -0.0894182 126.181 98.8202 0.473135 225 0 
2.5 0.239583 0.2375 52.6604 52.2025 103.875 103.719 -0.426115 -0.217504 121.074 103.927 0.440599 225 0 
2.6 0.240625 0.239583 52.8894 52.6604 109.042 108.842 -0.547862 -0.351622 115.923 109.078 0.396838 225 0 
2.7 0.240625 0.238542 52.8894 52.4315 114.187 113.942 -0.669609 -0.492464 110.794 114.207 0.342373 225 0 
2.8 0.24375 0.2375 53.5762 52.2025 119.399 119.02 -1.03485 -0.890623 105.643 119.357 0.265794 225 0 
2.9 0.245833 0.240625 54.0342 52.8894 124.655 124.165 -1.33922 -1.24905 100.437 124.563 0.157978 225 0 
3 0.241667 0.242708 53.1183 53.3473 129.822 129.354 -1.27834 -1.2545 95.2534 129.747 0.039616 225 0 
3.1 0.241667 0.241667 53.1183 53.1183 135.011 134.521 -1.33922 -1.38934 90.07 134.93 -0.0787465 225 0 
3.2 0.244792 0.239583 53.8052 52.6604 140.245 139.666 -1.58271 -1.72532 84.876 140.124 -0.211153 225 0 
3.3 0.233333 0.23125 51.2867 50.8288 145.234 144.633 -1.64359 -1.89571 79.8945 145.106 -0.351388 225 0 
3.4 0.239583 0.242708 52.6604 53.3473 150.356 149.822 -1.46096 -1.83771 74.7347 150.267 -0.491163 225 0 
3.5 0.240625 0.241667 52.8894 53.1183 155.501 155.011 -1.33922 -1.84809 69.5638 155.439 -0.617509 225 0 
3.6 0.245833 0.241667 54.0342 53.1183 160.757 160.178 -1.58271 -2.25129 64.349 160.655 -0.750484 225 0 
3.7 0.244792 0.240625 53.8052 52.8894 165.991 165.323 -1.82621 -2.70315 59.1579 165.849 -0.904953 225 0 
3.8 0.242708 0.241667 53.3473 53.1183 171.203 170.49 -1.94795 -3.09091 53.9686 171.042 -1.07597 225 0 
3.9 0.240625 0.240625 52.8894 52.8894 176.347 175.635 -1.94795 -3.41685 48.8256 176.19 -1.25098 225 0 
4 0.244792 0.241667 53.8052 53.1183 181.581 180.802 -2.13057 -4.01791 43.6295 181.394 -1.43617 225 0 
4.1 0.240625 0.241667 52.8894 53.1183 186.748 185.969 -2.13057 -4.55781 38.4703 186.564 -1.62842 225 0 
4.2 0.24375 0.24375 53.5762 53.5762 191.96 191.18 -2.13057 -5.27192 33.2711 191.779 -1.82231 225 0 
4.3 0.241667 0.241667 53.1183 53.1183 197.127 196.347 -2.13057 -6.24042 28.1234 196.949 -2.01455 225 0 
4.4 0.246875 0.242708 54.2631 53.3473 202.428 201.559 -2.37407 -7.94318 22.9004 202.208 -2.22128 225 0 
4.5 0.244792 0.240625 53.8052 52.8894 207.661 206.704 -2.61756 -10.5376 17.7708 207.399 -2.44743 225 0 
4.6 0.242708 0.239583 53.3473 52.6604 212.851 211.849 -2.73931 -14.9492 12.721 212.566 -2.68907 225 0 
4.7 0.239583 0.239583 52.6604 52.6604 217.973 216.971 -2.73931 -24.6188 7.87719 217.69 -2.93407 225 0 
4.8 0.23125 0.230208 50.8288 50.5998 222.918 221.893 -2.80018 -55.9897 3.96411 222.623 -3.17263 225 0 
4.9 0.238542 0.235417 52.4315 51.7446 228.018 226.926 -2.9828 -131.167 4.35785 227.69 -3.42842 225 0 
5 0.236458 0.234375 51.9735 51.5156 233.074 231.96 -3.04368 -157.593 8.57091 232.734 -3.6938 225 0 
5.1 0.236458 0.234375 51.9735 51.5156 238.129 236.993 -3.10455 -165.95 13.3787 237.778 -3.96453 225 0 
5.2 0.211458 0.208333 46.4785 45.7917 243.341 242.16 -3.2263 -169.998 18.4619 242.966 -4.2513 225 0 
5.3 0.159375 0.15 35.0306 32.97 247.327 245.902 -3.89591 -172.354 22.2847 246.827 -4.4915 225 0 
5.4 0.119792 0.10625 26.3302 23.3538 250.312 248.575 -4.74813 -174.029 25.0963 249.651 -4.70482 225 0 
5.5 0.075 0.0604167 16.485 13.2796 252.494 250.356 -5.84386 -175.528 27.0725 251.628 -4.88791 225 0 
5.6 0.0322917 0.0197917 7.09771 4.35021 253.497 250.98 -6.87871 -176.681 27.8844 252.436 -4.97805 225 0 
5.7 0.00208333 0 0.457917 0 253.563 251.002 -7.00045 -176.808 27.929 252.481 -4.98344 225 0 
5.8 0 0 0 0 253.563 251.002 -7.00045 -176.808 27.929 252.481 -4.98344 225 0 
5.9 0 0 0 0 253.563 251.002 -7.00045 -176.808 27.929 252.481 -4.98344 225 0 
6 0 0 0 0 253.563 251.002 -7.00045 -176.808 27.929 252.481 -4.98344 225 0 
