0 0 0 0 0 0 0 0 0 0 0 0 0 0
0.1 0 0 0 0 0 -0.0222717 -0.0608735 -0.0608724 305.011 -0.01115 5.92012e-06 305 0 
0.2 0.0927083 0.0791667 20.3773 17.4008 2.02673 1.67038 -0.973976 -0.977153 303.149 1.8508 -0.0168009 305 0 
0.3 0.16875 0.178125 37.0913 39.1519 5.63474 5.50111 -0.365241 -0.376786 299.425 5.57463 -0.0603007 305 0 
0.4 0.21875 0.227083 48.0812 49.9129 10.3118 10.3563 0.121747 0.108044 294.653 10.3468 -0.0704359 305 0 
0.5 0.275 0.28125 60.445 61.8187 16.2138 16.3697 0.426115 0.417788 288.688 16.312 -0.0419307 305 0 
0.6 0.276042 0.283333 60.674 62.2767 23.6526 24.0089 0.973976 0.984222 281.14 23.8599 0.0502488 305 0 
0.7 0.248958 0.248958 54.721 54.721 30.4009 30.7795 1.03485 1.07012 274.373 30.627 0.168829 305 0 
0.8 0.257292 0.25 56.5527 54.95 37.2829 37.4165 0.365241 0.419111 267.606 37.3945 0.251477 305 0 
0.9 0.263542 0.2625 57.9265 57.6975 43.6303 43.7416 0.304368 0.367676 261.261 43.7387 0.288531 305 0 
1 0.25625 0.263542 56.3237 57.9265 50.5345 50.8463 0.852229 0.933235 254.249 50.7517 0.359281 305 0 
1.1 0.247917 0.246875 54.4921 54.2631 57.1715 57.5056 0.913103 1.02002 247.593 57.4074 0.461772 305 0 
1.2 0.248958 0.239583 54.721 52.6604 63.8307 63.9198 0.243494 0.369012 241.048 63.9521 0.527797 305 0 
1.3 0.25625 0.254167 56.3237 55.8658 69.3318 69.3541 0.0608735 0.192845 235.574 69.4267 0.542331 305 0 
1.4 0.25 0.253125 54.95 55.6369 76.0579 76.147 0.243494 0.383871 228.806 76.1948 0.560299 305 0 
1.5 0.247917 0.247917 54.4921 54.4921 82.6726 82.784 0.304368 0.457116 222.172 82.8289 0.592001 305 0 
1.6 0.254167 0.252083 55.8658 55.4079 88.1069 88.1737 0.182621 0.345275 216.753 88.2478 0.615018 305 0 
1.7 0.241667 0.245833 53.1183 54.0342 94.6325 94.7661 0.365241 0.541537 210.186 94.8151 0.6464 305 0 
1.8 0.2375 0.236458 52.2025 51.9735 101.002 101.114 0.304368 0.496628 203.82 101.182 0.683585 305 0 
1.9 0.241667 0.241667 53.1183 53.1183 106.837 106.949 0.304368 0.511284 197.977 107.024 0.714606 305 0 
2 0.240625 0.242708 52.8894 53.3473 111.982 112.16 0.486988 0.71011 192.793 112.209 0.750393 305 0 
2.1 0.244792 0.241667 53.8052 53.1183 117.884 118.04 0.426115 0.670686 186.895 118.107 0.797368 305 0 
2.2 0.247917 0.25 54.4921 54.95 123.853 124.053 0.547862 0.816692 180.897 124.105 0.848328 305 0 
2.3 0.246875 0.246875 54.2631 54.2631 129.777 130.022 0.669609 0.968305 174.943 130.059 0.911554 305 0 
2.4 0.246875 0.245833 54.2631 54.0342 135.056 135.278 0.608735 0.936583 169.67 135.333 0.970357 305 0 
2.5 0.244792 0.241667 53.8052 53.1183 141.002 141.114 0.304368 0.660465 163.772 141.231 1.01733 305 0 
2.6 0.244792 0.24375 53.8052 53.5762 146.236 146.325 0.243494 0.620371 158.543 146.46 1.04232 305 0 
2.7 0.246875 0.244792 54.2631 53.8052 151.537 151.559 0.0608735 0.455955 153.27 151.734 1.05632 305 0 
2.8 0.24375 0.242708 53.5762 53.3473 156.771 156.771 -4.35062e-16 0.410113 148.04 156.963 1.0591 305 0 
2.9 0.244792 0.242708 53.8052 53.3473 162.027 161.96 -0.182621 0.239166 142.811 162.193 1.05077 305 0 
3 0.239583 0.241667 52.6604 53.1183 167.817 167.795 -0.0608735 0.37366 136.991 168.013 1.03841 305 0 
3.1 0.233333 0.242708 51.2867 53.3473 172.829 172.984 0.426115 0.884545 131.884 173.12 1.05468 305 0 
3.2 0.233333 0.236458 51.2867 51.9735 179.065 179.332 0.730482 1.24091 125.586 179.419 1.11823 305 0 
3.3 0.239583 0.234375 52.6604 51.5156 184.187 184.343 0.426115 0.982377 120.513 184.492 1.16941 305 0 
3.4 0.228125 0.222917 50.1419 48.9971 189.71 189.755 0.121747 0.717516 115.039 189.967 1.19557 305 0 
3.5 0.232292 0.228125 51.0577 50.1419 195.857 195.835 -0.0608735 0.570088 108.918 196.088 1.19882 305 0 
3.6 0.230208 0.23125 50.5998 50.8288 200.78 200.802 0.0608735 0.721879 103.968 201.039 1.19882 305 0 
3.7 0.23125 0.234375 50.8288 51.5156 206.37 206.459 0.243494 0.95106 98.3381 206.669 1.21377 305 0 
3.8 0.2375 0.235417 52.2025 51.7446 211.47 211.492 0.0608735 0.815205 93.2654 211.743 1.22723 305 0 
3.9 0.233333 0.23125 51.2867 50.8288 217.082 217.06 -0.0608735 0.741618 87.6686 217.34 1.22723 305 0 
4 0.23125 0.234375 50.8288 51.5156 222.027 222.094 0.182621 1.03727 82.674 222.335 1.23254 305 0 
4.1 0.23125 0.232292 50.8288 51.0577 226.971 227.06 0.243494 1.16631 77.7132 227.297 1.25098 305 0 
4.2 0.233333 0.239583 51.2867 52.6604 231.96 232.183 0.608735 1.62553 72.6526 232.359 1.28861 305 0 
4.3 0.228125 0.23125 50.1419 50.8288 237.461 237.751 0.791356 1.94989 67.1137 237.9 1.35628 305 0 
4.4 0.226042 0.225 49.684 49.455 243.519 243.764 0.669609 2.01503 61.074 243.943 1.43329 305 0 
4.5 0.23125 0.228125 50.8288 50.1419 248.486 248.641 0.426115 1.93769 56.1487 248.871 1.48039 305 0 
4.6 0.234375 0.23125 51.5156 50.8288 253.497 253.586 0.243494 1.93488 51.1675 253.855 1.50949 305 0 
4.7 0.23125 0.228125 50.8288 50.1419 259.087 259.065 -0.0608735 1.84699 45.6289 259.396 1.51832 305 0 
4.8 0.230208 0.229167 50.5998 50.3708 264.009 263.964 -0.121747 2.00546 40.7145 264.313 1.51049 305 0 
4.9 0.230208 0.230208 50.5998 50.5998 268.931 268.909 -0.0608735 2.34735 35.7786 269.253 1.50262 305 0 
5 0.230208 0.23125 50.5998 50.8288 273.853 273.875 0.0608735 2.85565 30.8331 274.204 1.50262 305 0 
5.1 0.226042 0.228125 49.684 50.1419 278.686 278.753 0.182621 3.52293 25.9792 279.065 1.51295 305 0 
5.2 0.202083 0.2 44.4179 43.96 284.298 284.321 0.0608735 4.3508 20.3949 284.662 1.52483 305 0 
5.3 0.169792 0.15 37.3202 32.97 289.51 288.998 -1.40009 4.0486 15.4574 289.612 1.46701 305 0 
5.4 0.146875 0.115625 32.2831 25.4144 293.964 292.561 -3.83503 2.6057 11.4503 293.622 1.2838 305 0 
5.5 0.101042 0.0729167 22.209 16.0271 296.481 294.388 -5.72211 1.1081 9.27733 295.788 1.10277 305 0 
5.6 0.0614583 0.0354167 13.5085 7.78458 298.062 295.301 -7.54832 -0.687779 8.02859 297.029 0.958555 305 0 
5.7 0.0270833 0.00520833 5.95292 1.14479 298.775 295.479 -9.00928 -2.23215 7.58274 297.47 0.89437 305 0 
5.8 0.00104167 0 0.228958 0 298.82 295.479 -9.13103 -2.36066 7.56046 297.492 0.890856 305 0 
5.9 0 0 0 0 298.82 295.479 -9.13103 -2.36066 7.56046 297.492 0.890856 305 0 
6 0 0 0 0 298.82 295.479 -9.13103 -2.36066 7.56046 297.492 0.890856 305 0 
