0 0 0 0 0 0 0 0 0 0 0 0 0 0
0.1 0 0 0 0 0 0.0222717 0.0608735 0.0608749 246.989 0.01115 5.92012e-06 247 0 
0.2 0.0333333 0.0354167 7.32667 7.78458 0.712695 0.77951 0.182621 0.182986 246.253 0.747048 0.00156883 247 0 
0.3 0.0854167 0.0854167 18.7746 18.7746 2.53898 2.60579 0.182621 0.184355 244.424 2.57564 0.00739422 247 0 
0.4 0.123958 0.125 27.246 27.475 5.18931 5.2784 0.243494 0.247596 241.76 5.24047 0.0172986 247 0 
0.5 0.15 0.154167 32.97 33.8858 8.39644 8.57461 0.486988 0.496132 238.504 8.4962 0.0380425 247 0 
0.6 0.165625 0.170833 36.4044 37.5492 12.4276 12.7171 0.791356 0.811817 234.412 12.588 0.0836679 247 0 
0.7 0.179167 0.185417 39.3808 40.7546 16.7929 17.216 1.1566 1.19625 229.975 17.025 0.159063 247 0 
0.8 0.19375 0.196875 42.5863 43.2731 20.9577 21.4254 1.27834 1.34133 225.784 21.2165 0.248095 247 0 
0.9 0.20625 0.205208 45.3338 45.1048 25.3898 25.8129 1.1566 1.24512 221.369 25.6309 0.341862 247 0 
1 0.210417 0.211458 46.2496 46.4785 29.8886 30.3341 1.21747 1.33256 216.855 30.1457 0.435364 247 0 
1.1 0.2125 0.216667 46.7075 47.6233 34.4321 34.9889 1.52184 1.66913 212.251 34.7493 0.545379 247 0 
1.2 0.216667 0.222917 47.6233 48.9971 39.0646 39.755 1.88708 2.07635 207.549 39.4525 0.685262 247 0 
1.3 0.220833 0.225 48.5392 49.455 43.8085 44.5657 2.0697 2.31009 202.769 44.233 0.850312 247 0 
1.4 0.222917 0.225 48.9971 49.455 48.5746 49.3764 2.19145 2.48924 197.978 49.0242 1.02847 247 0 
1.5 0.225 0.227083 49.455 49.9129 53.3853 54.2539 2.37407 2.73665 193.133 53.8706 1.22156 247 0 
1.6 0.223958 0.229167 49.226 50.3708 58.1737 59.1759 2.73931 3.17723 188.278 58.7272 1.43831 247 0 
1.7 0.225 0.228125 49.455 50.1419 62.9844 64.0535 2.92193 3.44623 183.436 63.5715 1.67771 247 0 
1.8 0.229167 0.229167 50.3708 50.3708 67.8842 68.9532 2.92193 3.54087 178.539 68.4711 1.92766 247 0 
1.9 0.227083 0.230208 49.9129 50.5998 72.7617 73.8753 3.04368 3.76431 173.643 73.3705 2.18282 247 0 
2 0.226042 0.23125 49.684 50.8288 77.5947 78.8196 3.34804 4.18219 168.76 78.2577 2.45557 247 0 
2.1 0.227083 0.23125 49.9129 50.8288 82.4499 83.7639 3.59154 4.55441 163.868 83.1547 2.75234 247 0 
2.2 0.233333 0.229167 51.2867 50.3708 87.4388 88.6637 3.34804 4.44886 158.933 88.0963 3.05181 247 0 
2.3 0.203125 0.2 44.6469 43.96 91.7817 92.9621 3.2263 4.44976 154.62 92.4154 3.29975 247 0 
2.4 0.234375 0.23125 51.5156 50.8288 96.7929 97.9287 3.10455 4.47438 149.64 97.403 3.57544 247 0 
2.5 0.241667 0.229167 53.1183 50.3708 101.96 102.829 2.37407 3.88698 144.613 102.437 3.81618 247 0 
2.6 0.238542 0.232292 52.4315 51.0577 107.06 107.795 2.00883 3.65539 139.585 107.473 4.0088 247 0 
2.7 0.236458 0.229167 51.9735 50.3708 112.116 112.695 1.58271 3.35666 134.61 112.455 4.1649 247 0 
2.8 0.225 0.222917 49.455 48.9971 116.949 117.483 1.46096 3.35715 129.801 117.27 4.29276 247 0 
2.9 0.220833 0.222917 48.5392 48.9971 121.67 122.249 1.58271 3.60864 125.06 122.018 4.41885 247 0 
3 0.215625 0.216667 47.3944 47.6233 126.303 126.882 1.58271 3.74753 120.431 126.655 4.54689 247 0 
3.1 0.214583 0.214583 47.1654 47.1654 130.891 131.47 1.58271 3.89603 115.848 131.247 4.67371 247 0 
3.2 0.217708 0.216667 47.8523 47.6233 135.568 136.102 1.46096 3.93491 111.198 135.906 4.79743 247 0 
3.3 0.209375 0.210417 46.0206 46.2496 140.045 140.601 1.52184 4.16262 106.716 140.398 4.91432 247 0 
3.4 0.207292 0.207292 45.5627 45.5627 144.477 145.033 1.52184 4.34305 102.29 144.834 5.03211 247 0 
3.5 0.209375 0.209375 46.0206 46.0206 148.953 149.51 1.52184 4.54186 97.8212 149.315 5.15109 247 0 
3.6 0.209375 0.203125 46.0206 44.6469 153.43 153.875 1.21747 4.44531 93.4082 153.74 5.25685 247 0 
3.7 0.208333 0.203125 45.7917 44.6469 157.884 158.218 0.913103 4.35316 89.017 158.143 5.33869 247 0 
3.8 0.20625 0.204167 45.3338 44.8758 162.294 162.584 0.791356 4.454 84.6368 162.536 5.404 247 0 
3.9 0.198958 0.197917 43.731 43.5021 166.57 166.815 0.669609 4.56478 80.3907 166.795 5.45827 247 0 
4 0.204167 0.201042 44.8758 44.189 170.935 171.114 0.486988 4.63698 76.0673 171.132 5.50202 247 0 
4.1 0.205208 0.19375 45.1048 42.5863 175.345 175.278 -0.182621 4.22439 71.7873 175.425 5.51342 247 0 
4.2 0.204167 0.197917 44.8758 43.5021 179.71 179.51 -0.547862 4.11666 67.4948 179.729 5.486 247 0 
4.3 0.202083 0.195833 44.4179 43.0442 184.031 183.697 -0.913103 4.01615 63.2462 183.987 5.43173 247 0 
4.4 0.19375 0.191667 42.5863 42.1283 188.174 187.795 -1.03485 4.17014 59.1312 188.112 5.36163 247 0 
4.5 0.2 0.198958 43.96 43.731 192.472 192.049 -1.1566 4.36882 54.8615 192.393 5.2798 247 0 
4.6 0.197917 0.19375 43.5021 42.5863 196.704 196.192 -1.40009 4.47633 50.6815 196.585 5.18632 247 0 
4.7 0.195833 0.195833 43.0442 43.0442 200.891 200.379 -1.40009 4.87948 46.5031 200.776 5.08393 247 0 
4.8 0.194792 0.197917 42.8152 43.5021 205.078 204.61 -1.27834 5.49281 42.3056 204.989 4.98548 247 0 
4.9 0.189583 0.19375 41.6704 42.5863 209.131 208.753 -1.03485 6.33805 38.2241 209.092 4.9027 247 0 
5 0.195833 0.198958 43.0442 43.731 213.318 213.029 -0.791356 7.38446 34.0174 213.328 4.83521 247 0 
5.1 0.197917 0.195833 43.5021 43.0442 217.55 217.216 -0.913103 8.2943 29.8418 217.542 4.77255 247 0 
5.2 0.164583 0.164583 36.1754 36.1754 221.693 221.359 -0.913103 9.6261 25.7443 221.69 4.70649 247 0 
5.3 0.127083 0.126042 27.9329 27.704 224.855 224.521 -0.913103 10.967 22.6285 224.856 4.65605 247 0 
5.4 0.0729167 0.0760417 16.0271 16.714 226.993 226.771 -0.608735 12.4567 20.4775 227.052 4.6269 247 0 
5.5 0.0322917 0.0395833 7.09771 8.70042 227.996 227.951 -0.121747 13.6527 19.413 228.145 4.61993 247 0 
5.6 0.009375 0.00625 2.06063 1.37375 228.241 228.129 -0.304368 13.6183 19.2071 228.357 4.61915 247 0 
5.7 0 0 0 0 228.241 228.129 -0.304368 13.6183 19.2071 228.357 4.61915 247 0 
5.8 0 0 0 0 228.241 228.129 -0.304368 13.6183 19.2071 228.357 4.61915 247 0 
5.9 0 0 0 0 228.241 228.129 -0.304368 13.6183 19.2071 228.357 4.61915 247 0 
6 0 0 0 0 228.241 228.129 -0.304368 13.6183 19.2071 228.357 4.61915 247 0 
