0 0 0 0 0 0 0 0 0 0 0 0 0 0
0.1 0 0 0 0 0 0 0 0 305 0 0 305 0 
0.2 0.0177083 0.0354167 3.89229 7.78458 0.378619 0.757238 1.03485 1.03582 304.431 0.568619 0.0051326 305 0 
0.3 0.0364583 0.0875 8.01354 19.2325 1.15813 2.62806 4.01765 4.02968 303.106 1.89403 0.0635801 305 0 
0.4 0.0604167 0.11875 13.2796 26.1012 2.44989 5.16704 7.42657 7.47504 301.198 3.802 0.254667 305 0 
0.5 0.08125 0.14375 17.8587 31.5963 4.18708 8.24053 11.079 11.2021 298.822 6.1787 0.641655 305 0 
0.6 0.0958333 0.1625 21.0642 35.7175 6.23608 11.7149 14.9749 15.2197 296.13 8.87229 1.26453 305 0 
0.7 0.104167 0.177083 22.8958 38.9229 8.46325 15.5011 19.236 19.6562 293.259 11.7491 2.14937 305 0 
0.8 0.116667 0.191667 25.6433 42.1283 10.9577 19.5991 23.6189 24.2815 290.199 14.8208 3.35421 305 0 
0.9 0.11875 0.197917 26.1012 43.5021 13.4967 23.8307 28.2453 29.2106 287.172 17.8687 4.8354 305 0 
1 0.123958 0.204167 27.246 44.8758 16.147 28.196 32.9326 34.2683 284.185 20.8918 6.62138 305 0 
1.1 0.128125 0.205208 28.1619 45.1048 18.8864 32.5835 37.4372 39.2054 281.326 23.8078 8.67588 305 0 
1.2 0.13125 0.207292 28.8487 45.5627 21.6926 37.0156 41.881 44.1421 278.619 26.5977 10.9871 305 0 
1.3 0.135417 0.2125 29.7646 46.7075 24.588 41.559 46.3856 49.2064 276.063 29.2709 13.5786 305 0 
1.4 0.139583 0.213542 30.6804 46.9365 27.5724 46.1247 50.7076 54.1464 273.719 31.7738 16.4098 305 0 
1.5 0.139583 0.210417 30.6804 46.2496 30.5568 50.6236 54.847 58.9425 271.652 34.0409 19.3913 305 0 
1.6 0.141667 0.213542 31.1383 46.9365 33.5857 55.1893 59.0473 63.8492 269.83 36.1158 22.5764 305 0 
1.7 0.139583 0.214583 30.6804 47.1654 36.5702 59.7773 63.4302 68.9719 268.312 37.9413 25.8979 305 0 
1.8 0.142708 0.216667 31.3673 47.6233 39.6214 64.4098 67.7522 74.0749 267.09 39.5326 29.3991 305 0 
1.9 0.144792 0.217708 31.8252 47.8523 42.7171 69.0646 72.0134 79.1472 266.19 40.8691 33.0409 305 0 
2 0.146875 0.216667 32.2831 47.6233 45.8575 73.6971 76.0919 84.0554 265.618 41.9405 36.781 305 0 
2.1 0.15 0.219792 32.97 48.3102 49.0646 78.3964 80.1704 88.9868 265.375 42.7571 40.6532 305 0 
2.2 0.148958 0.219792 32.741 48.3102 52.2494 83.0958 84.3098 93.9782 265.474 43.2927 44.563 305 0 
2.3 0.145833 0.21875 32.0542 48.0812 55.3675 87.7728 88.571 99.0758 265.914 43.538 48.4568 305 0 
2.4 0.145833 0.217708 32.0542 47.8523 58.4855 92.4276 92.7712 104.097 266.692 43.4955 52.3471 305 0 
2.5 0.158333 0.230208 34.8017 50.5998 61.8708 97.3497 96.9715 109.152 267.878 43.1459 56.4904 305 0 
2.6 0.175 0.242708 38.465 53.3473 65.6125 102.539 100.928 113.996 269.518 42.4543 60.9068 305 0 
2.7 0.159375 0.215625 35.0306 47.3944 69.4655 107.773 104.702 118.634 271.53 41.4495 65.3428 305 0 
2.8 0.15 0.209375 32.97 46.0206 73.0958 112.829 108.598 123.314 273.764 40.2077 69.5094 305 0 
2.9 0.141667 0.196875 31.1383 43.2731 76.1247 117.038 111.825 127.159 275.851 38.9592 72.9108 305 0 
3 0.13125 0.197917 28.8487 43.5021 78.931 121.269 115.721 131.618 278.083 37.5424 76.136 305 0 
3.1 0.127083 0.195833 27.9329 43.0442 81.6481 125.457 119.738 136.148 280.476 35.9376 79.1966 305 0 
3.2 0.128125 0.191667 28.1619 42.1283 84.3875 129.555 123.451 140.326 283.026 34.1477 82.1137 305 0 
3.3 0.125 0.19375 27.475 42.5863 87.0601 133.697 127.469 144.762 285.731 32.1718 84.8943 305 0 
3.4 0.128125 0.188542 28.1619 41.4415 89.7996 137.728 131 148.665 288.562 30.0312 87.5219 305 0 
3.5 0.129167 0.192708 28.3908 42.3573 92.5612 141.849 134.713 152.712 291.563 27.6912 90.0498 305 0 
3.6 0.128125 0.191667 28.1619 42.1283 95.3007 145.947 138.426 156.712 294.656 25.2086 92.4056 305 0 
3.7 0.126042 0.194792 27.704 42.8152 97.9955 150.111 142.444 160.971 297.856 22.5645 94.5959 305 0 
3.8 0.11875 0.188542 26.1012 41.4415 100.535 154.143 146.523 165.233 301.001 19.8902 96.5098 305 0 
3.9 0.119792 0.189583 26.3302 41.6704 103.096 158.196 150.601 169.45 304.231 17.0676 98.2404 305 0 
4 0.119792 0.184375 26.3302 40.5256 105.657 162.138 154.375 173.316 307.448 14.1826 99.7479 305 0 
4.1 0.123958 0.1875 27.246 41.2125 108.307 166.147 158.089 177.082 310.769 11.1339 101.096 305 0 
4.2 0.123958 0.186458 27.246 40.9835 110.958 170.134 161.741 180.747 314.091 8.0154 102.241 305 0 
4.3 0.127083 0.191667 27.9329 42.1283 113.675 174.232 165.515 184.494 317.499 4.74383 103.207 305 0 
4.4 0.127083 0.191667 27.9329 42.1283 116.392 178.33 169.289 188.202 320.89 1.41578 103.956 305 0 
4.5 0.127083 0.191667 27.9329 42.1283 119.109 182.428 173.063 191.871 324.25 -1.95433 104.484 305 0 
4.6 0.11875 0.190625 26.1012 41.8994 121.648 186.503 177.264 195.932 327.465 -5.25292 104.769 305 0 
4.7 0.121875 0.192708 26.7881 42.3573 124.254 190.624 181.403 199.892 330.67 -8.61919 104.813 305 0 
4.8 0.121875 0.188542 26.7881 41.4415 126.86 194.655 185.299 203.577 333.758 -11.9359 104.624 305 0 
4.9 0.125 0.188542 27.475 41.4415 129.532 198.686 189.012 207.046 336.794 -15.266 104.212 305 0 
5 0.125 0.183333 27.475 40.2967 132.205 202.606 192.421 210.188 339.694 -18.5094 103.604 305 0 
5.1 0.128125 0.184375 28.1619 40.5256 134.944 206.548 195.708 213.181 342.543 -21.7551 102.797 305 0 
5.2 0.125 0.182292 27.475 40.0677 137.617 210.445 199.056 216.218 345.251 -24.8954 101.82 305 0 
5.3 0.123958 0.185417 27.246 40.7546 140.267 214.41 202.648 219.474 347.869 -27.9916 100.646 305 0 
5.4 0.114583 0.18125 25.1854 39.8387 142.717 218.285 206.544 223.028 350.254 -30.8727 99.334 305 0 
5.5 0.114583 0.176042 25.1854 38.694 145.167 222.049 210.135 226.263 352.471 -33.613 97.8625 305 0 
5.6 0.1125 0.173958 24.7275 38.236 147.572 225.768 213.727 229.487 354.532 -36.2179 96.2459 305 0 
5.7 0.111458 0.170833 24.4985 37.5492 149.955 229.421 217.197 232.578 356.437 -38.682 94.4979 305 0 
5.8 0.111458 0.170833 24.4985 37.5492 152.339 233.074 220.667 235.656 358.213 -41.0358 92.6039 305 0 
5.9 0.116667 0.170833 25.6433 37.5492 154.833 236.726 223.832 238.41 359.892 -43.3176 90.5396 305 0 
6 0.114583 0.170833 25.1854 37.5492 157.283 240.379 227.119 241.278 361.433 -45.4639 88.366 305 0 
6.1 0.113542 0.16875 24.9565 37.0913 159.71 243.987 230.345 244.08 362.825 -47.4612 86.0992 305 0 
6.2 0.109375 0.169792 24.0406 37.3202 162.049 247.617 233.876 247.182 364.064 -49.3009 83.745 305 0 
6.3 0.103125 0.164583 22.6669 36.1754 164.254 251.136 237.468 250.354 365.107 -50.9216 81.3823 305 0 
6.4 0.1 0.166667 21.98 36.6333 166.392 254.699 241.364 253.824 365.991 -52.3789 78.9286 305 0 
6.5 0.0947917 0.164583 20.8352 36.1754 168.419 258.218 245.442 257.482 366.685 -53.6269 76.4493 305 0 
6.6 0.0979167 0.1625 21.5221 35.7175 170.512 261.693 249.216 260.829 367.215 -54.7068 73.88 305 0 
6.7 0.0927083 0.154167 20.3773 33.8858 172.494 264.989 252.808 264.012 367.57 -55.572 71.3835 305 0 
6.8 0.0885417 0.140625 19.4615 30.9094 174.388 267.996 255.851 266.674 367.775 -56.2398 69.0235 305 0 
6.9 0.090625 0.145833 19.9194 32.0542 176.325 271.114 259.078 269.506 367.865 -56.7947 66.5544 305 0 
7 0.1 0.153125 21.98 33.6569 178.463 274.388 262.182 272.189 367.832 -57.2419 63.8824 305 0 
7.1 0.0979167 0.159375 21.5221 35.0306 180.557 277.795 265.774 275.352 367.657 -57.5372 61.1447 305 0 
7.2 0.096875 0.154167 21.2931 33.8858 182.628 281.091 269.122 278.284 367.345 -57.6632 58.4609 305 0 
7.3 0.0927083 0.154167 20.3773 33.8858 184.61 284.388 272.713 281.469 366.898 -57.6272 55.819 305 0 
7.4 0.0916667 0.154167 20.1483 33.8858 186.57 287.684 276.366 284.72 366.309 -57.4254 53.1958 305 0 
7.5 0.0916667 0.158333 20.1483 34.8017 188.53 291.069 280.262 288.214 365.557 -57.045 50.5475 305 0 
7.6 0.0958333 0.157292 21.0642 34.5727 190.579 294.432 283.853 291.405 364.645 -56.4857 47.8968 305 0 
7.7 0.0958333 0.158333 21.0642 34.8017 192.628 297.817 287.506 294.663 363.587 -55.7572 45.2761 305 0 
7.8 0.0979167 0.154167 21.5221 33.8858 194.722 301.114 290.793 297.567 362.406 -54.8788 42.7252 305 0 
7.9 0.090625 0.138542 19.9194 30.4515 196.659 304.076 293.593 300.026 361.23 -53.9582 40.4517 305 0 
8 0.104167 0.160417 22.8958 35.2596 198.886 307.506 296.88 302.928 359.758 -52.7575 37.8871 305 0 
8.1 0.104167 0.161458 22.8958 35.4885 201.114 310.958 300.228 305.901 358.158 -51.4053 35.3865 305 0 
8.2 0.10625 0.166667 23.3538 36.6333 203.385 314.521 303.759 309.059 356.387 -49.8644 32.9052 305 0 
8.3 0.1 0.167708 21.98 36.8623 205.523 318.107 307.716 312.666 354.518 -48.1973 30.5752 305 0 
8.4 0.102083 0.170833 22.4379 37.5492 207.706 321.759 311.733 316.345 352.477 -46.3369 28.3237 305 0 
8.5 0.104167 0.171875 22.8958 37.7781 209.933 325.434 315.69 319.979 350.281 -44.3014 26.1827 305 0 
8.6 0.103125 0.166667 22.6669 36.6333 212.138 328.998 319.403 323.397 348.021 -42.1765 24.2278 305 0 
8.7 0.108333 0.171875 23.8117 37.7781 214.454 332.673 323.117 326.826 345.566 -39.8428 22.3445 305 0 
8.8 0.109375 0.170833 24.0406 37.5492 216.793 336.325 326.708 330.155 343.014 -37.3939 20.6136 305 0 
8.9 0.113542 0.175 24.9565 38.465 219.22 340.067 330.3 333.501 340.296 -34.7655 18.9926 305 0 
9 0.1125 0.175 24.7275 38.465 221.626 343.808 333.952 336.934 337.506 -32.0498 17.5461 305 0 
9.1 0.113542 0.177083 24.9565 38.9229 224.053 347.595 337.665 340.453 334.612 -29.2165 16.2631 305 0 
9.2 0.084375 0.147917 18.5456 32.5121 226.169 351.292 341.987 344.623 331.839 -26.4885 15.2516 305 0 
9.3 0.05 0.10625 10.99 23.3538 227.439 353.942 345.762 348.317 329.933 -24.6053 14.7009 305 0 
9.4 0.015625 0.0614583 3.43438 13.5085 227.84 355.501 348.927 351.452 328.968 -23.6488 14.483 305 0 
9.5 0.00104167 0.0145833 0.228958 3.20542 227.884 355.924 349.962 352.481 328.736 -23.4187 14.4394 305 0 
9.6 0 0 0 0 227.884 355.924 349.962 352.481 328.736 -23.4187 14.4394 305 0 
9.7 0 0 0 0 227.884 355.924 349.962 352.481 328.736 -23.4187 14.4394 305 0 
9.8 0 0 0 0 227.884 355.924 349.962 352.481 328.736 -23.4187 14.4394 305 0 
9.9 0 0 0 0 227.884 355.924 349.962 352.481 328.736 -23.4187 14.4394 305 0 
10 0 0 0 0 227.884 355.924 349.962 352.481 328.736 -23.4187 14.4394 305 0 
