0 0 0 0 0 0 0 0 0 0 0 0 0 0
0.1 0 0 0 0 0 0 0 0 305 0 0 305 0 
0.2 0.059375 0.046875 13.0506 10.3031 1.29176 1.00223 -0.791356 -0.792851 303.852 1.14841 -0.00792691 305 0 
0.3 0.116667 0.114583 25.6433 25.1854 3.78619 3.45212 -0.913103 -0.92161 301.377 3.62344 -0.044725 305 0 
0.4 0.14375 0.166667 31.5963 36.6333 7.26058 7.41648 0.426115 0.414455 297.653 7.34742 -0.0605432 305 0 
0.5 0.126042 0.183333 27.704 40.2967 10.7795 12.3385 4.26115 4.28305 293.431 11.569 0.112143 305 0 
0.6 0.108333 0.169792 23.8117 37.3202 13.7194 16.9933 8.94841 9.05708 289.656 15.3448 0.549124 305 0 
0.7 0.105208 0.140625 23.1248 30.9094 16.5256 20.8463 11.8095 12.0395 286.378 18.6239 1.14938 305 0 
0.8 0.102083 0.135417 22.4379 29.7646 18.9755 24.098 14.0009 14.362 283.6 21.4061 1.78652 305 0 
0.9 0.096875 0.144792 21.2931 31.8252 21.314 27.5947 17.1663 17.6912 280.792 24.2197 2.57082 305 0 
1 0.0958333 0.152083 21.0642 33.4279 23.6303 31.2918 20.9405 21.6733 277.958 27.0649 3.55294 305 0 
1.1 0.0916667 0.144792 20.1483 31.8252 25.8575 34.8107 24.4712 25.442 275.321 29.7185 4.66264 305 0 
1.2 0.0875 0.135417 19.2325 29.7646 27.951 38.0846 27.6975 28.9249 272.931 32.1319 5.84345 305 0 
1.3 0.084375 0.125 18.5456 27.475 30.2004 41.4922 30.8629 32.3948 270.494 34.6022 7.22776 305 0 
1.4 0.09375 0.146875 20.6063 32.2831 32.4499 45.0111 34.3327 36.2108 268.109 37.0352 8.78261 305 0 
1.5 0.102083 0.159375 22.4379 35.0306 35.1448 49.265 38.5938 40.9378 265.389 39.833 10.8487 305 0 
1.6 0.101042 0.14375 22.209 31.5963 37.8619 53.1626 41.8201 44.6521 262.958 42.3626 12.9853 305 0 
1.7 0.090625 0.127083 19.9194 27.9329 40.0668 56.2361 44.1942 47.4421 261.123 44.2955 14.7869 305 0 
1.8 0.0802083 0.126042 17.6298 27.704 42.2272 59.5991 47.4813 51.191 259.32 46.2226 16.7695 305 0 
1.9 0.0916667 0.145833 20.1483 32.0542 44.4321 63.0958 51.012 55.2284 257.61 48.0866 18.9306 305 0 
2 0.0916667 0.14375 20.1483 31.5963 46.882 66.971 54.9079 59.7201 255.906 49.9949 21.4569 305 0 
2.1 0.0916667 0.141667 20.1483 31.1383 48.8419 70 57.8298 63.1343 254.711 51.379 23.5355 305 0 
2.2 0.090625 0.13125 19.9194 28.8487 50.7795 72.8062 60.2039 65.9918 253.689 52.6026 25.5708 305 0 
2.3 0.0833333 0.13125 18.3167 28.8487 52.8062 75.9688 63.3085 69.6408 252.707 53.8331 27.8585 305 0 
2.4 0.0854167 0.136458 18.7746 29.9935 54.833 79.2428 66.7174 73.6218 251.869 54.9553 30.2628 305 0 
2.5 0.0958333 0.141667 21.0642 31.1383 56.882 82.2717 69.3958 76.8603 251.22 55.9066 32.6201 305 0 
2.6 0.09375 0.141667 20.6063 31.1383 59.4209 86.0802 72.8656 81.0425 250.609 56.9361 35.6259 305 0 
2.7 0.0864583 0.135417 19.0035 29.7646 61.2695 88.9755 75.7267 84.4426 250.307 57.5803 37.9116 305 0 
2.8 0.0875 0.133333 19.2325 29.3067 63.5857 92.5835 79.2573 88.6514 250.127 58.2245 40.8062 305 0 
2.9 0.09375 0.135417 20.6063 29.7646 65.5902 95.4788 81.6923 91.6485 250.131 58.6322 43.2249 305 0 
3 0.084375 0.134375 18.5456 29.5356 67.6392 98.7305 84.9794 95.5424 250.295 58.942 45.8601 305 0 
3.1 0.078125 0.133333 17.1719 29.3067 69.5323 101.982 88.6927 99.8398 250.638 59.0861 48.4313 305 0 
3.2 0.0927083 0.1375 20.3773 30.2225 71.9599 105.635 92.0408 103.868 251.26 59.0691 51.4747 305 0 
3.3 0.0895833 0.1375 19.6904 30.2225 74.3875 109.332 95.5106 108.01 252.099 58.8697 54.534 305 0 
3.4 0.0895833 0.141667 19.6904 31.1383 76.3029 112.361 98.5542 111.582 252.935 58.5688 56.9907 305 0 
3.5 0.0895833 0.1375 19.6904 30.2225 78.441 115.657 101.72 115.312 254.015 58.0924 59.6689 305 0 
3.6 0.090625 0.13125 19.9194 28.8487 80.3786 118.463 104.094 118.164 255.081 57.5641 61.9841 305 0 
3.7 0.09375 0.139583 20.6063 30.6804 82.6281 121.804 107.077 121.691 256.475 56.8148 64.6803 305 0 
3.8 0.0927083 0.140625 20.3773 30.9094 84.8552 125.189 110.242 125.379 258.025 55.9185 67.3429 305 0 
3.9 0.096875 0.141667 21.2931 31.1383 86.9265 128.218 112.86 128.449 259.556 54.983 69.7185 305 0 
4 0.0770833 0.13125 16.9429 28.8487 89.0646 131.782 116.755 132.822 261.412 53.7883 72.3102 305 0 
4.1 0.0791667 0.130208 17.4008 28.6198 91.1359 135.278 120.651 137.149 263.38 52.4523 74.7561 305 0 
4.2 0.0927083 0.135417 20.3773 29.7646 93.118 138.196 123.208 140.058 265.218 51.1573 76.8392 305 0 
4.3 0.0885417 0.140625 19.4615 30.9094 95.2561 141.581 126.617 143.834 267.393 49.5775 79.1082 305 0 
4.4 0.0822917 0.1375 18.0877 30.2225 97.2606 144.922 130.269 147.808 269.604 47.9164 81.2056 305 0 
4.5 0.0885417 0.133333 19.4615 29.3067 99.3318 148.04 133.13 150.95 271.838 46.1906 83.1471 305 0 
4.6 0.0947917 0.129167 20.8352 28.3908 101.849 151.514 135.748 153.86 274.494 44.0933 85.291 305 0 
4.7 0.0895833 0.141667 19.6904 31.1383 104.276 155.278 139.4 157.777 277.319 41.8082 87.3846 305 0 
4.8 0.0875 0.142708 19.2325 31.3673 106.637 159.087 143.357 161.953 280.217 39.398 89.315 305 0 
4.9 0.0916667 0.136458 20.1483 29.9935 108.597 162.004 145.975 164.714 282.555 37.408 90.7296 305 0 
5 0.0916667 0.1375 20.1483 30.2225 110.557 164.944 148.653 167.512 284.935 35.3454 92.0569 305 0 
5.1 0.0885417 0.136458 19.4615 29.9935 112.45 167.884 151.514 170.466 287.309 33.25 93.2663 305 0 
5.2 0.0895833 0.1375 19.6904 30.2225 114.388 170.824 154.254 173.275 289.726 31.0783 94.3821 305 0 
5.3 0.0875 0.135417 19.2325 29.7646 116.258 173.719 157.054 176.119 292.101 28.906 95.3687 305 0 
5.4 0.084375 0.13125 18.5456 28.8487 118.062 176.526 159.793 178.879 294.407 26.761 96.2204 305 0 
5.5 0.09375 0.135417 20.6063 29.7646 120.557 180.134 162.837 181.92 297.461 23.8687 97.2031 305 0 
5.6 0.090625 0.138542 19.9194 30.4515 122.762 183.497 166.002 185.053 300.244 21.1851 97.9557 305 0 
5.7 0.0864583 0.139583 19.0035 30.6804 124.878 186.882 169.472 188.462 302.979 18.4951 98.5445 305 0 
5.8 0.0875 0.139583 19.2325 30.6804 126.971 190.245 172.942 191.842 305.668 15.7965 98.9661 305 0 
5.9 0.104167 0.142708 22.8958 31.3673 129.198 193.318 175.255 194.045 308.255 13.1575 99.2431 305 0 
6 0.0833333 0.138542 18.3167 30.4515 131.514 197.082 179.212 197.848 311.183 10.1179 99.3947 305 0 
6.1 0.0739583 0.133333 16.256 29.3067 133.274 200.334 183.29 201.772 313.544 7.61023 99.344 305 0 
6.2 0.075 0.11875 16.485 26.1012 135.256 203.541 186.638 204.933 315.931 5.02203 99.1235 305 0 
6.3 0.0833333 0.126042 18.3167 27.704 137.261 206.548 189.378 207.473 318.184 2.5374 98.7781 305 0 
6.4 0.0864583 0.134375 19.0035 29.5356 139.332 209.777 192.543 210.408 320.508 -0.0684114 98.278 305 0 
6.5 0.0885417 0.13125 19.4615 28.8487 141.47 212.962 195.404 213.021 322.777 -2.65523 97.6391 305 0 
6.6 0.096875 0.138542 21.2931 30.4515 143.808 216.303 198.143 215.478 325.13 -5.37868 96.8233 305 0 
6.7 0.09375 0.14375 20.6063 31.5963 146.236 220.067 201.796 218.802 327.604 -8.29338 95.7701 305 0 
6.8 0.084375 0.135417 18.5456 29.7646 148.263 223.318 205.144 221.853 329.622 -10.7189 94.7221 305 0 
6.9 0.0854167 0.123958 18.7746 27.246 150.512 226.659 208.127 224.504 331.666 -13.2225 93.4722 305 0 
7 0.0833333 0.133333 18.3167 29.3067 152.517 229.866 211.414 227.468 333.483 -15.4894 92.1811 305 0 
7.1 0.071875 0.135417 15.7981 29.7646 154.254 233.118 215.553 231.283 335.112 -17.5746 90.8074 305 0 
7.2 0.0854167 0.135417 18.7746 29.7646 156.303 236.414 218.962 234.329 336.734 -19.7073 89.1917 305 0 
7.3 0.0947917 0.139583 20.8352 30.6804 158.575 239.755 221.884 236.858 338.327 -21.8497 87.3741 305 0 
7.4 0.0885417 0.135417 19.4615 29.7646 160.935 243.363 225.293 239.838 339.9 -24.0178 85.3185 305 0 
7.5 0.0875 0.127083 19.2325 27.9329 163.274 246.793 228.276 242.395 341.3 -25.9992 83.218 305 0 
7.6 0.0885417 0.133333 19.4615 29.3067 165.412 250 231.198 244.916 342.493 -27.7327 81.1798 305 0 
7.7 0.0864583 0.138542 19.0035 30.4515 167.506 253.341 234.607 247.908 343.587 -29.3779 79.0135 305 0 
7.8 0.0885417 0.138542 19.4615 30.4515 169.644 256.704 237.955 250.827 344.563 -30.9114 76.7263 305 0 
7.9 0.09375 0.1375 20.6063 30.2225 171.648 259.666 240.572 253.052 345.339 -32.1866 74.592 305 0 
8 0.0854167 0.133333 18.7746 29.3067 173.697 262.873 243.738 255.798 346.051 -33.4205 72.2682 305 0 
8.1 0.0802083 0.13125 17.6298 28.8487 175.857 266.392 247.451 259.052 346.676 -34.6007 69.6821 305 0 
8.2 0.0864583 0.13125 19.0035 28.8487 177.906 269.555 250.495 261.671 347.119 -35.5422 67.2491 305 0 
8.3 0.0875 0.134375 19.2325 29.5356 180.245 273.118 253.843 264.535 347.48 -36.4531 64.4387 305 0 
8.4 0.0927083 0.140625 20.3773 30.9094 182.227 276.125 256.643 266.925 347.672 -37.0947 62.0252 305 0 
8.5 0.09375 0.1375 20.6063 30.2225 184.722 279.844 259.991 269.76 347.769 -37.7315 58.9806 305 0 
8.6 0.0989583 0.14375 21.751 31.5963 186.837 282.918 262.608 271.95 347.737 -38.1304 56.4137 305 0 
8.7 0.0833333 0.135417 18.3167 29.7646 189.087 286.57 266.443 275.298 347.557 -38.4191 53.4737 305 0 
8.8 0.0635417 0.128125 13.9665 28.1619 190.802 290.022 271.192 279.623 347.228 -38.4786 50.8883 305 0 
8.9 0.0947917 0.123958 20.8352 27.246 193.163 293.341 273.809 281.779 346.707 -38.3614 48.0477 305 0 
9 0.0989583 0.1375 21.751 30.2225 195.88 297.016 276.427 283.88 346.004 -38.0838 44.86 305 0 
9.1 0.0833333 0.15 18.3167 32.97 198.174 301.002 281.053 288.005 345.148 -37.6138 41.7519 305 0 
9.2 0.0854167 0.139583 18.7746 30.6804 200.445 304.766 285.132 291.61 344.132 -36.9368 38.8077 305 0 
9.3 0.0885417 0.132292 19.4615 29.0777 202.561 307.951 288.053 294.123 343.107 -36.1856 36.2629 305 0 
9.4 0.0958333 0.133333 21.0642 29.3067 204.855 311.18 290.61 296.261 341.937 -35.2769 33.6515 305 0 
9.5 0.0979167 0.1375 21.5221 30.2225 207.216 314.477 293.167 298.394 340.643 -34.228 31.021 305 0 
9.6 0.0854167 0.141667 18.7746 31.1383 209.532 318.263 297.185 301.966 339.115 -32.9359 28.2533 305 0 
9.7 0.0864583 0.138542 19.0035 30.4515 211.826 322.004 301.141 305.496 337.444 -31.4707 25.6113 305 0 
9.8 0.096875 0.139583 21.2931 30.6804 213.898 324.989 303.637 307.645 335.942 -30.1207 23.4706 305 0 
9.9 0.0885417 0.134375 19.4615 29.5356 216.058 328.218 306.559 310.207 334.252 -28.5754 21.259 305 0 
10 0.078125 0.13125 17.1719 28.8487 218.151 331.715 310.394 313.684 332.388 -26.8404 19.0637 305 0 
10.1 0.078125 0.127083 17.1719 27.9329 220.223 335.145 314.107 317.061 330.433 -24.9946 17.0204 305 0 
10.2 0.0864583 0.1375 19.0035 30.2225 222.316 338.441 317.395 320.037 328.416 -23.0673 15.1324 305 0 
10.3 0.09375 0.139583 20.6063 30.6804 224.788 342.16 320.803 323.107 325.994 -20.7305 13.0966 305 0 
10.4 0.0947917 0.1375 20.8352 30.2225 227.06 345.479 323.665 325.679 323.723 -18.5233 11.3764 305 0 
10.5 0.0947917 0.138542 20.8352 30.4515 229.087 348.441 326.221 327.992 321.637 -16.4831 9.93608 305 0 
10.6 0.104167 0.145833 22.8958 32.0542 231.314 351.559 328.656 330.18 319.345 -14.2321 8.48944 305 0 
10.7 0.090625 0.140625 19.9194 30.9094 233.764 355.323 332.248 333.506 316.607 -11.5307 6.94765 305 0 
10.8 0.0854167 0.133333 18.7746 29.3067 235.813 358.53 335.413 336.468 314.226 -9.17281 5.7803 305 0 
10.9 0.0822917 0.133333 18.0877 29.3067 237.973 362.049 339.126 339.986 311.589 -6.55413 4.67407 305 0 
11 0.0802083 0.13125 17.6298 28.8487 239.911 365.212 342.474 343.184 309.169 -4.14569 3.82722 305 0 
11.1 0.0895833 0.135417 19.6904 29.7646 241.826 368.107 345.153 345.741 306.851 -1.83502 3.14888 305 0 
11.2 0.0666667 0.114583 14.6533 25.1854 243.742 371.359 348.805 349.287 304.328 0.683042 2.55842 305 0 
11.3 0.0427083 0.0708333 9.38729 15.5692 245.167 373.63 351.118 351.541 302.504 2.50448 2.23018 305 0 
11.4 0.0270833 0.01875 5.95292 4.12125 245.924 374.232 350.692 351.095 301.832 3.17574 2.12059 305 0 
11.5 0.00208333 0 0.457917 0 245.969 374.232 350.571 350.973 301.81 3.19773 2.11689 305 0 
11.6 0 0 0 0 245.969 374.232 350.571 350.973 301.81 3.19773 2.11689 305 0 
11.7 0 0 0 0 245.969 374.232 350.571 350.973 301.81 3.19773 2.11689 305 0 
11.8 0 0 0 0 245.969 374.232 350.571 350.973 301.81 3.19773 2.11689 305 0 
11.9 0 0 0 0 245.969 374.232 350.571 350.973 301.81 3.19773 2.11689 305 0 
12 0 0 0 0 245.969 374.232 350.571 350.973 301.81 3.19773 2.11689 305 0 
