0 0 0 0 0 0 0 0 0 0 0 0 0 0
0.1 0 0 0 0 0 0.0445434 0.121747 0.121751 304.978 0.0223 2.36805e-05 305 0 
0.2 0.0864583 0.075 19.0035 16.485 1.8931 1.64811 -0.669609 -0.671186 303.227 1.77282 -0.00834135 305 0 
0.3 0.1625 0.173958 35.7175 38.236 5.36748 5.36748 9.94427e-17 -0.00562012 299.626 5.37418 -0.0293753 305 0 
0.4 0.221875 0.23125 48.7681 50.8288 10.1336 10.3118 0.486988 0.485291 294.764 10.2355 -0.00872604 305 0 
0.5 0.264583 0.264583 58.1554 58.1554 15.7906 15.9688 0.486988 0.494799 289.1 15.8995 0.0393921 305 0 
0.6 0.273958 0.275 60.216 60.445 23.1849 23.363 0.486988 0.507803 281.697 23.3029 0.102287 305 0 
0.7 0.25625 0.25625 56.3237 56.3237 30.1336 30.2895 0.426115 0.458999 274.751 30.2491 0.15761 305 0 
0.8 0.247917 0.245833 54.4921 54.0342 36.7929 36.882 0.243494 0.285476 268.117 36.8832 0.196357 305 0 
0.9 0.252083 0.244792 55.4079 53.8052 43.5412 43.4521 -0.243494 -0.200441 261.449 43.5509 0.196357 305 0 
1 0.251042 0.254167 55.179 55.8658 49.5991 49.5991 9.94427e-17 0.0411696 255.339 49.6611 0.18338 305 0 
1.1 0.25625 0.258333 56.3237 56.7817 56.5033 56.5256 0.0608735 0.104039 248.415 56.5852 0.187056 305 0 
1.2 0.246875 0.241667 54.2631 53.1183 63.1626 63.118 -0.121747 -0.0782322 241.781 63.2195 0.183534 305 0 
1.3 0.215625 0.208333 47.3944 45.7917 69.0869 68.8864 -0.547862 -0.511574 235.927 69.0731 0.149345 305 0 
1.4 0.246875 0.234375 54.2631 51.5156 75.7016 75.2339 -1.27834 -1.26685 229.438 75.5615 0.045985 305 0 
1.5 0.261458 0.2625 57.4685 57.6975 82.7394 82.3385 -1.09572 -1.12166 222.36 82.6403 -0.100616 305 0 
1.6 0.234375 0.244792 51.5156 53.8052 89.1759 89.0869 -0.243494 -0.290712 215.76 89.2406 -0.177717 305 0 
1.7 0.23125 0.229167 50.8288 50.3708 95.4788 95.3452 -0.365241 -0.423014 209.471 95.5291 -0.211107 305 0 
1.8 0.2625 0.260417 57.6975 57.2396 101.804 101.648 -0.426115 -0.497998 203.149 101.851 -0.254744 305 0 
1.9 0.239583 0.2375 52.6604 52.2025 108.352 108.151 -0.547862 -0.638318 196.616 108.385 -0.31025 305 0 
2 0.23125 0.235417 50.8288 51.7446 114.588 114.477 -0.304368 -0.411891 190.327 114.673 -0.356995 305 0 
2.1 0.2375 0.232292 52.2025 51.0577 120.334 120.111 -0.608735 -0.733666 184.63 120.371 -0.402372 305 0 
2.2 0.240625 0.24375 52.8894 53.5762 126.147 126.036 -0.304368 -0.448412 178.754 126.246 -0.44917 305 0 
2.3 0.238542 0.235417 52.4315 51.7446 131.915 131.737 -0.486988 -0.648946 173.012 131.988 -0.488805 305 0 
2.4 0.242708 0.239583 53.3473 52.6604 137.773 137.55 -0.608735 -0.795501 167.17 137.831 -0.544642 305 0 
2.5 0.24375 0.248958 53.5762 54.721 143.675 143.586 -0.243494 -0.452982 161.194 143.807 -0.589067 305 0 
2.6 0.23125 0.244792 50.8288 53.8052 149.354 149.599 0.669609 0.460255 155.34 149.661 -0.56731 305 0 
2.7 0.24375 0.24375 53.5762 53.5762 155.234 155.501 0.730482 0.540496 149.442 155.559 -0.495282 305 0 
2.8 0.227083 0.221875 49.9129 48.7681 160.757 160.891 0.365241 0.188835 143.979 161.022 -0.443068 305 0 
2.9 0.225 0.217708 49.455 47.8523 166.904 166.837 -0.182621 -0.362763 137.924 167.076 -0.433424 305 0 
3 0.230208 0.23125 50.5998 50.8288 171.826 171.804 -0.0608735 -0.252255 132.974 172.027 -0.443938 305 0 
3.1 0.223958 0.21875 49.226 48.0812 177.238 177.105 -0.365241 -0.57362 127.611 177.39 -0.463871 305 0 
3.2 0.223958 0.219792 49.226 48.3102 182.65 182.428 -0.608735 -0.847686 122.237 182.764 -0.509526 305 0 
3.3 0.232292 0.229167 51.0577 50.3708 187.617 187.327 -0.791356 -1.06985 117.298 187.703 -0.569845 305 0 
3.4 0.228125 0.220833 50.1419 48.5392 193.163 192.695 -1.27834 -1.62099 111.836 193.166 -0.668468 305 0 
3.5 0.223958 0.227083 49.226 49.9129 198.597 198.196 -1.09572 -1.51709 106.364 198.639 -0.781824 305 0 
3.6 0.235417 0.235417 51.7446 51.7446 203.63 203.229 -1.09572 -1.59254 101.326 203.678 -0.878151 305 0 
3.7 0.220833 0.23125 48.5392 50.8288 209.599 209.465 -0.365241 -0.94081 95.2171 209.788 -0.95601 305 0 
3.8 0.2125 0.219792 46.7075 48.3102 214.766 214.811 0.121747 -0.494618 89.9547 215.051 -0.967187 305 0 
3.9 0.21875 0.215625 48.0812 47.3944 220.646 220.646 3.23189e-16 -0.655107 84.0901 220.915 -0.960959 305 0 
4 0.23125 0.229167 50.8288 50.3708 225.59 225.568 -0.0608735 -0.758761 79.151 225.855 -0.963581 305 0 
4.1 0.219792 0.222917 48.3102 48.9971 231.537 231.604 0.182621 -0.567503 73.1527 231.854 -0.957211 305 0 
4.2 0.219792 0.222917 48.3102 48.9971 236.86 237.016 0.426115 -0.359353 67.7786 237.228 -0.928676 305 0 
4.3 0.223958 0.223958 49.226 49.226 242.294 242.45 0.426115 -0.390719 62.3375 242.669 -0.888231 305 0 
4.4 0.232292 0.235417 51.0577 51.7446 247.261 247.506 0.669609 -0.17077 57.3201 247.686 -0.840278 305 0 
4.5 0.225 0.222917 49.455 48.9971 253.363 253.608 0.669609 -0.191145 51.2099 253.796 -0.768907 305 0 
4.6 0.211458 0.220833 46.4785 48.5392 259.109 259.577 1.27834 0.432234 45.345 259.66 -0.669265 305 0 
4.7 0.216667 0.223958 47.6233 49.226 264.343 264.989 1.76533 1.00922 40.0158 264.988 -0.527791 305 0 
4.8 0.227083 0.229167 49.9129 50.3708 269.198 269.911 1.94795 1.34521 35.122 269.88 -0.369284 305 0 
4.9 0.21875 0.219792 48.0812 48.3102 274.521 275.256 2.00883 1.65275 29.7829 275.218 -0.184998 305 0 
5 0.217708 0.221875 47.8523 48.7681 279.8 280.624 2.25232 2.28289 24.4563 280.544 0.0130438 305 0 
5.1 0.229167 0.228125 50.3708 50.1419 284.699 285.523 2.25232 2.85548 19.5552 285.446 0.205753 305 0 
5.2 0.201042 0.203125 44.189 44.6469 290.2 291.069 2.37407 4.126 14.0348 290.972 0.428857 305 0 
5.3 0.165625 0.154167 36.4044 33.8858 295.256 295.835 1.58271 5.34186 9.13367 295.886 0.598523 305 0 
5.4 0.129167 0.135417 28.3908 29.7646 298.775 299.465 1.88708 9.16614 5.58146 299.463 0.706826 305 0 
5.5 0.0875 0.0927083 19.2325 20.3773 300.935 301.782 2.31319 15.7773 3.38996 301.703 0.788914 305 0 
5.6 0.05625 0.053125 12.3638 11.6769 302.383 303.163 2.13057 26.2928 2.06241 303.118 0.843786 305 0 
5.7 0.0197917 0.0145833 4.35021 3.20542 302.94 303.586 1.76533 33.511 1.63612 303.608 0.860453 305 0 
5.8 0 0 0 0 302.94 303.586 1.76533 33.511 1.63612 303.608 0.860453 305 0 
5.9 0 0 0 0 302.94 303.586 1.76533 33.511 1.63612 303.608 0.860453 305 0 
6 0 0 0 0 302.94 303.586 1.76533 33.511 1.63612 303.608 0.860453 305 0 
