0 0 0 0 0 0 0 0 0 0 0 0 0 0
0.1 0 0 0 0 0.0222717 -0.0222717 -0.121747 -0.121747 305 0 0 305 0 
0.2 0.05625 0.0479167 12.3638 10.5321 1.26949 1.00223 -0.730482 -0.732077 303.863 1.13726 -0.00845381 305 0 
0.3 0.113542 0.114583 24.9565 25.1854 3.6971 3.45212 -0.669609 -0.676888 301.421 3.57893 -0.0382727 305 0 
0.4 0.151042 0.161458 33.199 35.4885 7.32739 7.28285 -0.121747 -0.134082 297.686 7.31408 -0.0640545 305 0 
0.5 0.13125 0.1875 28.8487 41.2125 10.98 12.2717 3.53066 3.54328 293.362 11.6376 0.0645371 305 0 
0.6 0.101042 0.170833 22.209 37.5492 13.7639 16.9488 8.70491 8.7964 289.65 15.3504 0.462277 305 0 
0.7 0.0916667 0.1375 20.1483 30.2225 16.1693 20.735 12.4791 12.6854 286.605 18.3968 1.03166 305 0 
0.8 0.104167 0.129167 22.8958 28.3908 18.8864 24.1648 14.427 14.7802 283.616 21.3897 1.74722 305 0 
0.9 0.102083 0.153125 22.4379 33.6569 21.6481 28.196 17.8968 18.4475 280.357 24.6556 2.69322 305 0 
1 0.0958333 0.15625 21.0642 34.3438 23.9644 31.9822 21.9145 22.6856 277.497 27.5278 3.73267 305 0 
1.1 0.0947917 0.139583 20.8352 30.6804 26.2584 35.3898 24.9581 25.9732 274.896 30.1467 4.86728 305 0 
1.2 0.09375 0.132292 20.6063 29.0777 28.5301 38.5746 27.454 28.7318 272.47 32.5977 6.07295 305 0 
1.3 0.0895833 0.139583 19.6904 30.6804 30.6904 41.9154 30.6803 32.2532 270.097 35.0049 7.41017 305 0 
1.4 0.090625 0.145833 19.9194 32.0542 33.0735 45.8129 34.8197 36.7723 267.506 37.6493 9.11002 305 0 
1.5 0.09375 0.1375 20.6063 30.2225 35.3229 49.1537 37.8025 40.1293 265.314 39.9048 10.7664 305 0 
1.6 0.0875 0.135417 19.2325 29.7646 37.7283 52.7617 41.0896 43.8533 263.076 42.2299 12.678 305 0 
1.7 0.0864583 0.135417 19.0035 29.7646 39.8218 56.0134 44.2551 47.4369 261.204 44.1978 14.4909 305 0 
1.8 0.09375 0.140625 20.6063 30.9094 41.8263 59.02 46.9944 50.5929 259.558 45.9529 16.2832 305 0 
1.9 0.0916667 0.141667 20.1483 31.1383 44.0535 62.4276 50.2207 54.3146 257.838 47.8188 18.3984 305 0 
2 0.0875 0.1375 19.2325 30.2225 46.147 65.7684 53.6296 58.2278 256.327 49.4973 20.5389 305 0 
2.1 0.0916667 0.130208 20.1483 28.6198 48.3296 68.9087 56.2471 61.3616 254.985 51.0291 22.7193 305 0 
2.2 0.0947917 0.133333 20.8352 29.3067 50.8241 72.4053 58.9864 64.7033 253.624 52.6366 25.2511 305 0 
2.3 0.0875 0.142708 19.2325 31.3673 52.9176 75.8575 62.6997 68.9945 252.531 53.9903 27.6745 305 0 
2.4 0.0895833 0.146875 19.6904 32.2831 55.3007 79.7773 66.9 73.8749 251.524 55.3352 30.5283 305 0 
2.5 0.0916667 0.133333 20.1483 29.3067 57.5056 83.0067 69.7002 77.2762 250.845 56.3426 33.0552 305 0 
2.6 0.0833333 0.129167 18.3167 28.3908 59.7773 86.4811 72.9874 81.2098 250.306 57.2644 35.7798 305 0 
2.7 0.0895833 0.139583 19.6904 30.6804 62.1158 90.1782 76.7006 85.6108 249.957 58.0562 38.6953 305 0 
2.8 0.0895833 0.14375 19.6904 31.5963 64.4766 94.0089 80.7183 90.3389 249.845 58.6651 41.734 305 0 
2.9 0.0854167 0.134375 18.7746 29.5356 66.5479 97.2606 83.9446 94.176 249.948 59.0225 44.3744 305 0 
3 0.0916667 0.132292 20.1483 29.0777 68.9978 100.757 86.8056 97.7157 250.254 59.2648 47.3412 305 0 
3.1 0.0958333 0.135417 21.0642 29.7646 71.2918 104.009 89.4232 100.96 250.702 59.3583 50.1158 305 0 
3.2 0.0885417 0.1375 19.4615 30.2225 73.4298 107.305 92.5886 104.732 251.304 59.3127 52.8356 305 0 
3.3 0.0833333 0.138542 18.3167 30.4515 75.4343 110.668 96.3019 109.031 252.082 59.1067 55.5144 305 0 
3.4 0.0885417 0.1375 19.4615 30.2225 77.5724 113.987 99.5282 112.836 253.055 58.733 58.2201 305 0 
3.5 0.0895833 0.142708 19.6904 31.3673 79.7327 117.416 102.998 116.88 254.229 58.1889 60.9649 305 0 
3.6 0.0864583 0.1375 19.0035 30.2225 81.8263 120.735 106.346 120.762 255.533 57.5051 63.5863 305 0 
3.7 0.0875 0.132292 19.2325 29.0777 83.9421 123.92 109.268 124.185 256.955 56.6961 66.1134 305 0 
3.8 0.0854167 0.135417 18.7746 29.7646 86.0134 127.171 112.494 127.891 258.52 55.7488 68.6038 305 0 
3.9 0.0864583 0.1375 19.0035 30.2225 88.1069 130.468 115.781 131.637 260.243 54.6481 71.0669 305 0 
4 0.0947917 0.1375 20.8352 30.2225 90.4009 133.808 118.642 134.949 262.175 53.3608 73.5767 305 0 
4.1 0.0979167 0.1375 21.5221 30.2225 92.7394 137.105 121.26 137.99 264.218 51.9551 76.0222 305 0 
4.2 0.0875 0.134375 19.2325 29.5356 94.8775 140.356 124.304 141.412 266.273 50.4968 78.2921 305 0 
4.3 0.08125 0.135417 17.8587 29.7646 96.8374 143.63 127.895 145.339 268.374 48.9556 80.4106 305 0 
4.4 0.0895833 0.13125 19.6904 28.8487 98.9755 146.793 130.695 148.448 270.595 47.2775 82.466 305 0 
4.5 0.0895833 0.1375 19.6904 30.2225 101.381 150.445 134.104 152.174 273.227 45.2354 84.7077 305 0 
4.6 0.0864583 0.141667 19.0035 31.1383 103.474 153.831 137.635 155.956 275.692 43.2692 86.6196 305 0 
4.7 0.0864583 0.135417 19.0035 29.7646 105.546 157.082 140.861 159.393 278.155 41.2529 88.3614 305 0 
4.8 0.084375 0.135417 18.5456 29.7646 107.572 160.334 144.209 162.917 280.654 39.1578 89.9712 305 0 
4.9 0.0875 0.136458 19.2325 29.9935 109.666 163.63 147.497 166.35 283.255 36.9269 91.4885 305 0 
5 0.101042 0.139583 22.209 30.6804 111.826 166.615 149.749 168.715 285.769 34.7299 92.8324 305 0 
5.1 0.09375 0.139583 20.6063 30.6804 114.388 170.356 152.975 172.047 288.879 31.9628 94.3482 305 0 
5.2 0.0854167 0.136458 18.7746 29.9935 116.437 173.63 156.323 175.454 291.527 29.5565 95.4923 305 0 
5.3 0.0854167 0.13125 18.7746 28.8487 118.486 176.815 159.428 178.586 294.143 27.1308 96.4825 305 0 
5.4 0.0895833 0.135417 19.6904 29.7646 120.624 180.067 162.471 181.629 296.841 24.5819 97.3667 305 0 
5.5 0.0916667 0.14375 20.1483 31.5963 122.584 183.14 165.515 184.647 299.357 22.161 98.065 305 0 
5.6 0.0875 0.14375 19.2325 31.5963 124.944 187.016 169.655 188.718 302.458 19.1136 98.7406 305 0 
5.7 0.0875 0.132292 19.2325 29.0777 127.082 190.223 172.576 191.552 305.093 16.4707 99.1578 305 0 
5.8 0.0895833 0.133333 19.6904 29.3067 129.22 193.43 175.498 194.363 307.701 13.8099 99.4399 305 0 
5.9 0.0958333 0.140625 21.0642 30.9094 131.269 196.437 178.116 196.855 310.14 11.2832 99.5848 305 0 
6 0.0916667 0.141667 20.1483 31.1383 133.764 200.245 181.707 200.262 313.132 8.12827 99.5947 305 0 
6.1 0.096875 0.139583 21.2931 30.6804 135.835 203.252 184.264 202.65 315.5 5.58952 99.4664 305 0 
6.2 0.110417 0.140625 24.2696 30.9094 138.196 206.258 186.029 204.223 317.967 2.91292 99.2297 305 0 
6.3 0.0854167 0.139583 18.7746 30.6804 140.334 209.644 189.438 207.417 320.458 0.172664 98.8622 305 0 
6.4 0.0697917 0.134375 15.3402 29.5356 142.027 212.873 193.639 211.402 322.607 -2.24198 98.3735 305 0 
6.5 0.0677083 0.120833 14.8823 26.5592 143.653 215.791 197.169 214.713 324.515 -4.43556 97.7732 305 0 
6.6 0.078125 0.1125 17.1719 24.7275 145.702 218.775 199.726 217.011 326.56 -6.82717 96.9801 305 0 
6.7 0.0864583 0.129167 19.0035 28.3908 148.018 222.16 202.648 219.624 328.803 -9.49017 95.9533 305 0 
6.8 0.0822917 0.142708 18.0877 31.3673 150.245 225.969 206.97 223.598 331.065 -12.2346 94.6907 305 0 
6.9 0.0854167 0.139583 18.7746 30.6804 152.494 229.733 211.109 227.368 333.18 -14.8688 93.2346 305 0 
7 0.096875 0.13125 21.2931 28.8487 154.566 232.539 213.118 229.065 334.81 -16.9393 91.9404 305 0 
7.1 0.0958333 0.128125 21.0642 28.1619 157.149 235.969 215.431 230.985 336.749 -19.4301 90.2498 305 0 
7.2 0.0833333 0.134375 18.3167 29.5356 159.176 239.176 218.658 233.859 338.351 -21.5242 88.6755 305 0 
7.3 0.0791667 0.136458 17.4008 29.9935 161.269 242.829 222.919 237.719 339.973 -23.7054 86.801 305 0 
7.4 0.0854167 0.135417 18.7746 29.7646 163.318 246.08 226.206 240.623 341.338 -25.5996 84.9429 305 0 
7.5 0.084375 0.132292 18.5456 29.0777 165.39 249.265 229.25 243.278 342.58 -27.3733 82.9996 305 0 
7.6 0.08125 0.136458 17.8587 29.9935 167.149 252.183 232.415 246.09 343.586 -28.8557 81.1875 305 0 
7.7 0.0854167 0.132292 18.7746 29.0777 169.198 255.39 235.581 248.851 344.599 -30.4067 79.0622 305 0 
7.8 0.0875 0.133333 19.2325 29.3067 171.336 258.597 238.502 251.355 345.515 -31.8671 76.8201 305 0 
7.9 0.090625 0.13125 19.9194 28.8487 173.519 261.759 241.181 253.611 346.326 -33.2162 74.5094 305 0 
8 0.0947917 0.135417 20.8352 29.7646 175.568 264.655 243.494 255.53 346.99 -34.3701 72.3197 305 0 
8.1 0.096875 0.140625 21.2931 30.9094 177.906 268.04 246.355 257.931 347.654 -35.59 69.7271 305 0 
8.2 0.0885417 0.135417 19.4615 29.7646 180.045 271.292 249.399 260.538 348.164 -36.6115 67.23 305 0 
8.3 0.0833333 0.1375 18.3167 30.2225 182.071 274.588 252.869 263.574 348.539 -37.4787 64.7106 305 0 
8.4 0.0875 0.133333 19.2325 29.3067 184.165 277.795 255.912 266.183 348.782 -38.1984 62.1567 305 0 
8.5 0.09375 0.1375 20.6063 30.2225 186.169 280.735 258.469 268.334 348.906 -38.7527 59.7445 305 0 
8.6 0.084375 0.1375 18.5456 30.2225 188.218 284.031 261.878 271.303 348.921 -39.2154 57.1092 305 0 
8.7 0.0708333 0.121875 15.5692 26.7881 189.933 287.016 265.348 274.387 348.81 -39.4825 54.7721 305 0 
8.8 0.09375 0.14375 20.6063 31.5963 192.361 290.802 269.061 277.591 348.493 -39.6416 51.6659 305 0 
8.9 0.0916667 0.142708 20.1483 31.3673 194.788 294.588 272.774 280.799 348.003 -39.5992 48.5559 305 0 
9 0.090625 0.135417 19.9194 29.7646 196.726 297.483 275.392 283.026 347.51 -39.4328 46.1422 305 0 
9.1 0.0958333 0.1375 21.0642 30.2225 199.02 300.78 278.131 285.317 346.832 -39.1101 43.3625 305 0 
9.2 0.0895833 0.135417 19.6904 29.7646 201.158 304.031 281.175 287.933 346.066 -38.6643 40.7016 305 0 
9.3 0.0833333 0.140625 18.3167 30.9094 203.163 307.416 284.949 291.285 345.167 -38.0612 38.0721 305 0 
9.4 0.0927083 0.141667 20.3773 31.1383 205.568 311.203 288.723 294.584 343.967 -37.1711 35.1035 305 0 
9.5 0.0875 0.138542 19.2325 30.4515 207.684 314.521 292.01 297.462 342.78 -36.2309 32.5509 305 0 
9.6 0.078125 0.1375 17.1719 30.2225 209.577 317.84 295.906 300.976 341.513 -35.1779 30.1643 305 0 
9.7 0.0854167 0.13125 18.7746 28.8487 211.626 321.025 299.011 303.708 340.117 -33.9759 27.8364 305 0 
9.8 0.0916667 0.135417 20.1483 29.7646 214.076 324.61 302.115 306.393 338.389 -32.4466 25.2308 305 0 
9.9 0.0875 0.135417 19.2325 29.7646 216.169 327.84 305.22 309.14 336.762 -30.9754 23.0092 305 0 
10 0.0875 0.139583 19.2325 30.6804 218.263 331.203 308.69 312.255 334.987 -29.3393 20.8221 305 0 
10.1 0.09375 0.139583 20.6063 30.6804 220.535 334.588 311.733 314.946 333.04 -27.517 18.6546 305 0 
10.2 0.0947917 0.138542 20.8352 30.4515 222.829 337.906 314.533 317.409 331.018 -25.6018 16.599 305 0 
10.3 0.090625 0.134375 19.9194 29.5356 224.766 340.802 317.151 319.748 329.209 -23.8709 14.9087 305 0 
10.4 0.0947917 0.1375 20.8352 30.2225 226.793 343.742 319.647 321.969 327.285 -22.0163 13.2528 305 0 
10.5 0.0854167 0.132292 18.7746 29.0777 228.864 346.927 322.691 324.735 325.178 -19.9714 11.5972 305 0 
10.6 0.0760417 0.135417 16.714 29.7646 230.891 350.535 327.013 328.783 322.824 -17.6701 9.96695 305 0 
10.7 0.084375 0.135417 18.5456 29.7646 232.895 353.786 330.421 331.959 320.541 -15.4256 8.59422 305 0 
10.8 0.0916667 0.138542 20.1483 30.4515 235.1 357.105 333.465 334.779 318.073 -12.9894 7.28662 305 0 
10.9 0.0927083 0.138542 20.3773 30.4515 237.528 360.802 336.935 338.025 315.267 -10.2102 5.99242 305 0 
11 0.0947917 0.136458 20.8352 29.9935 239.555 363.719 339.37 340.298 312.957 -7.91563 5.06447 305 0 
11.1 0.0979167 0.135417 21.5221 29.7646 241.915 366.993 341.866 342.627 310.285 -5.2576 4.12034 305 0 
11.2 0.078125 0.110417 17.1719 24.2696 244.098 370.089 344.362 344.985 307.75 -2.73153 3.34513 305 0 
11.3 0.046875 0.06875 10.3031 15.1112 245.657 372.316 346.188 346.723 305.913 -0.899842 2.85775 305 0 
11.4 0.0333333 0.0270833 7.32667 5.95292 246.592 373.207 346.066 346.561 305.024 -0.0128892 2.6358 305 0 
11.5 0.00625 0.00104167 1.37375 0.228958 246.771 373.229 345.64 346.131 304.927 0.0843416 2.61098 305 0 
11.6 0 0 0 0 246.771 373.229 345.64 346.131 304.927 0.0843416 2.61098 305 0 
11.7 0 0 0 0 246.771 373.229 345.64 346.131 304.927 0.0843416 2.61098 305 0 
11.8 0 0 0 0 246.771 373.229 345.64 346.131 304.927 0.0843416 2.61098 305 0 
11.9 0 0 0 0 246.771 373.229 345.64 346.131 304.927 0.0843416 2.61098 305 0 
12 0 0 0 0 246.771 373.229 345.64 346.131 304.927 0.0843416 2.61098 305 0 
