0 0 0 0 0 0 0 0 0 0 0 0 0 0
0.1 0 0 0 0 0 0.0222717 0.0608735 0.060875 224.989 0.01115 5.92012e-06 225 0 
0.2 0.034375 0.0375 7.55562 8.2425 0.734967 0.824053 0.243494 0.244018 224.219 0.780497 0.00204836 225 0 
0.3 0.0770833 0.0895833 16.9429 19.6904 2.38307 2.73942 0.973976 0.979386 222.436 2.56438 0.0209923 225 0 
0.4 0.11875 0.127083 26.1012 27.9329 4.92205 5.45657 1.46096 1.48101 219.805 5.19518 0.0768738 225 0 
0.5 0.138542 0.139583 30.4515 30.6804 7.88419 8.44098 1.52184 1.56264 216.829 8.17123 0.154318 225 0 
0.6 0.170833 0.170833 37.5492 37.5492 12.0045 12.5835 1.58271 1.65449 212.694 12.3064 0.266319 225 0 
0.7 0.184375 0.185417 40.5256 40.7546 16.4811 17.0601 1.58271 1.6901 208.213 16.787 0.390057 225 0 
0.8 0.194792 0.197917 42.8152 43.5021 20.6459 21.2918 1.76533 1.90942 204.012 20.9887 0.512793 225 0 
0.9 0.201042 0.204167 44.189 44.8758 24.9443 25.657 1.94795 2.13549 199.677 25.3238 0.653247 225 0 
1 0.216667 0.216667 47.6233 47.6233 29.5768 30.2895 1.94795 2.18627 195.042 29.9595 0.810834 225 0 
1.1 0.221875 0.220833 48.7681 48.5392 34.3207 35.0111 1.88708 2.17906 190.307 34.6956 0.969316 225 0 
1.2 0.223958 0.225 49.226 49.455 39.1091 39.8218 1.94795 2.29716 185.505 39.4986 1.13003 225 0 
1.3 0.223958 0.229167 49.226 50.3708 43.8975 44.7216 2.25232 2.66727 180.659 44.3456 1.30769 225 0 
1.4 0.225 0.229167 49.455 50.3708 48.7082 49.6214 2.49581 2.98785 175.804 49.2028 1.50896 225 0 
1.5 0.230208 0.23125 50.5998 50.8288 53.6303 54.5657 2.55669 3.13594 170.871 54.1374 1.72657 225 0 
1.6 0.229167 0.232292 50.3708 51.0577 58.5301 59.5323 2.73931 3.41457 165.94 59.0716 1.95465 225 0 
1.7 0.227083 0.23125 49.9129 50.8288 63.3853 64.4989 3.04368 3.82778 161.033 63.9825 2.20257 225 0 
1.8 0.228125 0.23125 50.1419 50.8288 68.2628 69.4432 3.2263 4.13373 156.127 68.8923 2.47135 225 0 
1.9 0.235417 0.235417 51.7446 51.7446 73.3185 74.4766 3.16542 4.20992 151.09 73.9354 2.75279 225 0 
2 0.235417 0.236458 51.7446 51.9735 78.3519 79.5323 3.2263 4.4173 146.053 78.9785 3.03424 225 0 
2.1 0.233333 0.236458 51.2867 51.9735 83.363 84.588 3.34804 4.69892 141.029 84.01 3.32307 225 0 
2.2 0.233333 0.2375 51.2867 52.2025 88.3519 89.6659 3.59154 5.12083 136.008 89.0406 3.62794 225 0 
2.3 0.235417 0.235417 51.7446 51.7446 93.4076 94.6993 3.53066 5.256 130.978 94.0818 3.94151 225 0 
2.4 0.235417 0.233333 51.7446 51.2867 98.441 99.6882 3.40892 5.34088 125.981 99.0901 4.24503 225 0 
2.5 0.235417 0.236458 51.7446 51.9735 103.474 104.766 3.53066 5.68839 120.943 104.143 4.55124 225 0 
2.6 0.235417 0.238542 51.7446 52.4315 108.53 109.866 3.65241 6.06196 115.885 109.217 4.86958 225 0 
2.7 0.236458 0.2375 51.9735 52.2025 113.586 114.944 3.71328 6.40116 110.842 114.28 5.19529 225 0 
2.8 0.242708 0.239583 53.3473 52.6604 118.775 120.067 3.53066 6.52606 105.712 119.432 5.52125 225 0 
2.9 0.239583 0.2375 52.6604 52.2025 123.898 125.145 3.40892 6.73168 100.639 124.53 5.83017 225 0 
3 0.2375 0.239583 52.2025 52.6604 128.975 130.267 3.53066 7.21553 95.5704 129.627 6.13908 225 0 
3.1 0.2375 0.2375 52.2025 52.2025 134.053 135.345 3.53066 7.61972 90.5285 134.702 6.45203 225 0 
3.2 0.24375 0.241667 53.5762 53.1183 139.265 140.512 3.40892 7.95664 85.3804 139.888 6.76634 225 0 
3.3 0.242708 0.240625 53.3473 52.8894 144.477 145.657 3.2263 8.28061 80.2475 145.064 7.06623 225 0 
3.4 0.236458 0.239583 51.9735 52.6604 149.532 150.78 3.40892 9.02843 75.2099 150.151 7.36097 225 0 
3.5 0.238542 0.241667 52.4315 53.1183 154.633 155.947 3.59154 9.87659 70.1394 155.282 7.67463 225 0 
3.6 0.241667 0.239583 53.1183 52.6604 159.8 161.091 3.53066 10.5932 65.0589 160.434 7.99512 225 0 
3.7 0.242708 0.240625 53.3473 52.8894 164.989 166.258 3.46979 11.4404 59.9694 165.609 8.3115 225 0 
3.8 0.239583 0.239583 52.6604 52.6604 170.134 171.381 3.40892 12.4401 54.9401 170.74 8.61971 225 0 
3.9 0.241667 0.239583 53.1183 52.6604 175.301 176.526 3.34804 13.6529 49.9105 175.894 8.92379 225 0 
4 0.247917 0.245833 54.4921 54.0342 180.601 181.782 3.2263 15.1202 44.7905 181.17 9.22669 225 0 
4.1 0.246875 0.245833 54.2631 54.0342 185.88 187.038 3.16542 17.0401 39.7219 186.436 9.52056 225 0 
4.2 0.241667 0.24375 53.1183 53.5762 191.069 192.249 3.2263 19.6201 34.7776 191.635 9.8107 225 0 
4.3 0.239583 0.245833 52.6604 54.0342 196.192 197.506 3.59154 23.3559 29.9404 196.822 10.1195 225 0 
4.4 0.242708 0.24375 53.3473 53.5762 201.403 202.717 3.59154 28.0584 25.2342 202.03 10.4462 225 0 
4.5 0.238542 0.241667 52.4315 53.1183 206.526 207.884 3.71328 34.8731 20.8322 207.17 10.7742 225 0 
4.6 0.2375 0.236458 52.2025 51.9735 211.626 212.94 3.59154 44.6372 16.9076 212.244 11.0979 225 0 
4.7 0.235417 0.2375 51.7446 52.2025 216.659 218.04 3.77416 59.846 13.7724 217.307 11.4236 225 0 
4.8 0.236458 0.238542 51.9735 52.4315 221.737 223.14 3.83503 81.37 12.0474 222.392 11.7616 225 0 
4.9 0.235417 0.234375 51.7446 51.5156 226.793 228.151 3.71328 105.083 12.333 227.42 12.0932 225 0 
5 0.236458 0.236458 51.9735 51.9735 231.849 233.207 3.71328 124.804 14.4951 232.472 12.4208 225 0 
5.1 0.233333 0.235417 51.2867 51.7446 236.837 238.263 3.89591 138.363 17.8511 237.49 12.7543 225 0 
5.2 0.207292 0.205208 45.5627 45.1048 242.049 243.408 3.71328 147.227 21.9895 242.663 13.0982 225 0 
5.3 0.160417 0.154167 35.2596 33.8858 246.058 247.261 3.28717 151.656 25.3792 246.591 13.3384 225 0 
5.4 0.114583 0.104167 25.1854 22.8958 248.953 249.844 2.43494 153.533 27.8132 249.331 13.4752 225 0 
5.5 0.0708333 0.0625 15.5692 13.7375 251.002 251.67 1.82621 154.623 29.5571 251.27 13.5473 225 0 
5.6 0.0270833 0.0239583 5.95292 5.26604 251.871 252.428 1.52184 154.985 30.2932 252.083 13.5711 225 0 
5.7 0.00104167 0 0.228958 0 251.915 252.428 1.40009 154.881 30.3134 252.106 13.5716 225 0 
5.8 0 0 0 0 251.915 252.428 1.40009 154.881 30.3134 252.106 13.5716 225 0 
5.9 0 0 0 0 251.915 252.428 1.40009 154.881 30.3134 252.106 13.5716 225 0 
6 0 0 0 0 251.915 252.428 1.40009 154.881 30.3134 252.106 13.5716 225 0 
