0 0 0 0 0 0 0 0 0 0 0 0 0 0
0.1 0 0 0 0 0.0222717 0.0222717 0 0 304.978 0.0223 0 305 0 
0.2 0.01875 0.0354167 4.12125 7.78458 0.445434 0.77951 0.913103 0.913989 304.387 0.613225 0.0047064 305 0 
0.3 0.0354167 0.0854167 7.78458 18.7746 1.20267 2.60579 3.83503 3.84605 303.095 1.90538 0.0582505 305 0 
0.4 0.05 0.11875 10.99 26.1012 2.27171 5.14477 7.85268 7.89873 301.298 3.70193 0.242034 305 0 
0.5 0.0666667 0.144792 14.6533 31.8252 3.6971 8.24053 12.4182 12.5409 299.071 5.92951 0.640041 305 0 
0.6 0.0791667 0.161458 17.4008 35.4885 5.38976 11.6927 17.2272 17.4782 296.584 8.4188 1.29845 305 0 
0.7 0.0916667 0.172917 20.1483 38.0071 7.34967 15.3898 21.9753 22.4137 293.922 11.0862 2.2478 305 0 
0.8 0.104167 0.185417 22.8958 40.7546 9.57684 19.3541 26.7235 27.4176 291.112 13.9096 3.52484 305 0 
0.9 0.109375 0.190625 24.0406 41.8994 11.9154 23.4298 31.4716 32.4827 288.33 16.7151 5.08527 305 0 
1 0.122917 0.2 27.0171 43.96 14.5434 27.706 35.9762 37.3825 285.496 19.5898 7.00294 305 0 
1.1 0.129167 0.205208 28.3908 45.1048 17.3051 32.0935 40.42 42.2886 282.748 22.4026 9.21472 305 0 
1.2 0.132292 0.207292 29.0777 45.5627 20.1336 36.5256 44.8029 47.1922 280.165 25.0781 11.674 305 0 
1.3 0.135417 0.207292 29.7646 45.5627 23.0512 40.9577 48.9423 51.9067 277.777 27.594 14.3578 305 0 
1.4 0.1375 0.216667 30.2225 47.6233 25.9911 45.5902 53.5687 57.1724 275.577 29.9673 17.3127 305 0 
1.5 0.1375 0.216667 30.2225 47.6233 28.931 50.2227 58.1951 62.4825 273.67 32.0947 20.4493 305 0 
1.6 0.139583 0.216667 30.6804 47.6233 31.9376 54.8552 62.6389 67.6545 272.057 33.984 23.7734 305 0 
1.7 0.139583 0.215625 30.6804 47.3944 34.9221 59.4655 67.0826 72.8538 270.77 35.6008 27.2136 305 0 
1.8 0.140625 0.214583 30.9094 47.1654 37.9287 64.0757 71.4655 78.0191 269.809 36.9522 30.7784 305 0 
1.9 0.141667 0.216667 31.1383 47.6233 40.9577 68.7305 75.9093 83.2699 269.181 38.0348 34.4687 305 0 
2 0.14375 0.217708 31.5963 47.8523 44.0312 73.3853 80.2313 88.4139 268.898 38.837 38.2527 305 0 
2.1 0.139583 0.215625 30.6804 47.3944 47.0156 77.9955 84.6751 93.6679 268.964 39.339 42.0206 305 0 
2.2 0.139583 0.21875 30.6804 48.0812 50 82.6726 89.3015 99.1059 269.387 39.5434 45.8497 305 0 
2.3 0.14375 0.21875 31.5963 48.0812 53.0735 87.3497 93.6843 104.296 270.17 39.4455 49.7277 305 0 
2.4 0.140625 0.216667 30.9094 47.6233 56.0802 91.9822 98.1281 109.515 271.279 39.0553 53.5313 305 0 
2.5 0.144792 0.21875 31.8252 48.0812 59.1982 96.6592 102.389 114.538 272.738 38.3638 57.3711 305 0 
2.6 0.146875 0.216667 32.2831 47.6233 62.3385 101.292 106.468 119.344 274.498 37.3979 61.1398 305 0 
2.7 0.145833 0.21875 32.0542 48.0812 65.4566 105.969 110.729 124.295 276.551 36.1571 64.8389 305 0 
2.8 0.139583 0.213542 30.6804 46.9365 68.441 110.535 115.051 129.243 278.81 34.6907 68.3217 305 0 
2.9 0.140625 0.221875 30.9094 48.7681 71.4477 115.278 119.799 134.582 281.398 32.9076 71.7667 305 0 
3 0.144792 0.222917 31.8252 48.9971 74.5434 120.045 124.365 139.691 284.279 30.8213 75.103 305 0 
3.1 0.145833 0.225 32.0542 49.455 77.6615 124.855 128.991 144.805 287.413 28.4545 78.2883 305 0 
3.2 0.15 0.226042 32.97 49.684 80.8686 129.688 133.435 149.682 290.795 25.8067 81.3186 305 0 
3.3 0.148958 0.223958 32.741 49.226 84.0535 134.477 137.818 154.432 294.318 22.9575 84.1128 305 0 
3.4 0.148958 0.223958 32.741 49.226 87.2383 139.265 142.201 159.121 297.983 19.9032 86.6813 305 0 
3.5 0.144792 0.219792 31.8252 48.3102 90.3341 143.964 146.583 163.742 301.68 16.7341 88.957 305 0 
3.6 0.145833 0.222917 32.0542 48.9971 93.4744 148.731 151.027 168.367 305.519 13.3517 91.0111 305 0 
3.7 0.151042 0.228125 33.199 50.1419 96.7038 153.608 155.532 172.995 309.522 9.72991 92.8405 305 0 
3.8 0.151042 0.226042 33.199 49.684 99.9332 158.441 159.915 177.441 313.543 5.99792 94.3754 305 0 
3.9 0.154167 0.221875 33.8858 48.7681 103.229 163.185 163.872 181.406 317.567 2.17465 95.6316 305 0 
4 0.155208 0.225 34.1148 49.455 106.548 168.018 168.011 185.503 321.64 -1.78169 96.6285 305 0 
4.1 0.151042 0.223958 33.199 49.226 109.8 172.806 172.211 189.611 325.63 -5.74511 97.3256 305 0 
4.2 0.147917 0.222917 32.5121 48.9971 112.984 177.572 176.533 193.793 329.528 -9.70493 97.722 305 0 
4.3 0.145833 0.217708 32.0542 47.8523 116.102 182.227 180.733 197.811 333.273 -13.5941 97.8209 305 0 
4.4 0.148958 0.21875 32.741 48.0812 119.31 186.904 184.751 201.602 336.991 -17.5362 97.6385 305 0 
4.5 0.151042 0.21875 33.199 48.0812 122.539 191.581 188.708 205.293 340.624 -21.4672 97.1812 305 0 
4.6 0.15 0.216667 32.97 47.6233 125.746 196.214 192.604 208.891 344.121 -25.3248 96.4621 305 0 
4.7 0.148958 0.216667 32.741 47.6233 128.931 200.846 196.561 212.518 347.489 -29.1133 95.4835 305 0 
4.8 0.14375 0.2125 31.5963 46.7075 132.004 205.39 200.578 216.183 350.641 -32.7295 94.2757 305 0 
4.9 0.14375 0.210417 31.5963 46.2496 135.078 209.889 204.474 219.7 353.635 -36.2331 92.8299 305 0 
5 0.14375 0.213542 31.5963 46.9365 138.151 214.454 208.553 223.371 356.502 -39.6578 91.1293 305 0 
5.1 0.141667 0.214583 31.1383 47.1654 141.18 219.042 212.814 227.199 359.19 -42.9401 89.19 305 0 
5.2 0.145833 0.215625 32.0542 47.3944 144.298 223.653 216.892 230.814 361.733 -46.1186 86.9854 305 0 
5.3 0.14375 0.2125 31.5963 46.7075 147.372 228.218 220.971 234.413 364.061 -49.0977 84.5884 305 0 
5.4 0.144792 0.216667 31.8252 47.6233 150.468 232.851 225.171 238.109 366.216 -51.9286 81.9524 305 0 
5.5 0.138542 0.214583 30.4515 47.1654 153.43 237.439 229.615 242.042 368.108 -54.4924 79.1762 305 0 
5.6 0.1375 0.213542 30.2225 46.9365 156.37 242.004 234.059 245.962 369.762 -56.8197 76.2273 305 0 
5.7 0.1375 0.2125 30.2225 46.7075 159.31 246.57 238.502 249.867 371.182 -58.9116 73.1071 305 0 
5.8 0.132292 0.20625 29.0777 45.3338 162.138 250.98 242.824 253.659 372.324 -60.6933 69.9526 305 0 
5.9 0.1375 0.210417 30.2225 46.2496 165.078 255.479 247.086 257.366 373.263 -62.2768 66.5829 305 0 
6 0.139583 0.211458 30.6804 46.4785 168.062 260 251.286 261.001 373.977 -63.6194 63.0743 305 0 
6.1 0.1375 0.211458 30.2225 46.4785 171.002 264.521 255.608 264.755 374.448 -64.6914 59.4971 305 0 
6.2 0.133333 0.209375 29.3067 46.0206 173.853 268.998 260.052 268.639 374.668 -65.4727 55.9138 305 0 
6.3 0.133333 0.210417 29.3067 46.2496 176.704 273.519 264.617 272.64 374.636 -65.9734 52.2583 305 0 
6.4 0.135417 0.210417 29.7646 46.2496 179.599 278.018 269 276.458 374.352 -66.1881 48.5636 305 0 
6.5 0.135417 0.213542 29.7646 46.9365 182.494 282.606 273.626 280.516 373.808 -66.1113 44.819 305 0 
6.6 0.133333 0.2125 29.3067 46.7075 185.345 287.149 278.253 284.588 373.013 -65.7373 41.1372 305 0 
6.7 0.139583 0.210417 30.6804 46.2496 188.33 291.648 282.392 288.174 371.965 -65.0753 37.4506 305 0 
6.8 0.138542 0.2125 30.4515 46.7075 191.292 296.192 286.714 291.95 370.686 -64.1404 33.8121 305 0 
6.9 0.115625 0.178125 25.4144 39.1519 193.786 300.022 290.367 295.153 369.428 -63.1414 30.8078 305 0 
7 0.138542 0.209375 30.4515 46.0206 196.748 304.499 294.506 298.775 367.749 -61.7293 27.3626 305 0 
7.1 0.135417 0.20625 29.7646 45.3338 199.644 308.931 298.706 302.482 365.889 -60.0954 24.0792 305 0 
7.2 0.140625 0.215625 30.9094 47.3944 202.65 313.541 303.089 306.37 363.742 -58.1464 20.8027 305 0 
7.3 0.142708 0.220833 31.3673 48.5392 205.702 318.263 307.655 310.452 361.333 -55.9029 17.6244 305 0 
7.4 0.145833 0.220833 32.0542 48.5392 208.82 322.984 312.038 314.372 358.695 -53.3971 14.6049 305 0 
7.5 0.144792 0.220833 31.8252 48.5392 211.938 327.706 316.421 318.319 355.863 -50.6679 11.7856 305 0 
7.6 0.14375 0.21875 31.5963 48.0812 215.011 332.383 320.803 322.3 352.885 -47.7647 9.21266 305 0 
7.7 0.141667 0.220833 31.1383 48.5392 218.04 337.105 325.43 326.557 349.736 -44.6686 6.87558 305 0 
7.8 0.142708 0.223958 31.3673 49.226 221.091 341.915 330.239 331.029 346.377 -41.3439 4.77116 305 0 
7.9 0.144792 0.223958 31.8252 49.226 224.187 346.704 334.865 335.357 342.86 -37.8474 2.94198 305 0 
8 0.142708 0.221875 31.3673 48.7681 227.261 351.448 339.431 339.669 339.249 -34.2464 1.41175 305 0 
8.1 0.142708 0.217708 31.3673 47.8523 230.334 356.102 343.753 343.783 335.58 -30.5799 0.179167 305 0 
8.2 0.140625 0.216667 30.9094 47.6233 233.341 360.757 348.257 348.126 331.863 -26.862 -0.759566 305 0 
8.3 0.1375 0.217708 30.2225 47.8523 236.303 365.412 352.884 352.64 328.106 -23.1032 -1.3958 305 0 
8.4 0.135417 0.216667 29.7646 47.6233 239.198 370.067 357.693 357.389 324.343 -19.3382 -1.71803 305 0 
8.5 0.139583 0.213542 30.6804 46.9365 242.183 374.633 1.83254 1.52143 320.564 -15.5593 -1.7397 305 0 
8.6 0.136458 0.211458 29.9935 46.4785 245.1 379.176 6.27631 6.00929 316.838 -11.8344 -1.47581 305 0 
8.7 0.138542 0.2125 30.4515 46.7075 248.062 383.719 10.5983 10.429 313.12 -8.11832 -0.924879 305 0 
8.8 0.14375 0.214583 31.5963 47.1654 251.136 388.33 14.7986 14.7838 309.366 -4.36641 -0.0798968 305 0 
8.9 0.14375 0.216667 31.5963 47.6233 254.209 392.962 19.0597 19.2553 305.678 -0.676367 1.04267 305 0 
9 0.147917 0.216667 32.5121 47.6233 257.372 397.595 23.0774 23.5414 302.045 2.96477 2.4446 305 0 
9.1 0.14375 0.21875 31.5963 48.0812 260.445 402.272 27.4603 28.2475 298.555 6.47321 4.09973 305 0 
9.2 0.11875 0.191667 26.1012 42.1283 263.43 407.038 32.3302 33.5015 295.225 9.8366 6.03222 305 0 
9.3 0.0854167 0.139583 18.7746 30.6804 265.568 410.512 35.9826 37.4717 292.937 12.1618 7.60882 305 0 
9.4 0.0489583 0.0927083 10.761 20.3773 266.815 412.829 38.9045 40.614 291.551 13.5784 8.69287 305 0 
9.5 0.0145833 0.046875 3.20542 10.3031 267.216 414.031 41.096 42.9106 290.952 14.1936 9.20865 305 0 
9.6 0 0.00625 0 1.37375 267.216 414.254 41.7047 43.5344 290.871 14.2772 9.28236 305 0 
9.7 0 0 0 0 267.216 414.254 41.7047 43.5344 290.871 14.2772 9.28236 305 0 
9.8 0 0 0 0 267.216 414.254 41.7047 43.5344 290.871 14.2772 9.28236 305 0 
9.9 0 0 0 0 267.216 414.254 41.7047 43.5344 290.871 14.2772 9.28236 305 0 
10 0 0 0 0 267.216 414.254 41.7047 43.5344 290.871 14.2772 9.28236 305 0 
