0 0 0 0 0 0 0 0 0 0 0 0 0 0
0.1 0 0 0 0 0 0.0222717 0.0608735 0.060875 224.989 0.01115 5.92012e-06 225 0 
0.2 0.0322917 0.0364583 7.09771 8.01354 0.690423 0.801782 0.304368 0.304968 224.253 0.747046 0.00235028 225 0 
0.3 0.0791667 0.084375 17.4008 18.5456 2.38307 2.60579 0.608735 0.612933 222.502 2.49754 0.016292 225 0 
0.4 0.119792 0.125 26.3302 27.475 4.94432 5.2784 0.913103 0.926418 219.882 5.11755 0.0510716 225 0 
0.5 0.146875 0.151042 32.2831 33.199 8.08463 8.5078 1.1566 1.18534 216.694 8.30593 0.108636 225 0 
0.6 0.161458 0.16875 35.4885 37.0913 12.0045 12.6058 1.64359 1.69929 212.681 12.3187 0.206663 225 0 
0.7 0.176042 0.183333 38.694 40.2967 16.2584 17.0601 2.19145 2.28843 208.324 16.6759 0.352465 225 0 
0.8 0.188542 0.195833 41.4415 43.0442 20.2895 21.2695 2.67843 2.82656 204.203 20.7977 0.527648 225 0 
0.9 0.201042 0.204167 44.189 44.8758 24.588 25.6347 2.86106 3.07247 199.871 25.13 0.737132 225 0 
1 0.210417 0.213542 46.2496 46.9365 29.1091 30.2004 2.9828 3.26716 195.329 29.6733 0.968911 225 0 
1.1 0.2125 0.2125 46.7075 46.7075 33.6526 34.7439 2.9828 3.34502 190.788 34.2163 1.20551 225 0 
1.2 0.21875 0.219792 48.0812 48.3102 38.3296 39.4432 3.04368 3.49098 186.102 38.904 1.45215 225 0 
1.3 0.221875 0.226042 48.7681 49.684 43.0735 44.2762 3.28717 3.82995 181.317 43.6912 1.71676 225 0 
1.4 0.23125 0.23125 50.8288 50.8288 48.0178 49.2205 3.28717 3.93737 176.378 48.6336 2.00048 225 0 
1.5 0.23125 0.23125 50.8288 50.8288 52.9621 54.1871 3.34804 4.11299 171.428 53.5871 2.28748 225 0 
1.6 0.227083 0.233333 49.9129 51.2867 57.8174 59.1759 3.71328 4.60525 166.514 58.506 2.59082 225 0 
1.7 0.23125 0.233333 50.8288 51.2867 62.7617 64.1648 3.83503 4.87046 161.558 63.4681 2.91799 225 0 
1.8 0.232292 0.227083 51.0577 49.9129 67.7283 69.02 3.53066 4.71403 156.658 68.3751 3.23368 225 0 
1.9 0.232292 0.233333 51.0577 51.2867 72.7171 74.0089 3.53066 4.86909 151.68 73.3609 3.54114 225 0 
2 0.230208 0.235417 50.5998 51.7446 77.6392 79.0423 3.83503 5.34382 146.716 78.3346 3.86112 225 0 
2.1 0.227083 0.23125 49.9129 50.8288 82.4944 83.9866 4.07853 5.77608 141.833 83.2289 4.19948 225 0 
2.2 0.234375 0.235417 51.5156 51.7446 87.5278 89.02 4.07853 5.98849 136.82 88.256 4.55775 225 0 
2.3 0.234375 0.232292 51.5156 51.0577 92.539 93.9866 3.95678 6.09091 131.852 93.2389 4.90756 225 0 
2.4 0.233333 0.234375 51.2867 51.5156 97.5278 98.9978 4.01765 6.39286 126.876 98.2332 5.25549 225 0 
2.5 0.234375 0.233333 51.5156 51.2867 102.539 104.009 4.01765 6.65547 121.891 103.238 5.60686 225 0 
2.6 0.23125 0.230208 50.8288 50.5998 107.483 108.931 3.95678 6.87371 116.986 108.166 5.95014 225 0 
2.7 0.236458 0.234375 51.9735 51.5156 112.539 113.964 3.89591 7.12079 111.972 113.205 6.29583 225 0 
2.8 0.236458 0.2375 51.9735 52.2025 117.617 119.042 3.89591 7.45852 106.929 118.278 6.64111 225 0 
2.9 0.233333 0.2375 51.2867 52.2025 122.606 124.12 4.1394 8.0757 101.935 123.305 6.99404 225 0 
3 0.235417 0.236458 51.7446 51.9735 127.661 129.176 4.1394 8.49607 96.9258 128.354 7.35925 225 0 
3.1 0.239583 0.236458 52.6604 51.9735 132.806 134.232 3.89591 8.71639 91.8765 133.448 7.71686 225 0 
3.2 0.239583 0.238542 52.6604 52.4315 137.929 139.354 3.89591 9.22941 86.8102 138.565 8.06517 225 0 
3.3 0.23125 0.234375 50.8288 51.5156 142.895 144.365 4.01765 9.91542 81.8844 143.549 8.40969 225 0 
3.4 0.232292 0.235417 51.0577 51.7446 147.862 149.399 4.20027 10.7457 76.9591 148.542 8.76823 225 0 
3.5 0.240625 0.236458 52.8894 51.9735 153.029 154.454 3.89591 11.1908 71.9345 153.647 9.12933 225 0 
3.6 0.239583 0.238542 52.6604 52.4315 158.151 159.577 3.89591 12.0432 66.9103 158.764 9.47764 225 0 
3.7 0.239583 0.236458 52.6604 51.9735 163.274 164.633 3.71328 12.8368 61.9341 163.849 9.81558 225 0 
3.8 0.240625 0.239583 52.8894 52.6604 168.419 169.755 3.65241 13.9227 56.9331 168.978 10.1456 225 0 
3.9 0.239583 0.233333 52.6604 51.2867 173.541 174.744 3.28717 14.8816 52.0296 174.031 10.4518 225 0 
4 0.241667 0.238542 53.1183 52.4315 178.708 179.844 3.10455 16.2962 47.0778 179.163 10.7382 225 0 
4.1 0.195833 0.192708 43.0442 42.3573 182.895 183.964 2.92193 17.6567 43.0996 183.316 10.9567 225 0 
4.2 0.2375 0.234375 52.2025 51.5156 187.973 188.998 2.80018 19.8246 38.3046 188.372 11.2093 225 0 
4.3 0.235417 0.239583 51.7446 52.6604 193.029 194.12 2.9828 22.9721 33.5584 193.461 11.4662 225 0 
4.4 0.234375 0.234375 51.5156 51.5156 198.04 199.131 2.9828 26.8435 29.0045 198.472 11.7271 225 0 
4.5 0.234375 0.238542 51.5156 52.4315 203.074 204.232 3.16542 32.389 24.5886 203.538 11.9991 225 0 
4.6 0.23125 0.235417 50.8288 51.7446 208.018 209.287 3.46979 40.2257 20.5445 208.536 12.2886 225 0 
4.7 0.233333 0.235417 51.2867 51.7446 213.007 214.321 3.59154 51.3324 17.0276 213.544 12.5975 225 0 
4.8 0.2375 0.235417 52.2025 51.7446 218.085 219.354 3.46979 67.118 14.4101 218.596 12.9091 225 0 
4.9 0.234375 0.235417 51.5156 51.7446 223.096 224.388 3.53066 87.5934 13.2882 223.616 13.2159 225 0 
5 0.229167 0.233333 50.3708 51.2867 228.018 229.376 3.71328 108.538 13.9916 228.567 13.5292 225 0 
5.1 0.233333 0.232292 51.2867 51.0577 233.007 234.343 3.65241 125.378 16.2712 233.541 13.8492 225 0 
5.2 0.205208 0.2 45.1048 43.96 238.129 239.31 3.2263 137.119 19.6158 238.583 14.152 225 0 
5.3 0.15625 0.148958 34.3438 32.741 242.004 243.007 2.73931 143.249 22.5296 242.369 14.3492 225 0 
5.4 0.109375 0.1 24.0406 21.98 244.766 245.546 2.13057 146.361 24.6973 245.02 14.4619 225 0 
5.5 0.0604167 0.0541667 13.2796 11.9058 246.57 247.194 1.70446 148.05 26.1491 246.748 14.5197 225 0 
5.6 0.0270833 0.0229167 5.95292 5.03708 247.416 247.906 1.33922 148.574 26.8128 247.528 14.5404 225 0 
5.7 0.00208333 0 0.457917 0 247.506 247.906 1.09572 148.38 26.8507 247.572 14.5414 225 0 
5.8 0 0 0 0 247.506 247.906 1.09572 148.38 26.8507 247.572 14.5414 225 0 
5.9 0 0 0 0 247.506 247.906 1.09572 148.38 26.8507 247.572 14.5414 225 0 
6 0 0 0 0 247.506 247.906 1.09572 148.38 26.8507 247.572 14.5414 225 0 
