0 0 0 0 0 0 0 0 0 0 0 0 0 0
0.1 0 0 0 0 0 0.0222717 0.0608735 0.0608746 304.989 0.01115 5.92012e-06 305 0 
0.2 0.01875 0.0322917 4.12125 7.09771 0.400891 0.712695 0.852229 0.85305 304.443 0.557478 0.00435713 305 0 
0.3 0.040625 0.0822917 8.92937 18.0877 1.26949 2.47216 3.28717 3.29697 303.128 1.87222 0.0518463 305 0 
0.4 0.0604167 0.116667 13.2796 25.6433 2.56125 4.98886 6.63521 6.67644 301.229 3.77147 0.216628 305 0 
0.5 0.075 0.141667 16.485 31.1383 4.16481 8.01782 10.5311 10.639 298.936 6.06428 0.562516 305 0 
0.6 0.0854167 0.155208 18.7746 34.1148 5.99109 11.3363 14.6096 14.8268 296.424 8.57772 1.12268 305 0 
0.7 0.0979167 0.172917 21.5221 38.0071 8.08463 15.0334 18.9925 19.3752 293.654 11.3524 1.96002 305 0 
0.8 0.0822917 0.141667 18.0877 31.1383 9.8441 18.0846 22.5232 23.0766 291.409 13.6043 2.81305 305 0 
0.9 0.116667 0.189583 25.6433 41.6704 12.3385 22.1604 26.8452 27.6771 288.438 16.5926 4.18572 305 0 
1 0.120833 0.195833 26.5592 43.0442 14.922 26.3474 31.2281 32.3987 285.504 19.5558 5.82977 305 0 
1.1 0.120833 0.195833 26.5592 43.0442 17.5056 30.5568 35.6719 37.234 282.712 22.3931 7.70298 305 0 
1.2 0.120833 0.201042 26.5592 44.189 20.0891 34.8775 40.42 42.4329 280.057 25.1151 9.83168 305 0 
1.3 0.125 0.204167 27.475 44.8758 22.7617 39.2428 45.0464 47.5712 277.566 27.7033 12.221 305 0 
1.4 0.127083 0.210417 27.9329 46.2496 25.4788 43.7416 49.9163 53.0171 275.257 30.1452 14.8818 305 0 
1.5 0.130208 0.210417 28.6198 46.2496 28.2628 48.2405 54.6035 58.3334 273.2 32.3776 17.7633 305 0 
1.6 0.128125 0.204167 28.1619 44.8758 31.0022 52.6058 59.0473 63.4309 271.468 34.3249 20.7387 305 0 
1.7 0.136458 0.208333 29.9935 45.7917 33.9198 57.0601 63.2476 68.3441 269.959 36.1072 23.9695 305 0 
1.8 0.135417 0.209375 29.7646 46.0206 36.8151 61.559 67.6305 73.4712 268.746 37.6475 27.3346 305 0 
1.9 0.136458 0.210417 29.9935 46.2496 39.7327 66.0579 71.9525 78.5627 267.847 38.9319 30.8174 305 0 
2 0.134375 0.213542 29.5356 46.9365 42.6058 70.6459 76.6398 84.0407 267.279 39.945 34.4116 305 0 
2.1 0.133333 0.208333 29.3067 45.7917 45.4566 75.1002 81.0227 89.2067 267.061 40.6557 37.9981 305 0 
2.2 0.140625 0.217708 30.9094 47.8523 48.4633 79.7773 85.5882 94.5971 267.186 41.1069 41.8173 305 0 
2.3 0.140625 0.21875 30.9094 48.0812 51.4699 84.4543 90.1537 99.9804 267.67 41.2527 45.6603 305 0 
2.4 0.141667 0.215625 31.1383 47.3944 54.4989 89.0646 94.4757 105.101 268.497 41.1014 49.4808 305 0 
2.5 0.141667 0.214583 31.1383 47.1654 57.5278 93.6748 98.7977 110.199 269.653 40.6628 53.2791 305 0 
2.6 0.134375 0.208333 29.5356 45.7917 60.4009 98.1292 103.12 115.239 271.066 39.9688 56.8804 305 0 
2.7 0.139583 0.214583 30.6804 47.1654 63.3853 102.717 107.503 120.329 272.829 38.9714 60.5368 305 0 
2.8 0.138542 0.213542 30.4515 46.9365 66.3474 107.283 111.886 125.375 274.87 37.7051 64.0855 305 0 
2.9 0.1375 0.211458 30.2225 46.4785 69.2873 111.804 116.208 130.31 277.158 36.1869 67.4973 305 0 
3 0.139583 0.214583 30.6804 47.1654 72.2717 116.392 120.59 135.266 279.729 34.3878 70.8331 305 0 
3.1 0.142708 0.2125 31.3673 46.7075 75.3229 120.958 124.73 139.93 282.541 32.3338 74.045 305 0 
3.2 0.146875 0.21875 32.2831 48.0812 78.4632 125.657 128.991 144.676 285.643 29.9835 77.1872 305 0 
3.3 0.146875 0.219792 32.2831 48.3102 81.6036 130.379 133.313 149.426 288.942 27.3975 80.1531 305 0 
3.4 0.141667 0.220833 31.1383 48.5392 84.6325 135.1 137.939 154.414 292.362 24.628 82.8693 305 0 
3.5 0.141667 0.220833 31.1383 48.5392 87.6615 139.822 142.566 159.338 295.928 21.6485 85.3533 305 0 
3.6 0.1375 0.210417 30.2225 46.2496 90.6013 144.321 146.827 163.827 299.459 18.6127 87.5089 305 0 
3.7 0.146875 0.221875 32.2831 48.7681 93.7639 149.065 151.149 168.331 303.298 15.2237 89.5522 305 0 
3.8 0.177083 0.238542 38.9229 52.4315 97.5501 154.165 154.74 172.066 307.68 11.2651 91.5808 305 0 
3.9 0.165625 0.220833 36.4044 48.5392 101.537 159.51 158.454 175.871 312.325 6.98094 93.4421 305 0 
4 0.155208 0.215625 34.1148 47.3944 105.301 164.699 162.35 179.799 316.803 2.76126 94.9512 305 0 
4.1 0.14375 0.208333 31.5963 45.7917 108.374 169.176 166.185 183.615 320.58 -0.874814 95.9812 305 0 
4.2 0.142708 0.2125 31.3673 46.7075 111.425 173.719 170.263 187.628 324.364 -4.595 96.7626 305 0 
4.3 0.140625 0.209375 30.9094 46.0206 114.432 178.196 174.281 191.538 328.059 -8.30584 97.2719 305 0 
4.4 0.1375 0.204167 30.2225 44.8758 117.372 182.584 178.238 195.347 331.627 -11.9653 97.5169 305 0 
4.5 0.1375 0.204167 30.2225 44.8758 120.312 186.971 182.194 199.118 335.132 -15.6329 97.5089 305 0 
4.6 0.127083 0.194792 27.9329 42.8152 123.029 191.136 186.151 202.866 338.35 -19.0688 97.2639 305 0 
4.7 0.127083 0.203125 27.9329 44.6469 125.746 195.479 190.595 207.059 341.556 -22.5657 96.7551 305 0 
4.8 0.117708 0.19375 25.8723 42.5863 128.263 199.644 195.1 211.292 344.479 -25.8274 96.0171 305 0 
4.9 0.115625 0.19375 25.4144 42.5863 130.735 203.786 199.665 215.556 347.246 -28.9886 95.0336 305 0 
5 0.110417 0.185417 24.2696 40.7546 133.096 207.751 204.048 219.622 349.758 -31.9289 93.8602 305 0 
5.1 0.107292 0.180208 23.5827 39.6098 135.39 211.604 208.309 223.551 352.064 -34.6925 92.5079 305 0 
5.2 0.108333 0.183333 23.8117 40.2967 137.728 215.523 212.631 227.511 354.262 -37.3952 90.9245 305 0 
5.3 0.1125 0.185417 24.7275 40.7546 140.134 219.488 216.892 231.382 356.34 -40.0179 89.1117 305 0 
5.4 0.107292 0.18125 23.5827 39.8387 142.428 223.363 221.214 235.307 358.189 -42.4195 87.1709 305 0 
5.5 0.105208 0.18125 23.1248 39.8387 144.677 227.238 225.658 239.339 359.849 -44.6496 85.0677 305 0 
5.6 0.09375 0.172917 20.6063 38.0071 146.682 230.935 230.285 243.567 361.218 -46.5644 82.9518 305 0 
5.7 0.090625 0.173958 19.9194 38.236 148.641 234.655 235.094 247.966 362.39 -48.292 80.6946 305 0 
5.8 0.090625 0.171875 19.9194 37.7781 150.601 238.33 239.781 252.235 363.356 -49.8148 78.321 305 0 
5.9 0.090625 0.16875 19.9194 37.0913 152.539 241.938 244.346 256.379 364.113 -51.1205 75.8716 305 0 
6 0.0895833 0.164583 19.6904 36.1754 154.454 245.457 248.729 260.343 364.668 -52.2088 73.3789 305 0 
6.1 0.0885417 0.158333 19.4615 34.8017 156.347 248.842 252.808 264.011 365.033 -53.0846 70.8863 305 0 
6.2 0.0916667 0.1625 20.1483 35.7175 158.307 252.316 256.947 267.724 365.236 -53.8001 68.2621 305 0 
6.3 0.096875 0.163542 21.2931 35.9465 160.379 255.813 260.843 271.183 365.269 -54.3432 65.5286 305 0 
6.4 0.096875 0.165625 21.2931 36.4044 162.45 259.354 264.861 274.76 365.13 -54.6992 62.742 305 0 
6.5 0.0958333 0.166667 21.0642 36.6333 164.499 262.918 269 278.461 364.814 -54.8563 59.9372 305 0 
6.6 0.0885417 0.160417 19.4615 35.2596 166.392 266.347 273.2 282.249 364.341 -54.8115 57.2733 305 0 
6.7 0.0885417 0.16875 19.4615 37.0913 168.285 269.955 277.888 286.516 363.664 -54.5522 54.5323 305 0 
6.8 0.0864583 0.166667 19.0035 36.6333 170.134 273.519 282.575 290.798 362.804 -54.0777 51.8655 305 0 
6.9 0.084375 0.164583 18.5456 36.1754 171.938 277.038 287.262 295.097 361.772 -53.3983 49.2894 305 0 
7 0.0864583 0.166667 19.0035 36.6333 173.786 280.601 291.949 299.401 360.538 -52.496 46.7355 305 0 
7.1 0.0895833 0.163542 19.6904 35.9465 175.702 284.098 296.271 303.354 359.134 -51.3959 44.2601 305 0 
7.2 0.090625 0.170833 19.9194 37.5492 177.661 287.751 300.898 307.614 357.509 -50.0584 41.7899 305 0 
7.3 0.09375 0.170833 20.6063 37.5492 179.666 291.403 305.402 311.768 355.707 -48.5164 39.4152 305 0 
7.4 0.102083 0.172917 22.4379 38.0071 181.849 295.1 309.542 315.562 353.681 -46.7324 37.0747 305 0 
7.5 0.102083 0.177083 22.4379 38.9229 184.031 298.886 313.925 319.616 351.481 -44.7499 34.8398 305 0 
7.6 0.0989583 0.175 21.751 38.465 186.147 302.65 318.429 323.822 349.176 -42.6324 32.7962 305 0 
7.7 0.103125 0.18125 22.6669 39.8387 188.352 306.526 322.995 328.105 346.659 -40.2825 30.8625 305 0 
7.8 0.096875 0.183333 21.2931 40.2967 190.445 310.445 327.987 332.849 344.045 -37.8075 29.1503 305 0 
7.9 0.0979167 0.180208 21.5221 39.6098 192.539 314.298 332.796 337.448 341.348 -35.2243 27.6723 305 0 
8 0.0979167 0.180208 21.5221 39.6098 194.633 318.151 337.605 342.082 338.558 -32.5263 26.4159 305 0 
8.1 0.0979167 0.176042 21.5221 38.694 196.726 321.938 342.231 346.572 335.727 -29.7654 25.3972 305 0 
8.2 0.104167 0.18125 22.8958 39.8387 198.953 325.813 346.736 350.973 332.733 -26.825 24.5711 305 0 
8.3 0.104167 0.176042 22.8958 38.694 201.18 329.599 350.997 355.169 329.747 -23.8736 23.9808 305 0 
8.4 0.110417 0.176042 24.2696 38.694 203.541 333.363 354.832 358.975 326.686 -20.8325 23.5931 305 0 
8.5 0.10625 0.176042 23.3538 38.694 205.813 337.127 358.91 363.062 323.665 -17.8166 23.4187 305 0 
8.6 0.0979167 0.166667 21.5221 36.6333 207.906 340.69 2.74564 6.94008 320.844 -14.9853 23.4551 305 0 
8.7 0.102083 0.179167 22.4379 39.3808 210.089 344.521 7.25028 11.5314 317.873 -11.987 23.7172 305 0 
8.8 0.0958333 0.177083 21.0642 38.9229 212.138 348.307 11.9984 16.4072 315.039 -9.10758 24.2052 305 0 
8.9 0.096875 0.178125 21.2931 39.1519 214.209 352.138 16.8074 21.391 312.244 -6.24644 24.9396 305 0 
9 0.0989583 0.18125 21.751 39.8387 216.325 356.013 21.6164 26.4239 309.503 -3.41479 25.9258 305 0 
9.1 0.0979167 0.172917 21.5221 38.0071 218.419 359.71 25.9993 31.0659 306.961 -0.762884 27.0952 305 0 
9.2 0.0822917 0.154167 18.0877 33.8858 220.49 363.541 30.8083 36.1815 304.501 1.83575 28.4996 305 0 
9.3 0.0541667 0.114583 11.9058 25.1854 221.849 366.392 34.8869 40.5067 302.848 3.60613 29.6419 305 0 
9.4 0.0302083 0.0614583 6.63979 13.5085 222.628 367.996 37.1392 42.9094 301.957 4.57133 30.343 305 0 
9.5 0.0114583 0.0302083 2.51854 6.63979 222.94 368.775 38.4175 44.2592 301.561 5.00326 30.6776 305 0 
9.6 0 0.00104167 0 0.228958 222.94 368.842 38.6001 44.4463 301.537 5.02944 30.6984 305 0 
9.7 0 0 0 0 222.94 368.842 38.6001 44.4463 301.537 5.02944 30.6984 305 0 
9.8 0 0 0 0 222.94 368.842 38.6001 44.4463 301.537 5.02944 30.6984 305 0 
9.9 0 0 0 0 222.94 368.842 38.6001 44.4463 301.537 5.02944 30.6984 305 0 
10 0 0 0 0 222.94 368.842 38.6001 44.4463 301.537 5.02944 30.6984 305 0 
