0 0 0 0 0 0 0 0 0 0 0 0 0 0
0.1 0 0 0 0 0 0.0222717 0.0608735 0.0608746 304.989 0.01115 5.92012e-06 305 0 
0.2 0.0895833 0.075 19.6904 16.485 1.93764 1.62584 -0.852229 -0.854542 303.216 1.78394 -0.0122307 305 0 
0.3 0.163542 0.16875 35.9465 37.0913 5.4343 5.23385 -0.547862 -0.55851 299.659 5.34052 -0.0556655 305 0 
0.4 0.222917 0.232292 48.9971 51.0577 10.2004 10.2004 -1.98885e-16 -0.0153526 294.787 10.213 -0.0789492 305 0 
0.5 0.263542 0.265625 57.9265 58.3844 15.8352 15.8797 0.121747 0.107286 289.123 15.8772 -0.0729343 305 0 
0.6 0.260417 0.257292 57.2396 56.5527 22.9176 22.9399 0.0608735 0.0483419 282.043 22.9574 -0.0616565 305 0 
0.7 0.26875 0.267708 59.0713 58.8423 29.3764 29.3987 0.0608735 0.0494764 275.576 29.4244 -0.0547892 305 0 
0.8 0.252083 0.255208 55.4079 56.0948 36.1693 36.3029 0.365241 0.35899 268.718 36.2816 -0.0293032 305 0 
0.9 0.245833 0.245833 54.0342 54.0342 42.7617 42.9176 0.426115 0.429687 262.107 42.8934 0.0163347 305 0 
1 0.242708 0.240625 53.3473 52.8894 49.3318 49.3764 0.121747 0.132402 255.584 49.4161 0.047504 305 0 
1.1 0.251042 0.25 55.179 54.95 54.6993 54.7216 0.0608735 0.0737137 250.221 54.7792 0.0560467 305 0 
1.2 0.261458 0.265625 57.4685 58.3844 61.7372 61.8263 0.243494 0.26114 243.141 61.8594 0.074843 305 0 
1.3 0.228125 0.233333 50.1419 51.2867 68.0401 68.2628 0.608735 0.638334 236.763 68.2371 0.122251 305 0 
1.4 0.245833 0.240625 54.0342 52.8894 74.6325 74.7661 0.365241 0.409552 230.207 74.793 0.177947 305 0 
1.5 0.2625 0.258333 57.6975 56.7817 81.6704 81.6704 -2.48607e-16 0.0514069 223.227 81.7729 0.200182 305 0 
1.6 0.252083 0.254167 55.4079 55.8658 88.441 88.5301 0.243494 0.300361 216.403 88.5966 0.214675 305 0 
1.7 0.235417 0.2375 51.7446 52.2025 94.1203 94.2316 0.304368 0.37018 210.706 94.2942 0.241901 305 0 
1.8 0.233333 0.230208 51.2867 50.5998 100.356 100.401 0.121747 0.196028 204.495 100.505 0.264984 305 0 
1.9 0.2375 0.239583 52.2025 52.6604 106.102 106.169 0.182621 0.263471 198.731 106.269 0.280287 305 0 
2 0.25 0.242708 54.95 53.3473 112.138 112.004 -0.365241 -0.284713 192.788 112.212 0.270821 305 0 
2.1 0.2625 0.258333 57.6975 56.7817 118.441 118.196 -0.669609 -0.603732 186.533 118.467 0.214362 305 0 
2.2 0.221875 0.223958 48.7681 49.226 124.543 124.321 -0.608735 -0.56231 180.412 124.588 0.14611 305 0 
2.3 0.230208 0.227083 50.5998 49.9129 130.69 130.468 -0.608735 -0.58217 174.258 130.742 0.0807533 305 0 
2.4 0.227083 0.223958 49.9129 49.226 136.169 135.88 -0.791356 -0.786543 168.806 136.194 0.0141714 305 0 
2.5 0.236458 0.238542 51.9735 52.4315 141.225 140.98 -0.669609 -0.687331 163.722 141.278 -0.0506166 305 0 
2.6 0.23125 0.238542 50.8288 52.4315 147.439 147.372 -0.182621 -0.218137 157.411 147.589 -0.097527 305 0 
2.7 0.233333 0.227083 51.2867 49.9129 152.428 152.227 -0.547862 -0.596331 152.483 152.517 -0.128927 305 0 
2.8 0.235417 0.23125 51.7446 50.8288 158.107 157.84 -0.730482 -0.805425 146.83 158.17 -0.191957 305 0 
2.9 0.2375 0.241667 52.2025 53.1183 163.185 163.007 -0.486988 -0.586677 141.701 163.299 -0.246421 305 0 
3 0.233333 0.239583 51.2867 52.6604 168.82 168.753 -0.182621 -0.300512 136.004 168.996 -0.279698 305 0 
3.1 0.230208 0.221875 50.5998 48.7681 173.742 173.497 -0.669609 -0.80757 131.165 173.835 -0.315668 305 0 
3.2 0.236458 0.233333 51.9735 51.2867 179.465 179.109 -0.973976 -1.15534 125.491 179.51 -0.397026 305 0 
3.3 0.232292 0.230208 51.0577 50.5998 185.078 184.655 -1.1566 -1.39603 119.906 185.095 -0.500829 305 0 
3.4 0.235417 0.2375 51.7446 52.2025 190.111 189.733 -1.03485 -1.33313 114.845 190.156 -0.597581 305 0 
3.5 0.239583 0.235417 52.6604 51.7446 195.234 194.766 -1.27834 -1.64401 109.763 195.24 -0.700158 305 0 
3.6 0.219792 0.217708 48.3102 47.8523 200.579 200.045 -1.46096 -1.91498 104.447 200.557 -0.827221 305 0 
3.7 0.223958 0.23125 49.226 50.8288 206.637 206.281 -0.973976 -1.53264 98.2945 206.71 -0.957927 305 0 
3.8 0.220833 0.225 48.5392 49.455 211.826 211.581 -0.669609 -1.30618 93.0445 211.961 -1.03321 305 0 
3.9 0.233333 0.225 51.2867 49.455 216.815 216.392 -1.1566 -1.87942 88.1404 216.867 -1.11135 305 0 
4 0.228125 0.21875 50.1419 48.0812 222.316 221.67 -1.76533 -2.63054 82.748 222.261 -1.24887 305 0 
4.1 0.223958 0.222917 49.226 48.9971 227.528 226.904 -1.70446 -2.74499 77.5244 227.488 -1.40711 305 0 
4.2 0.220833 0.227083 48.5392 49.9129 232.829 232.339 -1.33922 -2.57054 72.1559 232.861 -1.54977 305 0 
4.3 0.227083 0.223958 49.9129 49.226 238.263 237.706 -1.52184 -2.96872 66.7544 238.267 -1.6847 305 0 
4.4 0.23125 0.225 50.8288 49.455 243.207 242.517 -1.88708 -3.58255 61.8787 243.148 -1.82989 305 0 
4.5 0.225 0.225 49.455 49.455 248.641 247.951 -1.88708 -3.92765 56.4491 248.587 -2.00898 305 0 
4.6 0.222917 0.226042 48.9971 49.684 253.408 252.784 -1.70446 -4.10168 51.6553 253.39 -2.1595 305 0 
4.7 0.233333 0.229167 51.2867 50.3708 259.042 258.307 -2.00883 -4.92119 46.0863 258.973 -2.34039 305 0 
4.8 0.23125 0.228125 50.8288 50.1419 264.61 263.808 -2.19145 -5.78764 40.5689 264.511 -2.54336 305 0 
4.9 0.233333 0.236458 51.2867 51.9735 269.599 268.864 -2.00883 -6.40907 35.5685 269.536 -2.72755 305 0 
5 0.221875 0.223958 48.7681 49.226 274.967 274.298 -1.82621 -7.35554 30.1994 274.941 -2.90841 305 0 
5.1 0.229167 0.223958 50.3708 49.226 281.091 280.312 -2.13057 -9.54104 24.1877 281.014 -3.11808 305 0 
5.2 0.207292 0.196875 45.5627 43.2731 286.86 285.791 -2.92193 -13.3161 18.6667 286.639 -3.36614 305 0 
5.3 0.175 0.154167 38.465 33.8858 292.272 290.601 -4.56551 -20.1717 13.7607 291.746 -3.70013 305 0 
5.4 0.151042 0.11875 33.199 26.1012 296.793 294.232 -7.00045 -31.1042 10.0713 295.806 -4.11108 305 0 
5.5 0.11875 0.084375 26.1012 18.5456 299.688 296.303 -9.25278 -42.8057 8.07728 298.267 -4.46237 305 0 
5.6 0.0770833 0.040625 16.9429 8.92937 301.648 297.394 -11.6268 -53.8256 7.0581 299.769 -4.73901 305 0 
5.7 0.05 0.0104167 10.99 2.28958 302.895 297.684 -14.2444 -61.8922 6.64804 300.519 -4.91113 305 0 
5.8 0.0145833 0 3.20542 0 303.296 297.661 -15.401 -64.5168 6.56249 300.702 -4.9596 305 0 
5.9 0 0 0 0 303.296 297.661 -15.401 -64.5168 6.56249 300.702 -4.9596 305 0 
6 0 0 0 0 303.296 297.661 -15.401 -64.5168 6.56249 300.702 -4.9596 305 0 
