0 0
0 0
9 0
9 2
9 2
9 3
9 4
9 5
9 5
9 6
9 6
9 8
9 8
9 8
9 10
9 10
9 10
9 11
9 11
9 12
9 13
9 12
9 13
9 14
9 14
9 16
9 14
9 15
9 16
9 16
9 18
9 16
9 18
9 18
9 17
9 19
9 18
9 20
9 18
9 20
9 20
9 19
9 20
9 19
9 20
9 14
9 17
9 19
9 21
9 21
9 22
9 22
9 22
9 22
9 22
9 22
9 22
9 24
9 22
9 23
9 23
9 22
9 23
9 23
9 24
9 24
9 24
9 24
9 24
9 24
9 22
9 25
9 24
9 25
9 25
9 26
9 24
9 25
9 25
9 24
9 25
9 25
9 26
9 26
9 26
9 26
9 26
9 26
9 26
9 26
9 26
9 26
9 26
9 26
9 20
9 27
9 26
9 26
9 26
9 26
9 24
9 27
9 26
9 25
9 27
9 25
9 27
9 26
9 27
9 27
9 27
9 27
9 26
9 28
9 26
9 27
9 26
9 26
9 27
9 28
9 27
9 27
9 28
9 27
9 27
9 27
9 27
9 27
9 27
9 27
9 28
9 28
9 27
9 27
9 27
9 27
9 28
9 28
9 28
9 28
9 27
9 27
9 27
9 21
9 22
9 28
9 28
9 26
9 26
9 28
9 25
9 28
9 28
9 28
9 27
9 28
9 26
9 27
9 28
9 29
4 28
9 28
9 28
9 28
9 28
9 29
4 28
8 28
8 28
8 28
8 29
3 28
8 28
8 28
8 28
8 26
9 28
9 28
9 26
9 28
9 28
9 27
9 28
9 28
9 28
9 28
9 28
9 26
9 28
9 28
9 28
9 28
9 23
9 28
9 28
9 28
9 28
9 28
9 28
9 28
9 28
