0 0
0 0
9 2
9 4
9 6
9 8
9 11
9 13
9 14
9 16
9 18
9 18
9 20
9 22
9 22
9 24
9 24
9 26
9 25
9 28
6 28
6 28
6 27
9 29
2 27
9 28
6 26
9 28
6 29
2 28
6 28
6 27
9 28
6 29
2 26
9 28
6 29
2 29
2 28
6 28
6 28
6 29
2 28
6 28
6 28
6 29
2 28
6 28
6 28
6 25
9 28
6 28
6 29
2 26
9 28
6 28
6 30
-2 28
6 24
9 27
9 28
7 26
9 29
2 29
2 28
7 28
7 28
7 26
9 27
9 29
2 30
-2 28
7 27
9 27
9 28
7 28
7 29
2 18
9 29
2 29
2 28
7 27
9 28
7 28
7 29
2 28
7 28
7 29
2 29
2 27
9 28
7 29
2 28
7 26
9 28
7 28
7 27
9 30
-2 27
9 27
9 27
9 28
7 29
2 28
7 28
7 29
2 28
7 27
9 28
7 28
7 28
7 29
2 30
-2 27
9 26
9 28
7 29
2 28
7 25
9 28
7 28
7 28
7 29
2 27
9 28
7 29
2 27
9 24
9 30
-1 27
9 26
9 28
7 27
9 25
9 30
-1 27
9 26
9 27
9 27
9 28
7 29
3 29
3 29
2 28
7 27
9 27
9 29
3 30
-1 29
2 27
9 26
9 27
9 19
9 29
3 27
9 29
3 28
7 29
3 29
3 29
3 26
9 28
7 29
3 26
9 28
7 29
3 29
3 27
9 29
3 47
-9 24
9 22
9 26
9 25
9 25
9 28
7 27
9 27
9 28
7 28
7 30
-1 52
-9 23
9 21
9 22
9 22
9 24
9 26
9 26
9 26
9 28
8 28
8 29
3 28
8 28
8 28
8 30
-1 27
9 26
9 27
9 29
