0 0 0 0 0 0 0 0 0 0 0 0 0 0
0.01 0 0 0 0 0 0 0 0 305 0 0 305 0 
0.045762 0.003125 0.00104167 6.86875 2.28958 0.0890869 -0.0222717 -0.304368 -0.304384 304.967 0.0334498 -8.88016e-05 305 0 
0.055954 0.00416667 0.00208333 9.15833 4.57917 0.178174 0.0222717 -0.426115 -0.426211 304.9 0.100348 -0.000515047 305 0 
0.066046 0.00416667 0.00208333 9.15833 4.57917 0.267261 0.0668151 -0.547862 -0.548065 304.833 0.167246 -0.00108337 305 0 
0.076148 0.00520833 0.00416667 11.4479 9.15833 0.378619 0.155902 -0.608735 -0.609129 304.732 0.267591 -0.00209569 305 0 
0.086255 0.00520833 0.00520833 11.4479 11.4479 0.489978 0.267261 -0.608735 -0.609352 304.621 0.379085 -0.0032797 305 0 
0.096358 0.00729167 0.00625 16.0271 13.7375 0.64588 0.400891 -0.669609 -0.67053 304.476 0.524026 -0.00489586 305 0 
0.106464 0.00729167 0.00729167 16.0271 16.0271 0.801782 0.556793 -0.669609 -0.670874 304.32 0.680115 -0.00671921 305 0 
0.116569 0.00833333 0.00729167 18.3167 16.0271 0.979955 0.712695 -0.730482 -0.732134 304.153 0.847353 -0.0087616 305 0 
0.126673 0.00833333 0.009375 18.3167 20.6063 1.15813 0.91314 -0.669609 -0.671698 303.963 1.03689 -0.0110763 305 0 
0.13678 0.0104167 0.009375 22.8958 20.6063 1.38085 1.11359 -0.730482 -0.733061 303.751 1.24872 -0.0136633 305 0 
0.14696 0.0104167 0.009375 22.8958 20.6063 1.60356 1.31403 -0.791356 -0.794467 303.539 1.46055 -0.0164753 305 0 
0.157056 0.0104167 0.0104167 22.8958 22.8958 1.82628 1.55902 -0.730482 -0.734183 303.305 1.69468 -0.0195833 305 0 
0.167144 0.0114583 0.0104167 25.1854 22.8958 2.07127 1.80401 -0.730482 -0.734778 303.06 1.93996 -0.022709 305 0 
0.177229 0.0114583 0.0114583 25.1854 25.1854 2.31626 2.07127 -0.669609 -0.674501 302.804 2.19639 -0.0258407 305 0 
0.187325 0.0125 0.0135417 27.475 29.7646 2.58352 2.3608 -0.608735 -0.614221 302.525 2.47513 -0.0289487 305 0 
0.197427 0.0135417 0.0135417 29.7646 29.7646 2.87305 2.65033 -0.608735 -0.61481 302.235 2.76501 -0.0320271 305 0 
0.207523 0.0135417 0.0145833 29.7646 32.0542 3.16258 2.96214 -0.547862 -0.554519 301.934 3.06605 -0.0350641 305 0 
0.217646 0.0135417 0.0145833 29.7646 32.0542 3.45212 3.27394 -0.486988 -0.494168 301.633 3.36708 -0.0377814 305 0 
0.227741 0.0145833 0.0145833 32.0542 32.0542 3.78619 3.58575 -0.547862 -0.555605 301.31 3.69042 -0.0406999 305 0 
0.237837 0.0145833 0.015625 32.0542 34.3438 4.098 3.94209 -0.426115 -0.434408 300.975 4.02491 -0.0435416 305 0 
0.247935 0.0145833 0.0166667 32.0542 36.6333 4.4098 4.29844 -0.304368 -0.313076 300.641 4.3594 -0.0456728 305 0 
0.258065 0.015625 0.0166667 34.3438 36.6333 4.76615 4.65479 -0.304368 -0.313448 300.284 4.7162 -0.0475672 305 0 
0.268175 0.0166667 0.0166667 36.6333 36.6333 5.12249 5.01114 -0.304368 -0.313821 299.927 5.07299 -0.0494616 305 0 
0.278274 0.0166667 0.0177083 36.6333 38.9229 5.47884 5.41203 -0.182621 -0.192394 299.548 5.45209 -0.0510719 305 0 
0.288366 0.0166667 0.0166667 36.6333 36.6333 5.83519 5.76837 -0.182621 -0.192624 299.191 5.80889 -0.0522086 305 0 
0.298452 0.0177083 0.01875 38.9229 41.2125 6.21381 6.16927 -0.121747 -0.131962 298.801 6.19913 -0.0532446 305 0 
0.308543 0.0177083 0.01875 38.9229 41.2125 6.59243 6.57016 -0.0608735 -0.0712212 298.411 6.58938 -0.0538662 305 0 
0.318641 0.01875 0.0197917 41.2125 43.5021 6.99332 7.01559 0.0608735 0.0505111 297.987 7.01308 -0.0538662 305 0 
0.32875 0.0197917 0.0208333 43.5021 45.7917 7.43875 7.46102 0.0608735 0.0505868 297.541 7.45908 -0.0533926 305 0 
0.338854 0.0197917 0.0208333 43.5021 45.7917 7.86192 7.90646 0.121747 0.111579 297.106 7.89393 -0.0526999 305 0 
0.348955 0.0197917 0.0208333 43.5021 45.7917 8.30735 8.35189 0.121747 0.111747 296.66 8.33993 -0.0517527 305 0 
0.359055 0.0208333 0.0229167 45.7917 50.3708 8.75278 8.84187 0.243494 0.233767 296.192 8.80823 -0.0502609 305 0 
0.369147 0.0197917 0.021875 43.5021 48.0812 9.19822 9.30958 0.304368 0.295049 295.735 9.26537 -0.0480763 305 0 
0.379256 0.0208333 0.021875 45.7917 48.0812 9.66592 9.77728 0.304368 0.295516 295.266 9.73367 -0.0455899 305 0 
0.389357 0.0208333 0.0229167 45.7917 50.3708 10.1114 10.2895 0.486988 0.478766 294.787 10.2131 -0.0422806 305 0 
0.399473 0.0208333 0.0208333 45.7917 45.7917 10.5568 10.735 0.486988 0.479492 294.341 10.6591 -0.0384918 305 0 
0.409608 0.021875 0.0229167 48.0812 50.3708 11.0468 11.2249 0.486988 0.480292 293.85 11.1497 -0.034324 305 0 
0.419731 0.0208333 0.0239583 45.7917 52.6604 11.4922 11.7372 0.669609 0.663847 293.371 11.6291 -0.0294874 305 0 
0.44266 0.021875 0.021875 48.0812 48.0812 12.5612 12.8285 0.730482 0.727289 292.289 12.7106 -0.0162799 305 0 
0.466102 0.021875 0.0229167 48.0812 50.3708 13.6303 13.9644 0.913103 0.913013 291.186 13.8143 -0.000455997 305 0 
0.476239 0.0229167 0.0229167 50.3708 50.3708 14.1203 14.4543 0.913103 0.914554 290.695 14.3048 0.00735823 305 0 
0.499224 0.0229167 0.0229167 50.3708 50.3708 15.2339 15.5902 0.973976 0.979102 289.569 15.4308 0.0258933 305 0 
0.509318 0.0229167 0.0229167 50.3708 50.3708 15.7238 16.1024 1.03485 1.04173 289.068 15.9325 0.0346842 305 0 
0.519405 0.0177083 0.0177083 38.9229 38.9229 16.1024 16.4811 1.03485 1.0431 288.688 16.3115 0.0415275 305 0 
0.542438 0.0229167 0.0229167 50.3708 50.3708 17.1938 17.6169 1.1566 1.16912 287.574 17.4263 0.0628386 305 0 
0.565538 0.021875 0.0229167 48.0812 50.3708 18.2628 18.7305 1.27834 1.29556 286.481 18.5188 0.0860437 305 0 
0.588475 0.0229167 0.0229167 50.3708 50.3708 19.3318 19.8218 1.33922 1.36146 285.4 19.6001 0.110734 305 0 
0.611423 0.0229167 0.0229167 50.3708 50.3708 20.4009 20.9354 1.46096 1.48867 284.308 20.6924 0.13742 305 0 
0.621521 0.0229167 0.0229167 50.3708 50.3708 20.8909 21.4477 1.52184 1.55223 283.806 21.194 0.150472 305 0 
0.631618 0.0229167 0.0229167 50.3708 50.3708 21.3808 21.9376 1.52184 1.55492 283.316 21.6844 0.163495 305 0 
0.641719 0.0229167 0.0239583 50.3708 52.6604 21.8708 22.4499 1.58271 1.6186 282.814 22.186 0.17708 305 0 
0.664885 0.0208333 0.0229167 45.7917 50.3708 22.9399 23.5857 1.76533 1.80792 281.711 23.2894 0.20931 305 0 
0.700771 0.0208333 0.0229167 45.7917 50.3708 24.588 25.3229 2.00883 2.0631 280.017 24.9833 0.265091 305 0 
0.710913 0.0197917 0.0229167 43.5021 50.3708 25.0334 25.8129 2.13057 2.1884 279.549 25.4513 0.281996 305 0 
0.721014 0.0229167 0.0239583 50.3708 52.6604 25.5457 26.3474 2.19145 2.25344 279.025 25.9749 0.301746 305 0 
0.7441 0.021875 0.0229167 48.0812 50.3708 26.6592 27.461 2.19145 2.26248 277.911 27.0891 0.344361 305 0 
0.767029 0.0229167 0.0229167 50.3708 50.3708 27.7506 28.5746 2.25232 2.33249 276.808 28.1922 0.387135 305 0 
0.777168 0.0229167 0.0229167 50.3708 50.3708 28.2405 29.0646 2.25232 2.33663 276.318 28.6824 0.406406 305 0 
0.78729 0.0229167 0.0239583 50.3708 52.6604 28.7305 29.5768 2.31319 2.40181 275.817 29.1837 0.426381 305 0 
0.810208 0.0229167 0.0229167 50.3708 50.3708 29.8441 30.6904 2.31319 2.41156 274.703 30.2978 0.471361 305 0 
0.833225 0.021875 0.0229167 48.0812 50.3708 30.9131 31.8263 2.49581 2.60427 273.6 31.4007 0.517649 305 0 
0.843328 0.0229167 0.0229167 50.3708 50.3708 31.4031 32.3163 2.49581 2.60895 273.11 31.8908 0.539002 305 0 
0.853422 0.021875 0.0229167 48.0812 50.3708 31.8708 32.8062 2.55669 2.67446 272.631 32.3698 0.560124 305 0 
0.863516 0.021875 0.0229167 48.0812 50.3708 32.3608 33.2962 2.55669 2.67928 272.141 32.8599 0.581998 305 0 
0.873605 0.021875 0.0239583 48.0812 52.6604 32.8508 33.8085 2.61756 2.74516 271.639 33.3612 0.604635 305 0 
0.896551 0.021875 0.0229167 48.0812 50.3708 33.9421 34.9443 2.73931 2.87847 270.526 34.4749 0.656713 305 0 
0.91951 0.0229167 0.021875 50.3708 48.0812 35.0557 36.0356 2.67843 2.82926 269.423 35.5776 0.708855 305 0 
0.929649 0.0239583 0.0229167 52.6604 50.3708 35.5679 36.5479 2.67843 2.83465 268.911 36.0899 0.732811 305 0 
0.952591 0.021875 0.0229167 48.0812 50.3708 36.6592 37.6615 2.73931 2.90733 267.809 37.1925 0.784954 305 0 
0.975558 0.0208333 0.021875 45.7917 48.0812 37.7506 38.7305 2.67843 2.85812 266.728 38.2729 0.836043 305 0 
0.985664 0.021875 0.021875 48.0812 48.0812 38.2183 39.2205 2.73931 2.92419 266.25 38.7518 0.858691 305 0 
0.995766 0.0229167 0.021875 50.3708 48.0812 38.7082 39.7105 2.73931 2.92958 265.76 39.2418 0.882126 305 0 
1.00586 0.0229167 0.0229167 50.3708 50.3708 39.1982 40.2227 2.80018 2.99606 265.259 39.743 0.906359 305 0 
1.01596 0.01875 0.0197917 41.2125 43.5021 39.5991 40.6459 2.86106 3.06164 264.847 40.155 0.926722 305 0 
1.02606 0.0197917 0.01875 43.5021 41.2125 40.0223 41.0468 2.80018 3.00549 264.435 40.5671 0.947085 305 0 
1.03616 0.0239583 0.0239583 52.6604 52.6604 40.5345 41.5813 2.86106 3.07239 263.911 41.0905 0.972952 305 0 
1.07204 0.0239583 0.025 52.6604 54.95 42.3385 43.4076 2.92193 3.15477 262.097 42.9056 1.06459 305 0 
1.09494 0.0229167 0.0229167 50.3708 50.3708 43.4521 44.5212 2.92193 3.16824 260.983 44.0192 1.12139 305 0 
1.13053 0.0229167 0.0229167 50.3708 50.3708 45.167 46.2584 2.9828 3.25043 259.258 45.7451 1.21036 305 0 
1.14064 0.0229167 0.0239583 50.3708 52.6604 45.657 46.7706 3.04368 3.31766 258.757 46.2462 1.23673 305 0 
1.16357 0.0229167 0.0229167 50.3708 50.3708 46.8151 47.9065 2.9828 3.27143 257.61 47.3931 1.29707 305 0 
1.1865 0.0229167 0.0229167 50.3708 50.3708 47.9287 49.02 2.9828 3.28565 256.497 48.5066 1.35506 305 0 
1.1966 0.0229167 0.0229167 50.3708 50.3708 48.4187 49.51 2.9828 3.29194 256.007 48.9965 1.38057 305 0 
1.2067 0.0239583 0.0229167 52.6604 50.3708 48.931 50 2.92193 3.23747 255.506 49.4976 1.4064 305 0 
1.22958 0.021875 0.0229167 48.0812 50.3708 50.0223 51.1136 2.9828 3.31251 254.404 50.6 1.46323 305 0 
1.25247 0.0229167 0.0229167 50.3708 50.3708 51.1359 52.2272 2.9828 3.32709 253.291 51.7135 1.52122 305 0 
1.2626 0.0229167 0.0239583 50.3708 52.6604 51.6258 52.7394 3.04368 3.39462 252.79 52.2145 1.54758 305 0 
1.28556 0.0229167 0.021875 50.3708 48.0812 52.7394 53.8307 2.9828 3.34849 251.688 53.3168 1.60558 305 0 
1.30855 0.0229167 0.0229167 50.3708 50.3708 53.8085 54.9443 3.10455 3.4851 250.598 54.408 1.66357 305 0 
1.31865 0.0229167 0.021875 50.3708 48.0812 54.2984 55.412 3.04368 3.43084 250.119 54.8868 1.68927 305 0 
1.32878 0.0229167 0.0229167 50.3708 50.3708 54.7884 55.9243 3.10455 3.49867 249.618 55.3878 1.71616 305 0 
1.33888 0.0229167 0.0229167 50.3708 50.3708 55.2784 56.4143 3.10455 3.50555 249.128 55.8777 1.74272 305 0 
1.34897 0.0229167 0.0229167 50.3708 50.3708 55.7684 56.9042 3.10455 3.51247 248.639 56.3675 1.76927 305 0 
1.35907 0.025 0.0239583 54.95 52.6604 56.3029 57.4165 3.04368 3.45894 248.116 56.8908 1.79736 305 0 
1.39479 0.0229167 0.0229167 50.3708 50.3708 58.0401 59.1759 3.10455 3.5446 246.368 58.6389 1.89119 305 0 
1.43045 0.0229167 0.0239583 50.3708 52.6604 59.7105 60.9354 3.34804 3.8138 244.655 60.3533 1.98778 305 0 
1.45337 0.021875 0.0229167 48.0812 50.3708 60.8018 62.0713 3.46979 3.95328 243.542 61.4663 2.05405 305 0 
1.47616 0.021875 0.0229167 48.0812 50.3708 61.8931 63.1849 3.53066 4.03227 242.441 62.5681 2.12141 305 0 
1.48627 0.0229167 0.0229167 50.3708 50.3708 62.4053 63.6748 3.46979 3.97969 241.941 63.0689 2.15202 305 0 
1.49637 0.0229167 0.0239583 50.3708 52.6604 62.8953 64.2094 3.59154 4.11002 241.429 63.5808 2.18359 305 0 
1.51936 0.0177083 0.01875 38.9229 41.2125 63.9198 65.2339 3.59154 4.12754 240.406 64.6046 2.24782 305 0 
1.54232 0.0229167 0.0229167 50.3708 50.3708 65.0111 66.3474 3.65241 4.20758 239.305 65.7063 2.31752 305 0 
1.55245 0.021875 0.0229167 48.0812 50.3708 65.4788 66.8374 3.71328 4.27695 238.827 66.1847 2.3483 305 0 
1.56255 0.021875 0.0229167 48.0812 50.3708 65.9465 67.3274 3.77416 4.34648 238.349 66.6631 2.37959 305 0 
1.57263 0.0229167 0.0239583 50.3708 52.6604 66.4365 67.8396 3.83503 4.41658 237.848 67.1638 2.41287 305 0 
1.59552 0.021875 0.0239583 48.0812 52.6604 67.5278 68.9755 3.95678 4.55939 236.737 68.2762 2.48859 305 0 
1.60563 0.0229167 0.0229167 50.3708 50.3708 68.0178 69.4655 3.95678 4.56885 236.248 68.7656 2.52242 305 0 
1.62859 0.0208333 0.0208333 45.7917 45.7917 69.1091 70.49 3.77416 4.40637 235.192 69.8225 2.59379 305 0 
1.63869 0.0229167 0.021875 50.3708 48.0812 69.6214 70.98 3.71328 4.35485 234.692 70.3232 2.62654 305 0 
1.64879 0.0229167 0.0229167 50.3708 50.3708 70.1114 71.4699 3.71328 4.36396 234.202 70.8127 2.6583 305 0 
1.65889 0.0239583 0.0239583 52.6604 52.6604 70.6459 72.0045 3.71328 4.37395 233.669 71.3468 2.69294 305 0 
1.69465 0.021875 0.0208333 48.0812 45.7917 72.3608 73.7416 3.77416 4.4676 231.946 73.0714 2.80573 305 0 
1.73041 0.0229167 0.0229167 50.3708 50.3708 74.098 75.5234 3.89591 4.62397 230.189 74.8291 2.9235 305 0 
1.74052 0.0229167 0.025 50.3708 54.95 74.6102 76.0579 3.95678 4.69546 229.667 75.352 2.95936 305 0 
1.76344 0.0229167 0.0229167 50.3708 50.3708 75.7238 77.1715 3.95678 4.71834 228.556 76.4643 3.03626 305 0 
1.78641 0.0239583 0.0229167 52.6604 50.3708 76.882 78.2851 3.83503 4.61985 227.422 77.599 3.1135 305 0 
1.80935 0.0229167 0.0229167 50.3708 50.3708 77.9955 79.3987 3.83503 4.64259 226.311 78.7115 3.18803 305 0 
1.83224 0.0229167 0.021875 50.3708 48.0812 79.1091 80.49 3.77416 4.6043 225.211 79.8129 3.26124 305 0 
1.84235 0.021875 0.0229167 48.0812 50.3708 79.5768 81.0022 3.89591 4.73622 224.722 80.3024 3.29404 305 0 
1.85247 0.021875 0.0229167 48.0812 50.3708 80.0668 81.4922 3.89591 4.74657 224.233 80.7919 3.32735 305 0 
1.86257 0.021875 0.0229167 48.0812 50.3708 80.5568 81.9822 3.89591 4.75697 223.744 81.2813 3.36067 305 0 
1.87266 0.0239583 0.0229167 52.6604 50.3708 81.069 82.4722 3.83503 4.7067 223.244 81.782 3.39448 305 0 
1.89561 0.0229167 0.0229167 50.3708 50.3708 82.1826 83.5857 3.83503 4.7303 222.133 82.8945 3.46902 305 0 
1.91858 0.0229167 0.0229167 50.3708 50.3708 83.2962 84.6993 3.83503 4.75414 221.021 84.007 3.54355 305 0 
1.92869 0.0229167 0.0229167 50.3708 50.3708 83.7862 85.2116 3.89591 4.82589 220.521 84.5076 3.57736 305 0 
1.93881 0.0239583 0.0229167 52.6604 50.3708 84.2984 85.7238 3.89591 4.83712 220.01 85.0193 3.61219 305 0 
1.96181 0.021875 0.0229167 48.0812 50.3708 85.3898 86.8374 3.95678 4.92251 218.911 86.1206 3.68774 305 0 
1.98483 0.0229167 0.0229167 50.3708 50.3708 86.5033 87.951 3.95678 4.94768 217.8 87.2329 3.76464 305 0 
1.99493 0.0229167 0.0229167 50.3708 50.3708 86.9933 88.441 3.95678 4.95884 217.311 87.7223 3.79848 305 0 
2.00502 0.0229167 0.0239583 50.3708 52.6604 87.4833 88.9532 4.01765 5.03124 216.811 88.2229 3.83335 305 0 
2.02798 0.0229167 0.0229167 50.3708 50.3708 88.3964 89.9332 4.20027 5.23632 215.867 89.1682 3.90122 305 0 
2.05083 0.0229167 0.021875 50.3708 48.0812 89.51 91.0245 4.1394 5.20217 214.768 90.2691 3.98145 305 0 
2.07376 0.0229167 0.021875 50.3708 48.0812 90.6013 92.1158 4.1394 5.22874 213.68 91.359 4.06028 305 0 
2.08387 0.0229167 0.0229167 50.3708 50.3708 91.0913 92.6058 4.1394 5.24075 213.191 91.8483 4.09568 305 0 
2.09398 0.0229167 0.0229167 50.3708 50.3708 91.6036 93.0958 4.07853 5.19215 212.691 92.3487 4.13161 305 0 
2.11691 0.0229167 0.0229167 50.3708 50.3708 92.7171 94.2094 4.07853 5.21948 211.581 93.4609 4.21087 305 0 
2.12704 0.0229167 0.0239583 50.3708 52.6604 93.2071 94.7216 4.1394 5.29281 211.081 93.9614 4.24681 305 0 
2.14999 0.021875 0.0208333 48.0812 45.7917 94.2984 95.8129 4.1394 5.32031 209.993 95.0512 4.32564 305 0 
2.17286 0.021875 0.0229167 48.0812 50.3708 95.3675 96.882 4.1394 5.34753 208.928 96.1189 4.40287 305 0 
2.18297 0.021875 0.0229167 48.0812 50.3708 95.8575 97.3719 4.1394 5.3601 208.439 96.6082 4.43826 305 0 
2.19309 0.0229167 0.0229167 50.3708 50.3708 96.3474 97.8619 4.1394 5.37273 207.951 97.0975 4.47366 305 0 
2.21598 0.021875 0.0229167 48.0812 50.3708 97.4388 98.9755 4.20027 5.46239 206.852 98.1984 4.55388 305 0 
2.22608 0.0229167 0.0229167 50.3708 50.3708 97.951 99.4655 4.1394 5.41471 206.352 98.6989 4.59035 305 0 
2.23618 0.0239583 0.0239583 52.6604 52.6604 98.4632 99.9777 4.1394 5.42818 205.842 99.2104 4.62735 305 0 
2.27189 0.0229167 0.0229167 50.3708 50.3708 100.2 101.693 4.07853 5.41294 204.121 100.934 4.75112 305 0 
2.30747 0.0229167 0.0229167 50.3708 50.3708 101.893 103.43 4.20027 5.58105 202.412 102.647 4.87501 305 0 
2.31757 0.0229167 0.0229167 50.3708 50.3708 102.383 103.92 4.20027 5.59459 201.924 103.136 4.91092 305 0 
2.32768 0.0229167 0.0239583 50.3708 52.6604 102.873 104.432 4.26115 5.66945 201.424 103.637 4.94792 305 0 
2.35059 0.0229167 0.0229167 50.3708 50.3708 104.009 105.568 4.26115 5.70159 200.293 104.771 5.03238 305 0 
2.3735 0.0229167 0.0229167 50.3708 50.3708 105.145 106.682 4.20027 5.67273 199.172 105.894 5.11542 305 0 
2.3836 0.0229167 0.0229167 50.3708 50.3708 105.635 107.171 4.20027 5.68672 198.684 106.383 5.15133 305 0 
2.3937 0.0229167 0.0229167 50.3708 50.3708 106.125 107.661 4.20027 5.70077 198.196 106.872 5.18725 305 0 
2.40381 0.0229167 0.0229167 50.3708 50.3708 106.637 108.151 4.1394 5.65426 197.696 107.373 5.22371 305 0 
2.4139 0.0239583 0.0239583 52.6604 52.6604 107.149 108.686 4.20027 5.73022 197.175 107.895 5.2618 305 0 
2.44968 0.0239583 0.0239583 52.6604 52.6604 108.909 110.445 4.20027 5.78179 195.422 109.652 5.39076 305 0 
2.45978 0.0239583 0.0229167 52.6604 50.3708 109.421 110.958 4.20027 5.79698 194.912 110.164 5.42831 305 0 
2.48272 0.0229167 0.0229167 50.3708 50.3708 110.535 112.071 4.20027 5.83028 193.802 111.276 5.50994 305 0 
2.50561 0.0229167 0.0229167 50.3708 50.3708 111.648 113.185 4.20027 5.86396 192.693 112.388 5.59156 305 0 
2.51569 0.01875 0.01875 41.2125 41.2125 112.049 113.586 4.20027 5.87617 192.294 112.788 5.62095 305 0 
2.53865 0.0229167 0.0229167 50.3708 50.3708 113.163 114.699 4.20027 5.91039 191.185 113.9 5.70257 305 0 
2.56165 0.0229167 0.0229167 50.3708 50.3708 114.254 115.813 4.26115 6.0057 190.087 115.001 5.78396 305 0 
2.57175 0.0229167 0.0239583 50.3708 52.6604 114.744 116.325 4.32202 6.08251 189.588 115.501 5.82149 305 0 
2.59469 0.021875 0.0208333 48.0812 45.7917 115.813 117.416 4.38289 6.17839 188.513 116.58 5.90353 305 0 
2.61763 0.021875 0.0229167 48.0812 50.3708 116.882 118.53 4.50464 6.33644 187.426 117.669 5.98815 305 0 
2.64056 0.0208333 0.021875 45.7917 48.0812 117.906 119.577 4.56551 6.43266 186.396 118.703 6.0701 305 0 
2.66348 0.021875 0.021875 48.0812 48.0812 118.909 120.646 4.74813 6.6517 185.366 119.737 6.15424 305 0 
2.67358 0.0208333 0.021875 45.7917 48.0812 119.376 121.114 4.74813 6.66851 184.901 120.203 6.19299 305 0 
2.68371 0.021875 0.021875 48.0812 48.0812 119.844 121.581 4.74813 6.6854 184.435 120.67 6.23173 305 0 
2.69381 0.0229167 0.0229167 50.3708 50.3708 120.356 122.071 4.68726 6.64264 183.937 121.17 6.27298 305 0 
2.70394 0.021875 0.0229167 48.0812 50.3708 120.824 122.561 4.74813 6.72092 183.461 121.648 6.31239 305 0 
2.71404 0.021875 0.0229167 48.0812 50.3708 121.314 123.073 4.80901 6.80026 182.963 122.148 6.35417 305 0 
2.72414 0.021875 0.0229167 48.0812 50.3708 121.804 123.586 4.86988 6.87988 182.464 122.648 6.39648 305 0 
2.74705 0.0208333 0.0229167 45.7917 50.3708 122.873 124.699 4.99163 7.04333 181.38 123.736 6.49035 305 0 
2.75713 0.021875 0.0239583 48.0812 52.6604 123.363 125.212 5.0525 7.12378 180.882 124.236 6.53425 305 0 
2.78006 0.0229167 0.0229167 50.3708 50.3708 124.477 126.347 5.11338 7.22936 179.764 125.358 6.63397 305 0 
2.80294 0.021875 0.0229167 48.0812 50.3708 125.546 127.461 5.23512 7.39556 178.681 126.446 6.73247 305 0 
2.81305 0.0239583 0.0239583 52.6604 52.6604 126.08 127.973 5.17425 7.3563 178.161 126.968 6.77998 305 0 
2.84881 0.0229167 0.0229167 50.3708 50.3708 127.817 129.733 5.23512 7.49026 176.425 128.711 6.9387 305 0 
2.88447 0.0229167 0.0229167 50.3708 50.3708 129.51 131.448 5.296 7.62435 174.734 130.41 7.09518 305 0 
2.89457 0.0229167 0.0239583 50.3708 52.6604 130 131.96 5.35687 7.7072 174.237 130.91 7.14174 305 0 
2.91752 0.0229167 0.021875 50.3708 48.0812 131.114 133.051 5.296 7.69512 173.143 132.009 7.24416 305 0 
2.94045 0.025 0.025 54.95 54.95 132.272 134.187 5.23512 7.68527 172.005 133.153 7.3495 305 0 
2.97727 0.0229167 0.021875 50.3708 48.0812 133.942 135.88 5.296 7.82218 170.336 134.829 7.50393 305 0 
3.013 0.0135417 0.015625 29.7646 34.3438 135.457 137.439 5.41774 8.01555 168.812 136.361 7.64751 305 0 
3.02312 0.0229167 0.0229167 50.3708 50.3708 135.947 137.929 5.41774 8.03884 168.326 136.849 7.69381 305 0 
3.03321 0.021875 0.0229167 48.0812 50.3708 136.414 138.441 5.53949 8.18418 167.841 137.338 7.74062 305 0 
3.04331 0.021875 0.0229167 48.0812 50.3708 136.904 138.953 5.60036 8.2696 167.344 137.837 7.7893 305 0 
3.05341 0.021875 0.0229167 48.0812 50.3708 137.394 139.443 5.60036 8.29383 166.859 138.325 7.83715 305 0 
3.06352 0.0229167 0.0239583 50.3708 52.6604 137.884 139.955 5.66124 8.37973 166.362 138.825 7.88636 305 0 
3.08645 0.0229167 0.0229167 50.3708 50.3708 138.998 141.091 5.72211 8.49771 165.248 139.945 7.99799 305 0 
3.10932 0.021875 0.0229167 48.0812 50.3708 140.089 142.205 5.78298 8.61572 164.157 141.044 8.10857 305 0 
3.11945 0.0229167 0.0229167 50.3708 50.3708 140.601 142.695 5.72211 8.58107 163.661 141.543 8.15884 305 0 
3.12955 0.0229167 0.0229167 50.3708 50.3708 141.091 143.185 5.72211 8.60677 163.175 142.031 8.20773 305 0 
3.13966 0.025 0.0239583 54.95 52.6604 141.626 143.697 5.66124 8.57342 162.657 142.553 8.25968 305 0 
3.17544 0.0229167 0.025 50.3708 54.95 143.363 145.501 5.84386 8.85115 160.905 144.316 8.43728 305 0 
3.21129 0.0229167 0.0229167 50.3708 50.3708 145.056 147.238 5.96561 9.06863 159.209 146.024 8.61384 305 0 
3.23419 0.0229167 0.0229167 50.3708 50.3708 146.169 148.352 5.96561 9.13231 158.108 147.133 8.72966 305 0 
3.24429 0.0229167 0.0229167 50.3708 50.3708 146.659 148.842 5.96561 9.16062 157.623 147.621 8.78063 305 0 
3.25439 0.025 0.0239583 54.95 52.6604 147.194 149.354 5.90473 9.13007 157.106 148.143 8.83479 305 0 
3.29019 0.0229167 0.0229167 50.3708 50.3708 148.931 151.114 5.96561 9.29371 155.378 149.884 9.01571 305 0 
3.32583 0.0229167 0.0229167 50.3708 50.3708 150.624 152.851 6.08735 9.51951 153.684 151.591 9.19589 305 0 
3.33592 0.0229167 0.025 50.3708 54.95 151.114 153.385 6.2091 9.67319 153.178 152.101 9.2508 305 0 
3.35888 0.0229167 0.0229167 50.3708 50.3708 152.249 154.499 6.14823 9.68339 152.068 153.221 9.37194 305 0 
3.38185 0.0229167 0.0208333 50.3708 45.7917 153.341 155.568 6.08735 9.69133 151.002 154.296 9.48715 305 0 
3.40484 0.0229167 0.0229167 50.3708 50.3708 154.454 156.682 6.08735 9.76307 149.903 155.405 9.60533 305 0 
3.42772 0.0229167 0.0229167 50.3708 50.3708 155.523 157.751 6.08735 9.83294 148.848 156.469 9.71878 305 0 
3.43781 0.021875 0.0229167 48.0812 50.3708 155.991 158.241 6.14823 9.92553 148.376 156.946 9.76985 305 0 
3.44791 0.021875 0.0229167 48.0812 50.3708 156.481 158.731 6.14823 9.95829 147.893 157.434 9.82237 305 0 
3.45803 0.0229167 0.0229167 50.3708 50.3708 156.993 159.22 6.08735 9.93105 147.398 157.933 9.87582 305 0 
3.46813 0.0229167 0.0229167 50.3708 50.3708 157.483 159.71 6.08735 9.96404 146.915 158.421 9.92781 305 0 
3.47823 0.0229167 0.0229167 50.3708 50.3708 157.973 160.223 6.14823 10.059 146.421 158.92 9.98126 305 0 
3.48832 0.0229167 0.0229167 50.3708 50.3708 158.463 160.735 6.2091 10.1544 145.927 159.418 10.0352 305 0 
3.49843 0.021875 0.0229167 48.0812 50.3708 158.953 161.225 6.2091 10.1885 145.444 159.906 10.0883 305 0 
3.50853 0.01875 0.0197917 41.2125 43.5021 159.376 161.648 6.2091 10.2181 145.027 160.327 10.1341 305 0 
3.5315 0.021875 0.0229167 48.0812 50.3708 160.49 162.784 6.26997 10.3587 143.919 161.447 10.2564 305 0 
3.5544 0.0229167 0.0229167 50.3708 50.3708 161.626 163.898 6.2091 10.3788 142.811 162.566 10.3787 305 0 
3.5645 0.0229167 0.0229167 50.3708 50.3708 162.116 164.388 6.2091 10.4144 142.329 163.054 10.4318 305 0 
3.5746 0.0239583 0.0239583 52.6604 52.6604 162.65 164.922 6.2091 10.4535 141.802 163.586 10.4896 305 0 
3.61039 0.0229167 0.0239583 50.3708 52.6604 164.388 166.682 6.26997 10.6447 140.081 165.326 10.6798 305 0 
3.63334 0.0229167 0.021875 50.3708 48.0812 165.501 167.795 6.26997 10.7296 138.986 166.435 10.8015 305 0 
3.65637 0.021875 0.021875 48.0812 48.0812 166.592 168.886 6.26997 10.8141 137.912 167.521 10.9208 305 0 
3.66648 0.0239583 0.0229167 52.6604 50.3708 167.105 169.399 6.26997 10.8542 137.408 168.031 10.9768 305 0 
3.70216 0.0208333 0.0229167 45.7917 50.3708 168.797 171.136 6.39172 11.1132 135.723 169.737 11.166 305 0 
3.7251 0.0229167 0.021875 50.3708 48.0812 169.911 172.227 6.33085 11.1426 134.64 170.834 11.2883 305 0 
3.74804 0.0208333 0.021875 45.7917 48.0812 170.958 173.318 6.45259 11.3536 133.59 171.898 11.4074 305 0 
3.75815 0.0229167 0.0229167 50.3708 50.3708 171.448 173.831 6.51347 11.4571 133.098 172.397 11.464 305 0 
3.78103 0.021875 0.0229167 48.0812 50.3708 172.517 174.922 6.57434 11.6114 132.038 173.471 11.5872 305 0 
3.79114 0.0229167 0.0229167 50.3708 50.3708 173.007 175.412 6.57434 11.6544 131.558 173.959 11.6433 305 0 
3.80124 0.0229167 0.0239583 50.3708 52.6604 173.497 175.947 6.69609 11.8217 131.055 174.468 11.7026 305 0 
3.82403 0.0229167 0.0229167 50.3708 50.3708 174.61 177.038 6.63521 11.8603 129.975 175.564 11.8306 305 0 
3.84685 0.0229167 0.0229167 50.3708 50.3708 175.724 178.151 6.63521 11.9622 128.884 176.672 11.9594 305 0 
3.85694 0.0229167 0.0229167 50.3708 50.3708 176.214 178.641 6.63521 12.0075 128.404 177.159 12.0161 305 0 
3.86701 0.0239583 0.0239583 52.6604 52.6604 176.726 179.154 6.63521 12.0553 127.903 177.669 12.0753 305 0 
3.90243 0.0229167 0.0229167 50.3708 50.3708 178.441 180.891 6.69609 12.2805 126.213 179.385 12.2758 305 0 
3.9379 0.0229167 0.0229167 50.3708 50.3708 180.156 182.606 6.69609 12.4485 124.536 181.091 12.4759 305 0 
3.94798 0.0229167 0.0239583 50.3708 52.6604 180.646 183.118 6.75696 12.5595 124.046 181.589 12.5347 305 0 
3.97075 0.0229167 0.021875 50.3708 48.0812 181.759 184.187 6.63521 12.5479 122.979 182.674 12.662 305 0 
3.99354 0.0229167 0.021875 50.3708 48.0812 182.851 185.278 6.63521 12.6595 121.913 183.76 12.7882 305 0 
4.00363 0.0125 0.0114583 27.475 25.1854 183.14 185.546 6.57434 12.6273 121.641 184.037 12.8202 305 0 
4.01372 0.0135417 0.0125 29.7646 27.475 183.43 185.813 6.51347 12.5951 121.369 184.314 12.852 305 0 
4.02381 0.0229167 0.0239583 50.3708 52.6604 183.92 186.325 6.57434 12.708 120.879 184.812 12.9091 305 0 
4.04659 0.0229167 0.0229167 50.3708 50.3708 185.056 187.439 6.51347 12.7653 119.781 185.931 13.0374 305 0 
4.06942 0.0229167 0.0208333 50.3708 45.7917 186.147 188.508 6.45259 12.8195 118.726 187.005 13.1595 305 0 
4.07951 0.0229167 0.0229167 50.3708 50.3708 186.637 189.02 6.51347 12.9345 118.237 187.504 13.2161 305 0 
4.0896 0.0229167 0.0229167 50.3708 50.3708 187.127 189.51 6.51347 12.9879 117.759 187.991 13.2717 305 0 
4.09968 0.0229167 0.0229167 50.3708 50.3708 187.639 190.022 6.51347 13.0442 117.259 188.501 13.3299 305 0 
4.10976 0.0229167 0.0229167 50.3708 50.3708 188.151 190.512 6.45259 13.0388 116.77 189 13.3865 305 0 
4.11986 0.025 0.0239583 54.95 52.6604 188.686 191.047 6.45259 13.0983 116.249 189.531 13.4466 305 0 
4.15773 0.0229167 0.0229167 50.3708 50.3708 190.468 192.873 6.57434 13.4258 114.491 191.326 13.6514 305 0 
4.19304 0.0229167 0.0229167 50.3708 50.3708 192.205 194.61 6.57434 13.631 112.8 193.054 13.8505 305 0 
4.20312 0.0333333 0.034375 73.2667 75.5563 192.918 195.345 6.63521 13.7793 112.095 193.774 13.9338 305 0 
4.24319 0.0208333 0.0229167 45.7917 50.3708 194.61 197.082 6.75696 14.1142 110.429 195.479 14.1339 305 0 
4.27885 0.021875 0.0197917 48.0812 43.5021 196.214 198.641 6.63521 14.1948 108.894 197.052 14.3184 305 0 
4.30173 0.021875 0.0208333 48.0812 45.7917 197.283 199.666 6.51347 14.2089 107.877 198.093 14.4384 305 0 
4.31185 0.021875 0.0208333 48.0812 45.7917 197.751 200.111 6.45259 14.2078 107.434 198.547 14.49 305 0 
4.32197 0.021875 0.021875 48.0812 48.0812 198.218 200.601 6.51347 14.3318 106.97 199.024 14.5441 305 0 
4.33209 0.0229167 0.021875 50.3708 48.0812 198.708 201.069 6.45259 14.3347 106.505 199.5 14.5982 305 0 
4.3422 0.0229167 0.021875 50.3708 48.0812 199.198 201.537 6.39172 14.3378 106.041 199.977 14.6518 305 0 
4.35231 0.0229167 0.021875 50.3708 48.0812 199.688 202.004 6.33085 14.3412 105.576 200.453 14.7049 305 0 
4.3624 0.0229167 0.0229167 50.3708 50.3708 200.178 202.494 6.33085 14.4075 105.101 200.941 14.7589 305 0 
4.37249 0.0229167 0.021875 50.3708 48.0812 200.668 202.962 6.26997 14.4118 104.636 201.417 14.8115 305 0 
4.38261 0.0229167 0.021875 50.3708 48.0812 201.158 203.452 6.26997 14.4789 104.161 201.905 14.8651 305 0 
4.39272 0.0229167 0.0229167 50.3708 50.3708 201.648 203.964 6.33085 14.6093 103.676 202.404 14.9201 305 0 
4.41572 0.0229167 0.021875 50.3708 48.0812 202.762 205.056 6.26997 14.7036 102.608 203.501 15.0412 305 0 
4.42583 0.0229167 0.0229167 50.3708 50.3708 203.252 205.546 6.26997 14.7734 102.133 203.988 15.0947 305 0 
4.43593 0.0229167 0.0239583 50.3708 52.6604 203.742 206.058 6.33085 14.9066 101.648 204.487 15.1498 305 0 
4.45886 0.0229167 0.0229167 50.3708 50.3708 204.9 207.194 6.26997 15.0137 100.539 205.629 15.2757 305 0 
4.48181 0.0229167 0.0229167 50.3708 50.3708 206.058 208.307 6.14823 15.0611 99.4402 206.759 15.3987 305 0 
4.49192 0.0229167 0.0239583 50.3708 52.6604 206.548 208.842 6.26997 15.2603 98.9451 207.269 15.4541 305 0 
4.51479 0.0229167 0.021875 50.3708 48.0812 207.572 209.822 6.14823 15.2924 97.977 208.267 15.5626 305 0 
4.53773 0.021875 0.0229167 48.0812 50.3708 208.664 210.913 6.14823 15.4628 96.9234 209.353 15.6796 305 0 
4.56069 0.021875 0.0229167 48.0812 50.3708 209.755 212.004 6.14823 15.6369 95.8707 210.44 15.7966 305 0 
4.5708 0.0239583 0.0229167 52.6604 50.3708 210.267 212.494 6.08735 15.6571 95.3875 210.939 15.85 305 0 
4.59363 0.0229167 0.021875 50.3708 48.0812 211.381 213.586 6.02648 15.7768 94.3249 212.036 15.9664 305 0 
4.61656 0.0229167 0.0229167 50.3708 50.3708 212.472 214.677 6.02648 15.9593 93.2738 213.123 16.0811 305 0 
4.62666 0.021875 0.0229167 48.0812 50.3708 212.94 215.167 6.08735 16.1017 92.8129 213.6 16.1316 305 0 
4.64959 0.0229167 0.021875 50.3708 48.0812 214.031 216.236 6.02648 16.2278 91.7741 214.675 16.2457 305 0 
4.67237 0.021875 0.021875 48.0812 48.0812 215.078 217.327 6.14823 16.5391 90.7471 215.74 16.3592 305 0 
4.6953 0.0208333 0.0208333 45.7917 45.7917 216.125 218.374 6.14823 16.7296 89.7428 216.782 16.4714 305 0 
4.7054 0.021875 0.0229167 48.0812 50.3708 216.615 218.864 6.14823 16.8202 89.2731 217.269 16.5239 305 0 
4.71551 0.0229167 0.0229167 50.3708 50.3708 217.105 219.354 6.14823 16.9118 88.8036 217.757 16.5764 305 0 
4.72563 0.0229167 0.0229167 50.3708 50.3708 217.595 219.844 6.14823 17.0044 88.3343 218.245 16.6289 305 0 
4.73574 0.0208333 0.0239583 45.7917 52.6604 218.04 220.356 6.33085 17.2789 87.8761 218.722 16.681 305 0 
4.75869 0.0229167 0.021875 50.3708 48.0812 219.154 221.47 6.33085 17.4975 86.812 219.83 16.8039 305 0 
4.78172 0.0229167 0.0229167 50.3708 50.3708 220.2 222.517 6.33085 17.7079 85.8129 220.872 16.9194 305 0 
4.79183 0.0229167 0.0229167 50.3708 50.3708 220.69 223.007 6.33085 17.8081 85.3457 221.359 16.9735 305 0 
4.80195 0.0229167 0.0229167 50.3708 50.3708 221.18 223.497 6.33085 17.9094 84.8787 221.847 17.0275 305 0 
4.81204 0.0229167 0.0239583 50.3708 52.6604 221.67 224.009 6.39172 18.0752 84.4015 222.345 17.0831 305 0 
4.83497 0.021875 0.021875 48.0812 48.0812 222.762 225.122 6.45259 18.3718 83.3529 223.442 17.2065 305 0 
4.85791 0.0229167 0.021875 50.3708 48.0812 223.853 226.214 6.45259 18.6116 82.3166 224.528 17.3292 305 0 
4.86802 0.0229167 0.0229167 50.3708 50.3708 224.343 226.704 6.45259 18.7212 81.8518 225.016 17.3843 305 0 
4.87813 0.0229167 0.0239583 50.3708 52.6604 224.833 227.216 6.51347 18.8956 81.3768 225.514 17.441 305 0 
4.90096 0.0229167 0.0229167 50.3708 50.3708 225.947 228.307 6.45259 19.0893 80.3329 226.611 17.5655 305 0 
4.92387 0.021875 0.0229167 48.0812 50.3708 227.016 229.421 6.57434 19.47 79.3015 227.697 17.6894 305 0 
4.93398 0.021875 0.0229167 48.0812 50.3708 227.506 229.911 6.57434 19.5889 78.8391 228.184 17.7456 305 0 
4.94409 0.0229167 0.0229167 50.3708 50.3708 227.996 230.401 6.57434 19.7091 78.377 228.671 17.8017 305 0 
4.95421 0.0229167 0.0229167 50.3708 50.3708 228.486 230.891 6.57434 19.8308 77.9153 229.159 17.8579 305 0 
4.96432 0.0229167 0.0239583 50.3708 52.6604 228.975 231.403 6.63521 20.0178 77.4435 229.657 17.9155 305 0 
4.98732 0.0229167 0.0229167 50.3708 50.3708 230.089 232.539 6.69609 20.3682 76.3865 230.776 18.0462 305 0 
5.01036 0.0229167 0.0229167 50.3708 50.3708 231.047 233.519 6.75696 20.6858 75.478 231.739 18.1598 305 0 
5.02048 0.021875 0.0229167 48.0812 50.3708 232.183 234.677 6.81783 21.0595 74.4048 232.88 18.2954 305 0 
5.03058 0.0208333 0.0208333 45.7917 45.7917 233.274 235.746 6.75696 21.3016 73.3963 233.954 18.4232 305 0 
5.0407 0.01875 0.0208333 41.2125 45.7917 234.276 236.815 6.93958 21.7834 72.4317 234.983 18.5468 305 0 
5.05081 0.01875 0.01875 41.2125 41.2125 235.212 237.795 7.06133 22.1909 71.5425 235.935 18.6636 305 0 
5.06093 0.0177083 0.01875 38.9229 41.2125 236.147 238.731 7.06133 22.4777 70.6761 236.864 18.7787 305 0 
5.07104 0.0166667 0.0166667 36.6333 36.6333 237.016 239.599 7.06133 22.7504 69.8732 237.727 18.8855 305 0 
5.08116 0.015625 0.015625 34.3438 34.3438 237.862 240.379 6.87871 22.8277 69.1227 238.535 18.9842 305 0 
5.09126 0.015625 0.0135417 34.3438 29.7646 238.664 241.114 6.69609 22.8941 68.4137 239.299 19.0751 305 0 
5.10138 0.0135417 0.0125 29.7646 27.475 239.376 241.804 6.63521 23.064 67.7669 239.997 19.1566 305 0 
5.1115 0.0125 0.0114583 27.475 25.1854 240.045 242.45 6.57434 23.2227 67.162 240.651 19.2322 305 0 
5.12159 0.0114583 0.0114583 25.1854 25.1854 240.668 243.051 6.51347 23.3696 66.5987 241.26 19.3021 305 0 
5.13171 0.0104167 0.0104167 22.8958 22.8958 241.247 243.608 6.45259 23.5041 66.0769 241.825 19.3663 305 0 
5.14183 0.009375 0.00833333 20.6063 18.3167 241.782 244.076 6.26997 23.4956 65.6167 242.324 19.4218 305 0 
5.15193 0.00833333 0.00833333 18.3167 18.3167 242.227 244.521 6.26997 23.6518 65.2079 242.767 19.4705 305 0 
5.16204 0.00729167 0.00833333 16.0271 18.3167 242.65 244.922 6.2091 23.737 64.8301 243.177 19.5153 305 0 
5.17216 0.00625 0.00625 13.7375 13.7375 243.029 245.256 6.08735 23.7426 64.5034 243.532 19.5535 305 0 
5.18237 0.00625 0.00520833 13.7375 11.4479 243.385 245.546 5.90473 23.6757 64.2074 243.853 19.5873 305 0 
5.19251 0.00520833 0.00520833 11.4479 11.4479 243.675 245.813 5.84386 23.715 63.9521 244.131 19.6158 305 0 
5.20263 0.00416667 0.003125 9.15833 6.86875 243.92 245.991 5.66124 23.6087 63.758 244.341 19.637 305 0 
5.21273 0.003125 0.003125 6.86875 6.86875 244.12 246.169 5.60036 23.6161 63.5843 244.53 19.6556 305 0 
5.22285 0.003125 0.00208333 6.86875 4.57917 244.298 246.281 5.41774 23.4857 63.4514 244.674 19.6695 305 0 
5.23296 0.003125 0.00104167 6.86875 2.28958 244.432 246.347 5.23512 23.3391 63.3593 244.774 19.6788 305 0 
5.24306 0.00104167 0 2.28958 0 244.521 246.392 5.11338 23.2413 63.2979 244.841 19.6849 305 0 
5.25323 0.00104167 0 2.28958 0 244.588 246.392 4.93076 23.0706 63.2671 244.874 19.6878 305 0 
5.26335 0.00104167 0 2.28958 0 244.633 246.392 4.80901 22.9568 63.2466 244.896 19.6897 305 0 
5.27346 0 0 0 0 244.633 246.37 4.74813 22.892 63.2569 244.885 19.6888 305 0 
5.28358 0 0 0 0 244.633 246.37 4.74813 22.892 63.2569 244.885 19.6888 305 0 
5.29369 0 0 0 0 244.633 246.37 4.74813 22.892 63.2569 244.885 19.6888 305 0 
5.3038 0 0 0 0 244.633 246.37 4.74813 22.892 63.2569 244.885 19.6888 305 0 
5.31391 0 0 0 0 244.633 246.37 4.74813 22.892 63.2569 244.885 19.6888 305 0 
5.32402 0 0 0 0 244.633 246.37 4.74813 22.892 63.2569 244.885 19.6888 305 0 
5.33411 0 0 0 0 244.633 246.37 4.74813 22.892 63.2569 244.885 19.6888 305 0 
5.34422 0 0 0 0 244.633 246.37 4.74813 22.892 63.2569 244.885 19.6888 305 0 
5.35433 0 0 0 0 244.633 246.37 4.74813 22.892 63.2569 244.885 19.6888 305 0 
5.36444 0 0 0 0 244.633 246.37 4.74813 22.892 63.2569 244.885 19.6888 305 0 
5.37454 0 0 0 0 244.633 246.37 4.74813 22.892 63.2569 244.885 19.6888 305 0 
5.38464 0 0 0 0 244.633 246.37 4.74813 22.892 63.2569 244.885 19.6888 305 0 
5.39473 0 0 0 0 244.633 246.37 4.74813 22.892 63.2569 244.885 19.6888 305 0 
5.40483 0 0 0 0 244.633 246.37 4.74813 22.892 63.2569 244.885 19.6888 305 0 
5.41493 0 0 0 0 244.633 246.37 4.74813 22.892 63.2569 244.885 19.6888 305 0 
5.42502 0 0 0 0 244.633 246.37 4.74813 22.892 63.2569 244.885 19.6888 305 0 
5.43513 0 0 0 0 244.633 246.37 4.74813 22.892 63.2569 244.885 19.6888 305 0 
5.44524 0 0 0 0 244.633 246.37 4.74813 22.892 63.2569 244.885 19.6888 305 0 
5.45533 0 0 0 0 244.633 246.37 4.74813 22.892 63.2569 244.885 19.6888 305 0 
5.46545 0 0 0 0 244.633 246.37 4.74813 22.892 63.2569 244.885 19.6888 305 0 
5.47555 0 0 0 0 244.633 246.37 4.74813 22.892 63.2569 244.885 19.6888 305 0 
5.48565 0 0 0 0 244.633 246.37 4.74813 22.892 63.2569 244.885 19.6888 305 0 
5.49576 0 0 0 0 244.633 246.37 4.74813 22.892 63.2569 244.885 19.6888 305 0 
5.50587 0 0 0 0 244.633 246.37 4.74813 22.892 63.2569 244.885 19.6888 305 0 
5.51596 0 0 0 0 244.633 246.37 4.74813 22.892 63.2569 244.885 19.6888 305 0 
5.52607 0 0 0 0 244.633 246.37 4.74813 22.892 63.2569 244.885 19.6888 305 0 
5.53618 0 0 0 0 244.633 246.37 4.74813 22.892 63.2569 244.885 19.6888 305 0 
5.54627 0 0 0 0 244.633 246.37 4.74813 22.892 63.2569 244.885 19.6888 305 0 
5.55638 0 0 0 0 244.633 246.37 4.74813 22.892 63.2569 244.885 19.6888 305 0 
5.56648 0 0 0 0 244.633 246.37 4.74813 22.892 63.2569 244.885 19.6888 305 0 
5.57658 0 0 0 0 244.633 246.37 4.74813 22.892 63.2569 244.885 19.6888 305 0 
5.58669 0 0 0 0 244.633 246.37 4.74813 22.892 63.2569 244.885 19.6888 305 0 
5.5968 0 0 0 0 244.633 246.37 4.74813 22.892 63.2569 244.885 19.6888 305 0 
5.60689 0 0 0 0 244.633 246.37 4.74813 22.892 63.2569 244.885 19.6888 305 0 
5.61699 0 0 0 0 244.633 246.37 4.74813 22.892 63.2569 244.885 19.6888 305 0 
5.6271 0 0 0 0 244.633 246.37 4.74813 22.892 63.2569 244.885 19.6888 305 0 
5.6372 0 0 0 0 244.633 246.37 4.74813 22.892 63.2569 244.885 19.6888 305 0 
5.64731 0 0 0 0 244.633 246.37 4.74813 22.892 63.2569 244.885 19.6888 305 0 
5.65741 0 0 0 0 244.633 246.37 4.74813 22.892 63.2569 244.885 19.6888 305 0 
5.66752 0 0 0 0 244.633 246.37 4.74813 22.892 63.2569 244.885 19.6888 305 0 
5.67762 0 0 0 0 244.633 246.37 4.74813 22.892 63.2569 244.885 19.6888 305 0 
5.68772 0 0 0 0 244.633 246.37 4.74813 22.892 63.2569 244.885 19.6888 305 0 
5.69781 0 0 0 0 244.633 246.37 4.74813 22.892 63.2569 244.885 19.6888 305 0 
5.7079 0 0 0 0 244.633 246.37 4.74813 22.892 63.2569 244.885 19.6888 305 0 
5.718 0 0 0 0 244.633 246.37 4.74813 22.892 63.2569 244.885 19.6888 305 0 
5.72809 0 0 0 0 244.633 246.37 4.74813 22.892 63.2569 244.885 19.6888 305 0 
5.73818 0 0 0 0 244.633 246.37 4.74813 22.892 63.2569 244.885 19.6888 305 0 
5.74828 0 0 0 0 244.633 246.37 4.74813 22.892 63.2569 244.885 19.6888 305 0 
5.75837 0 0 0 0 244.633 246.37 4.74813 22.892 63.2569 244.885 19.6888 305 0 
5.76846 0 0 0 0 244.633 246.37 4.74813 22.892 63.2569 244.885 19.6888 305 0 
5.77856 0 0 0 0 244.633 246.37 4.74813 22.892 63.2569 244.885 19.6888 305 0 
5.78865 0 0 0 0 244.633 246.37 4.74813 22.892 63.2569 244.885 19.6888 305 0 
5.79875 0 0 0 0 244.633 246.37 4.74813 22.892 63.2569 244.885 19.6888 305 0 
5.80885 0 0 0 0 244.633 246.37 4.74813 22.892 63.2569 244.885 19.6888 305 0 
5.81895 0 0 0 0 244.633 246.37 4.74813 22.892 63.2569 244.885 19.6888 305 0 
5.82904 0 0 0 0 244.633 246.37 4.74813 22.892 63.2569 244.885 19.6888 305 0 
5.83914 0 0 0 0 244.633 246.37 4.74813 22.892 63.2569 244.885 19.6888 305 0 
5.84923 0 0 0 0 244.633 246.37 4.74813 22.892 63.2569 244.885 19.6888 305 0 
5.85933 0 0 0 0 244.633 246.37 4.74813 22.892 63.2569 244.885 19.6888 305 0 
5.86943 0 0 0 0 244.633 246.37 4.74813 22.892 63.2569 244.885 19.6888 305 0 
5.87952 0 0 0 0 244.633 246.37 4.74813 22.892 63.2569 244.885 19.6888 305 0 
5.88961 0 0 0 0 244.633 246.37 4.74813 22.892 63.2569 244.885 19.6888 305 0 
5.89972 0 0 0 0 244.633 246.37 4.74813 22.892 63.2569 244.885 19.6888 305 0 
5.90981 0 0 0 0 244.633 246.37 4.74813 22.892 63.2569 244.885 19.6888 305 0 
5.9199 0 0 0 0 244.633 246.37 4.74813 22.892 63.2569 244.885 19.6888 305 0 
5.93 0 0 0 0 244.633 246.37 4.74813 22.892 63.2569 244.885 19.6888 305 0 
5.94009 0 0 0 0 244.633 246.37 4.74813 22.892 63.2569 244.885 19.6888 305 0 
5.95019 0 0 0 0 244.633 246.37 4.74813 22.892 63.2569 244.885 19.6888 305 0 
5.96028 0 0 0 0 244.633 246.37 4.74813 22.892 63.2569 244.885 19.6888 305 0 
5.97037 0 0 0 0 244.633 246.37 4.74813 22.892 63.2569 244.885 19.6888 305 0 
5.98045 0 0 0 0 244.633 246.37 4.74813 22.892 63.2569 244.885 19.6888 305 0 
5.99055 0 0 0 0 244.633 246.37 4.74813 22.892 63.2569 244.885 19.6888 305 0 
6.00064 0 0 0 0 244.633 246.37 4.74813 22.892 63.2569 244.885 19.6888 305 0 
6.01073 0 0 0 0 244.633 246.37 4.74813 22.892 63.2569 244.885 19.6888 305 0 
