0 0
0 0
9 1
9 3
9 6
9 9
9 11
9 12
9 14
9 16
9 17
9 19
9 20
9 21
9 22
9 23
9 24
8 25
6 26
4 25
6 25
6 26
4 26
4 26
4 24
8 26
4 26
4 27
2 26
4 26
4 26
4 24
8 26
4 26
4 27
2 26
4 10
9 26
4 25
6 25
6 25
6 23
9 24
8 27
2 27
2 27
2 27
2 27
2 27
2 26
4 25
6 26
4 26
4 26
4 26
4 26
4 27
2 21
9 26
4 26
4 26
4 25
6 26
4 26
4 26
4 26
4 27
2 25
6 26
4 25
6 25
6 26
4 26
4 26
4 27
2 27
2 26
4 26
4 26
4 26
4 26
4 27
2 26
4 26
4 26
4 26
4 26
4 20
9 26
4 26
4 27
2 26
4 25
6 25
6 26
4 26
4 26
4 26
4 27
2 26
4 25
6 26
4 25
6 26
4 25
6 26
4 26
4 26
4 26
4 26
4 26
4 26
4 26
4 27
2 26
4 26
4 25
6 26
4 26
4 26
4 27
2 26
4 26
4 26
4 26
4 26
4 24
8 26
4 27
2 26
4 24
8 25
6 26
4 27
2 26
4 24
8 26
4 26
4 26
4 26
4 27
2 16
9 25
6 27
2 26
4 26
4 24
8 26
4 26
4 25
6 26
4 26
4 27
2 26
4 24
8 26
4 26
4 27
2 26
4 26
4 26
4 25
6 26
4 26
4 26
4 25
6 20
9 27
2 28
0 26
4 26
4 26
4 27
2 26
4 25
6 25
6 22
9 26
4 25
6 26
4 24
8 23
9 27
2 28
0 27
2 25
6 24
9 26
4 26
4 26
4 16
9 26
4 28
0 26
4 25
7 26
4 26
4 26
4 26
4 24
9 26
