0 0
0 0
9 0
9 3
9 6
9 8
9 11
9 13
9 14
9 15
9 16
9 19
9 20
9 21
8 21
8 23
6 23
6 25
5 23
7 25
5 24
6 24
6 26
4 25
5 22
8 24
6 26
4 26
4 26
4 26
4 26
4 26
4 26
4 26
4 26
4 26
4 28
2 26
4 24
6 26
4 26
4 26
4 24
6 24
6 24
6 27
3 28
2 26
4 26
4 26
4 27
3 26
4 26
4 26
5 24
6 24
6 27
4 25
6 26
5 27
4 26
5 26
5 15
9 26
5 26
5 28
3 27
4 26
5 26
5 26
5 27
4 24
7 26
5 27
4 27
4 26
5 26
5 26
5 27
4 27
4 24
7 26
5 27
4 26
5 26
5 28
3 27
4 27
4 24
7 27
4 26
5 26
5 27
4 27
4 26
5 26
5 28
3 27
4 24
7 26
5 26
5 27
4 26
5 24
7 27
5 27
5 27
5 27
5 28
4 26
6 27
5 26
6 26
6 27
5 26
6 26
6 28
4 26
6 26
6 27
5 27
5 26
6 27
5 28
4 25
7 27
5 27
5 27
5 27
5 28
4 28
4 28
4 28
4 28
4 28
4 28
4 28
4 29
3 28
4 26
6 24
8 20
9 28
4 27
5 27
5 28
4 28
4 28
4 28
4 28
4 28
4 28
4 29
3 28
4 27
5 27
5 26
6 26
6 27
5 28
4 13
9 27
5 28
4 28
4 26
6 27
5 26
6 28
4 28
4 28
4 28
4 28
4 26
6 28
4 28
4 28
4 28
4 28
4 28
4 28
4 29
3 28
4 28
4 28
4 28
4 28
4 28
4 28
4 28
4 28
4 28
4 28
4 29
3 28
4 27
5 28
4 28
4 26
6 28
4 28
4 28
