0 0
0 0
9 1
9 4
9 7
9 9
9 10
9 13
9 15
9 16
9 18
9 19
9 20
9 21
9 24
9 24
9 24
9 25
9 27
5 26
7 27
5 27
5 26
7 26
7 27
5 27
5 28
3 26
7 28
3 28
3 27
5 26
7 24
9 26
7 28
3 26
7 28
3 28
3 26
7 27
5 28
3 26
7 24
9 27
5 27
5 27
5 28
3 25
9 27
5 28
3 28
3 27
5 27
5 28
3 26
7 27
5 27
5 27
5 26
7 26
7 25
9 28
3 28
3 27
5 18
9 28
3 29
1 26
7 28
3 26
7 27
5 27
5 27
5 28
3 26
8 28
3 28
3 28
3 28
3 28
3 27
6 28
3 27
6 26
8 27
6 28
4 28
4 28
4 27
6 26
8 27
6 27
6 27
6 28
4 28
4 28
4 28
4 29
2 27
6 28
4 25
9 26
8 28
4 26
8 27
6 28
4 26
8 27
6 26
8 28
4 28
4 29
2 27
6 27
6 27
6 26
8 28
4 29
2 27
6 26
8 27
6 27
6 28
4 26
8 27
6 26
8 29
2 28
4 28
4 25
9 28
4 28
4 28
4 28
4 28
4 28
4 28
4 28
4 29
2 28
4 27
6 16
9 27
6 26
8 28
4 27
6 28
4 28
4 28
4 26
8 26
8 24
9 29
2 23
9 27
6 29
2 29
2 29
2 29
2 28
4 28
4 28
4 29
2 28
4 26
8 27
6 27
6 28
4 28
4 28
4 28
4 25
9 27
6 28
4 29
2 28
4 27
6 28
4 27
6 27
6 28
4 28
4 29
2 27
6 28
4 28
4 28
4 28
4 28
4 26
9 28
4 29
2 27
7 21
9 28
5 26
9 28
5 28
5 28
5 28
5 29
