0 0
0 0
9 2
9 4
9 6
9 8
9 12
9 12
9 14
9 16
9 18
9 19
9 21
9 21
9 22
9 24
9 24
9 26
9 26
9 28
0 25
9 28
0 24
9 27
5 27
5 27
5 27
5 27
5 26
9 26
9 29
-3 24
9 24
9 26
9 26
9 25
9 26
9 30
-8 25
9 23
9 24
9 26
9 25
9 27
5 27
5 28
0 27
5 26
9 27
5 26
9 25
9 26
9 20
9 29
-3 27
5 26
9 26
9 26
9 27
5 28
0 27
5 27
5 25
9 27
5 28
0 28
0 26
9 25
9 26
9 27
5 28
0 28
0 27
5 28
0 26
9 26
9 25
9 24
9 28
0 28
0 23
9 28
0 28
0 28
0 26
9 27
5 27
5 26
9 28
1 28
1 27
5 26
9 27
5 27
5 28
1 27
5 27
5 25
9 27
5 28
1 26
9 27
5 27
5 27
5 28
1 27
5 28
1 26
9 26
9 26
9 28
1 28
1 27
5 27
5 26
9 27
5 27
5 28
1 26
9 25
9 28
1 24
9 26
9 29
-3 24
9 25
9 26
9 27
5 27
5 26
9 28
1 28
1 26
9 27
5 27
5 27
5 28
1 27
5 27
5 27
5 28
1 26
9 26
9 28
1 27
5 27
5 27
5 28
1 26
9 25
9 22
9 25
9 29
-3 26
9 26
9 26
9 26
9 28
1 28
1 28
1 27
5 26
9 28
1 27
5 25
9 27
5 27
5 26
9 27
5 27
5 28
1 26
9 28
1 27
5 27
5 27
5 28
1 24
9 26
9 26
9 26
9 28
1 29
-3 25
9 24
9 27
6 27
6 26
9 26
9 28
1 29
-3 28
1 25
9 23
9 26
9 25
9 28
1 27
6 25
9 28
1 28
