0 0
0 0
9 1
9 4
9 6
9 9
9 10
9 12
9 14
9 16
9 17
9 19
9 20
9 22
9 21
9 24
9 21
9 26
9 26
9 28
9 28
9 28
9 29
8 29
8 28
9 29
8 30
7 28
9 30
6 31
5 27
9 30
6 26
9 29
7 31
5 31
5 30
5 32
3 31
4 30
5 30
4 30
4 30
4 30
4 30
4 30
3 30
3 28
5 29
4 29
4 29
4 30
3 29
4 25
8 26
7 27
6 28
5 28
5 28
5 29
4 28
5 28
5 28
5 29
4 23
9 28
5 28
5 28
5 30
3 28
5 28
5 28
5 26
7 26
7 29
5 31
2 28
5 28
5 28
5 29
4 28
5 28
5 28
5 29
4 25
8 28
5 28
5 29
4 21
9 28
6 28
6 30
4 29
5 28
6 28
6 29
5 27
7 29
5 28
5 28
5 29
4 28
5 27
6 28
5 28
5 28
5 29
4 28
5 28
5 26
7 28
6 29
5 17
9 27
8 28
7 30
5 30
4 29
5 29
5 30
4 30
4 29
5 28
6 28
6 28
6 29
5 29
4 28
5 29
4 28
5 28
5 26
7 28
5 28
5 26
8 29
5 28
6 28
6 23
9 28
6 26
8 28
6 26
8 29
5 25
9 28
7 29
6 30
4 29
5 27
7 29
5 30
4 29
5 29
5 29
5 27
7 28
6 28
6 26
8 29
5 29
5 18
9 28
7 30
5 28
7 30
5 29
5 29
5 28
6 27
7 29
5 29
5 28
6 28
6 29
5 30
4 29
5 27
7 26
8 29
5 28
6 28
6 26
8 29
5 21
9 28
7 29
6 29
6 30
4 30
4 30
4 29
5 29
5 25
9 30
4 29
5 28
6 30
4 28
6 28
6 30
