0 0
0 0
9 1
9 3
9 6
9 9
9 11
9 12
9 14
9 16
9 17
9 19
8 20
7 21
6 22
5 21
6 23
4 23
4 24
4 24
4 24
4 23
4 24
4 23
5 22
5 22
5 24
4 22
5 22
5 24
4 24
4 24
4 24
4 25
3 25
3 24
4 24
4 22
6 24
4 22
6 24
4 24
4 24
4 24
4 22
6 24
4 23
5 24
4 24
4 24
4 24
4 25
3 25
3 24
4 24
4 24
4 24
4 24
4 24
4 26
2 23
5 24
4 24
4 24
4 24
4 24
4 24
4 25
3 24
4 24
4 24
4 16
9 24
4 25
3 25
3 25
3 24
4 24
4 25
3 24
4 23
5 23
5 24
4 24
4 24
4 24
4 25
3 24
4 24
4 24
4 25
3 24
4 24
4 22
6 23
5 22
6 24
4 23
5 24
4 23
5 24
4 24
4 24
4 24
4 25
3 24
4 23
5 24
4 24
4 24
4 24
4 24
4 25
3 24
4 24
4 24
4 24
4 25
3 24
4 24
4 24
4 24
4 25
3 24
4 23
5 17
9 22
6 25
3 26
2 23
5 24
4 25
3 23
5 24
4 24
4 24
4 24
4 24
4 25
3 24
4 22
6 24
4 22
6 24
4 24
4 25
3 24
4 24
4 24
4 23
5 25
3 24
4 24
4 22
6 24
4 25
3 24
4 23
5 23
5 25
3 22
6 24
4 25
3 23
5 23
5 24
4 24
4 24
4 25
3 22
6 23
5 24
4 25
3 25
3 24
4 20
8 25
3 23
5 25
3 24
4 24
4 23
5 25
3 24
4 22
6 24
4 24
4 26
2 24
4 22
6 24
4 24
4 24
4 24
4 26
2 24
4 24
4 20
8 24
4 22
6 24
