0 0
0 0
9 1
9 4
9 7
9 9
9 10
9 12
9 15
9 16
9 17
9 20
9 20
9 21
9 23
9 23
9 21
9 25
9 26
9 27
9 28
9 28
9 28
9 30
5 29
7 30
4 29
6 22
9 25
9 29
7 30
5 30
4 30
4 30
4 30
3 30
3 30
3 30
3 28
7 26
9 30
3 30
2 29
4 26
9 28
7 30
2 28
6 28
6 29
4 28
6 28
6 28
6 29
4 27
8 28
6 28
6 26
9 29
4 30
2 28
6 28
6 28
6 29
4 29
4 29
4 28
6 26
9 29
4 29
4 29
4 29
3 28
5 29
3 28
5 28
5 28
5 28
5 28
5 28
5 30
1 28
5 19
9 25
9 26
9 29
5 30
2 29
4 28
6 28
6 28
6 29
4 30
2 28
6 28
6 26
9 28
6 28
6 28
6 28
6 29
4 29
4 29
4 29
4 30
1 29
3 28
5 27
7 28
5 27
8 26
9 26
9 28
6 29
4 30
2 26
9 28
6 28
6 30
2 28
6 28
6 28
6 28
6 29
4 28
6 28
6 28
6 30
1 28
5 26
9 28
6 29
3 28
5 28
5 14
9 28
7 28
7 27
9 25
9 30
3 30
3 27
9 27
9 26
9 28
8 28
8 31
1 30
3 20
9 29
6 29
6 30
4 30
3 30
3 30
3 27
9 26
9 28
7 27
9 30
3 25
9 27
9 28
8 31
1 30
3 28
7 28
7 28
7 28
7 29
5 30
3 30
2 29
4 29
4 27
8 26
9 30
2 29
4 24
9 26
9 29
5 30
2 27
9 30
2 27
9 25
9 29
5 30
2 29
4 28
6 28
6 29
4 27
8 28
6 28
6 30
2 29
4 28
6 28
6 28
6 29
4 28
