0 0
0 0
9 2
9 4
9 6
9 8
9 11
9 13
9 14
9 16
9 17
9 18
9 18
9 22
9 22
9 24
9 25
9 22
9 26
9 27
9 28
9 29
4 29
4 29
3 28
8 29
3 29
3 28
8 29
3 28
7 28
7 28
7 21
9 30
0 28
8 27
9 28
9 26
9 29
4 29
4 29
3 28
8 29
3 29
3 27
9 28
8 28
8 25
9 29
4 30
-1 28
8 27
9 28
8 29
3 26
9 27
9 29
4 29
3 28
8 30
-1 26
9 26
9 28
9 27
9 28
9 30
0 29
3 24
9 24
9 28
9 28
9 29
4 30
0 24
9 27
9 29
4 29
4 29
3 28
8 28
8 26
9 30
0 28
8 27
9 28
8 27
9 28
9 24
9 25
9 24
9 27
9 29
4 32
-9 28
8 23
9 26
9 26
9 28
9 28
9 30
0 25
9 27
9 28
9 28
9 30
0 28
8 24
9 29
4 27
9 28
9 29
4 27
9 29
4 30
0 28
8 24
9 28
9 27
9 21
9 28
9 28
9 31
-5 28
8 26
9 26
9 28
9 26
9 27
9 26
9 28
9 31
-5 28
8 23
9 27
9 27
9 27
9 28
9 30
0 28
8 27
9 27
9 26
9 27
9 30
0 29
3 27
9 27
9 29
4 28
8 26
9 29
4 29
4 29
3 29
3 30
-1 27
9 27
9 28
8 28
8 27
9 29
3 29
3 29
3 28
7 28
7 28
7 27
9 30
-1 27
9 27
9 28
8 28
8 28
8 29
3 29
2 26
9 28
8 28
8 27
9 18
9 28
9 30
0 29
3 26
9 28
9 29
4 30
-1 28
8 27
9 27
9 29
3 29
3 28
8 28
8 27
9 29
3 28
8 27
9 25
9 30
0 28
