0 0 0 0 0 0 0 0 0 0 0 0 0 0
0.01 0 0 0 0 0 0 0 0 305 0 0 305 0 
0.04844 0.00104167 0.00104167 2.28958 2.28958 -0.0222717 0.0222717 0.121747 0.121747 305 0 0 305 0 
0.058573 0.00208333 0.00208333 4.57917 4.57917 0.0222717 0.0668151 0.121747 0.121765 304.955 0.0445999 9.47218e-05 305 0 
0.068709 0.00208333 0.00208333 4.57917 4.57917 0.0668151 0.111359 0.121747 0.121783 304.911 0.0891998 0.000189444 305 0 
0.078783 0.00208333 0.00208333 4.57917 4.57917 0.111359 0.155902 0.121747 0.1218 304.866 0.1338 0.000284165 305 0 
0.08886 0.003125 0.00416667 6.86875 9.15833 0.178174 0.244989 0.182621 0.182713 304.788 0.211849 0.000491369 305 0 
0.098952 0.003125 0.00416667 6.86875 9.15833 0.244989 0.334076 0.243494 0.243641 304.71 0.289899 0.000781455 305 0 
0.109031 0.00416667 0.00416667 9.15833 9.15833 0.334076 0.423163 0.243494 0.243712 304.621 0.379098 0.00116034 305 0 
0.11912 0.00416667 0.00416667 9.15833 9.15833 0.423163 0.512249 0.243494 0.243784 304.532 0.468297 0.00153923 305 0 
0.129197 0.00520833 0.00625 11.4479 13.7375 0.534521 0.64588 0.304368 0.304768 304.409 0.590946 0.00212532 305 0 
0.139276 0.00520833 0.00625 11.4479 13.7375 0.64588 0.77951 0.365241 0.365776 304.286 0.713594 0.00284165 305 0 
0.149364 0.00625 0.00625 13.7375 13.7375 0.77951 0.91314 0.365241 0.365937 304.153 0.847391 0.00369414 305 0 
0.159437 0.00625 0.00729167 13.7375 16.0271 0.91314 1.06904 0.426115 0.427 304.008 0.992338 0.00469463 305 0 
0.169515 0.00625 0.00729167 13.7375 16.0271 1.04677 1.22494 0.486988 0.488092 303.863 1.13728 0.00584904 305 0 
0.179603 0.00833333 0.00833333 18.3167 18.3167 1.22494 1.40312 0.486988 0.488378 303.684 1.31568 0.00736457 305 0 
0.189684 0.00833333 0.00833333 18.3167 18.3167 1.40312 1.58129 0.486988 0.488665 303.506 1.49407 0.00888011 305 0 
0.199762 0.00729167 0.0104167 16.0271 22.8958 1.55902 1.80401 0.669609 0.671648 303.316 1.68361 0.0107923 305 0 
0.209895 0.009375 0.00833333 20.6063 18.3167 1.75947 1.98218 0.608735 0.611176 303.127 1.87315 0.0129057 305 0 
0.220004 0.00833333 0.0104167 18.3167 22.8958 1.93764 2.2049 0.730482 0.733368 302.926 2.07383 0.01525 305 0 
0.230084 0.0104167 0.009375 22.8958 20.6063 2.16036 2.40535 0.669609 0.672987 302.714 2.28567 0.0178371 305 0 
0.240174 0.00833333 0.0104167 18.3167 22.8958 2.33853 2.62806 0.791356 0.79522 302.514 2.48635 0.0203945 305 0 
0.250254 0.0104167 0.0104167 22.8958 22.8958 2.56125 2.85078 0.791356 0.795807 302.291 2.70933 0.0234728 305 0 
0.260349 0.0104167 0.0114583 22.8958 25.1854 2.78396 3.09577 0.852229 0.857321 302.057 2.94346 0.0268294 305 0 
0.27043 0.0104167 0.0114583 22.8958 25.1854 3.00668 3.34076 0.913103 0.918883 301.822 3.17758 0.0304346 305 0 
0.280512 0.0114583 0.0114583 25.1854 25.1854 3.25167 3.58575 0.913103 0.919631 301.577 3.42285 0.0343418 305 0 
0.290599 0.0114583 0.0125 25.1854 27.475 3.49666 3.85301 0.973976 0.981313 301.321 3.67926 0.0385626 305 0 
0.300678 0.0125 0.0125 27.475 27.475 3.76392 4.12027 0.973976 0.982185 301.053 3.94683 0.043109 305 0 
0.31078 0.0125 0.0135417 27.475 29.7646 4.03118 4.4098 1.03485 1.044 300.774 4.22553 0.0479929 305 0 
0.320856 0.0125 0.0135417 27.475 29.7646 4.29844 4.69933 1.09572 1.10587 300.496 4.50423 0.0531727 305 0 
0.330953 0.0125 0.0125 27.475 27.475 4.5657 4.96659 1.09572 1.10685 300.228 4.77179 0.0582874 305 0 
0.341041 0.0135417 0.0145833 29.7646 32.0542 4.85523 5.2784 1.1566 1.16887 299.927 5.07278 0.0642012 305 0 
0.351117 0.0135417 0.0145833 29.7646 32.0542 5.14477 5.5902 1.21747 1.23095 299.626 5.37376 0.0704346 305 0 
0.361206 0.0135417 0.0145833 29.7646 32.0542 5.4343 5.902 1.27834 1.29309 299.325 5.67474 0.0769877 305 0 
0.371291 0.0145833 0.0145833 32.0542 32.0542 5.7461 6.21381 1.27834 1.29444 299.013 5.98686 0.0839492 305 0 
0.381369 0.0145833 0.0166667 32.0542 36.6333 6.05791 6.57016 1.40009 1.4177 298.679 6.32127 0.091763 305 0 
0.391452 0.0145833 0.0145833 32.0542 32.0542 6.36971 6.88196 1.40009 1.41919 298.367 6.63338 0.0993874 305 0 
0.401542 0.015625 0.015625 34.3438 34.3438 6.70379 7.21604 1.40009 1.42078 298.032 6.96778 0.107556 305 0 
0.411637 0.0145833 0.015625 32.0542 34.3438 7.01559 7.55011 1.46096 1.48323 297.709 7.29103 0.115625 305 0 
0.421715 0.015625 0.0166667 34.3438 36.6333 7.34967 7.90646 1.52184 1.54586 297.363 7.63656 0.124616 305 0 
0.431805 0.015625 0.0166667 34.3438 36.6333 7.68374 8.26281 1.58271 1.60857 297.018 7.98209 0.133975 305 0 
0.441884 0.0166667 0.015625 36.6333 34.3438 8.04009 8.59688 1.52184 1.54953 296.672 8.32761 0.143333 305 0 
0.451989 0.0166667 0.015625 36.6333 34.3438 8.39644 8.93096 1.46096 1.49043 296.327 8.67314 0.152325 305 0 
0.462074 0.015625 0.0166667 34.3438 36.6333 8.73051 9.2873 1.52184 1.55308 295.981 9.01867 0.161317 305 0 
0.472176 0.015625 0.0177083 34.3438 38.9229 9.06459 9.66592 1.64359 1.67678 295.625 9.37534 0.171166 305 0 
0.482256 0.0166667 0.0166667 36.6333 36.6333 9.42094 10.0223 1.64359 1.6788 295.268 9.73199 0.181395 305 0 
0.492356 0.0166667 0.0177083 36.6333 38.9229 9.77728 10.4009 1.70446 1.74181 294.9 10.0998 0.192139 305 0 
0.502447 0.009375 0.0114583 20.6063 25.1854 9.97773 10.6459 1.82621 1.86492 294.677 10.3227 0.199005 305 0 
0.51255 0.0166667 0.0166667 36.6333 36.6333 10.3341 11.0022 1.82621 1.86718 294.321 10.6793 0.210369 305 0 
0.522643 0.0177083 0.01875 38.9229 41.2125 10.7127 11.4031 1.88708 1.93057 293.931 11.0693 0.223007 305 0 
0.532741 0.0177083 0.0166667 38.9229 36.6333 11.0913 11.7595 1.82621 1.87208 293.563 11.4371 0.234922 305 0 
0.542822 0.0177083 0.01875 38.9229 41.2125 11.4699 12.1604 1.88708 1.93549 293.173 11.8271 0.247559 305 0 
0.552903 0.0177083 0.01875 38.9229 41.2125 11.8486 12.5612 1.94795 1.99898 292.783 12.2172 0.260611 305 0 
0.563008 0.01875 0.01875 41.2125 41.2125 12.2494 12.9621 1.94795 2.00172 292.382 12.6183 0.274248 305 0 
0.573105 0.0177083 0.01875 38.9229 41.2125 12.6281 13.363 2.00883 2.06531 291.992 13.0084 0.287713 305 0 
0.583197 0.01875 0.01875 41.2125 41.2125 13.029 13.7639 2.00883 2.06815 291.591 13.4095 0.301777 305 0 
0.593303 0.01875 0.01875 41.2125 41.2125 13.4298 14.1648 2.00883 2.071 291.19 13.8107 0.31584 305 0 
0.603379 0.01875 0.01875 41.2125 41.2125 13.8307 14.5657 2.00883 2.07386 290.788 14.2118 0.329903 305 0 
0.613458 0.01875 0.01875 41.2125 41.2125 14.2316 14.9666 2.00883 2.07673 290.387 14.613 0.343967 305 0 
0.623552 0.01875 0.01875 41.2125 41.2125 14.6325 15.3675 2.00883 2.0796 289.986 15.0141 0.35803 305 0 
0.63363 0.01875 0.01875 41.2125 41.2125 15.0334 15.7684 2.00883 2.08248 289.585 15.4153 0.372093 305 0 
0.643732 0.01875 0.01875 41.2125 41.2125 15.4343 16.1693 2.00883 2.08537 289.184 15.8164 0.386157 305 0 
0.653806 0.0197917 0.0208333 43.5021 45.7917 15.8575 16.6147 2.0697 2.14943 288.749 16.251 0.401623 305 0 
0.663886 0.01875 0.01875 41.2125 41.2125 16.2584 17.0156 2.0697 2.15242 288.348 16.6522 0.416112 305 0 
0.673989 0.0197917 0.0197917 43.5021 43.5021 16.6815 17.4388 2.0697 2.15559 287.925 17.0756 0.431406 305 0 
0.684092 0.0197917 0.0197917 43.5021 43.5021 17.1047 17.8619 2.0697 2.15877 287.501 17.499 0.446701 305 0 
0.69419 0.01875 0.01875 41.2125 41.2125 17.5056 18.2628 2.0697 2.16178 287.1 17.9001 0.46119 305 0 
0.704283 0.0208333 0.0208333 45.7917 45.7917 17.951 18.7082 2.0697 2.16515 286.655 18.3458 0.477289 305 0 
0.714369 0.01875 0.01875 41.2125 41.2125 18.3519 19.1091 2.0697 2.16818 286.253 18.747 0.491778 305 0 
0.724448 0.0208333 0.0208333 45.7917 45.7917 18.7973 19.5546 2.0697 2.17157 285.808 19.1927 0.507878 305 0 
0.73454 0.01875 0.01875 41.2125 41.2125 19.1982 19.9555 2.0697 2.17462 285.407 19.5938 0.522367 305 0 
0.744627 0.0197917 0.0208333 43.5021 45.7917 19.6437 20.4009 2.0697 2.17802 284.961 20.0395 0.538466 305 0 
0.754719 0.0208333 0.0208333 45.7917 45.7917 20.0891 20.8463 2.0697 2.18144 284.515 20.4853 0.554565 305 0 
0.764806 0.0197917 0.0197917 43.5021 43.5021 20.5122 21.2695 2.0697 2.18469 284.092 20.9087 0.56986 305 0 
0.774926 0.0197917 0.0208333 43.5021 45.7917 20.9354 21.7149 2.13057 2.24896 283.657 21.3432 0.585787 305 0 
0.785045 0.0197917 0.021875 43.5021 48.0812 21.3586 22.1826 2.25232 2.37434 283.212 21.7889 0.602833 305 0 
0.795161 0.0208333 0.0208333 45.7917 45.7917 21.804 22.6281 2.25232 2.37808 282.766 22.2346 0.620352 305 0 
0.805266 0.0197917 0.01875 43.5021 41.2125 22.2272 23.029 2.19145 2.32064 282.354 22.6468 0.636338 305 0 
0.815374 0.0208333 0.0208333 45.7917 45.7917 22.6726 23.4744 2.19145 2.32431 281.908 23.0925 0.653384 305 0 
0.825454 0.0197917 0.0208333 43.5021 45.7917 23.0958 23.9198 2.25232 2.38882 281.474 23.527 0.670234 305 0 
0.835563 0.0197917 0.0208333 43.5021 45.7917 23.5189 24.3653 2.31319 2.45344 281.039 23.9615 0.687546 305 0 
0.845641 0.0208333 0.0197917 45.7917 43.5021 23.9644 24.7884 2.25232 2.39632 280.605 24.396 0.704858 305 0 
0.855742 0.0208333 0.021875 45.7917 48.0812 24.4098 25.2561 2.31319 2.46115 280.148 24.8528 0.723057 305 0 
0.865821 0.0208333 0.0208333 45.7917 45.7917 24.8552 25.7016 2.31319 2.46507 279.703 25.2984 0.74105 305 0 
0.87592 0.0208333 0.0208333 45.7917 45.7917 25.3007 26.147 2.31319 2.46901 279.257 25.7441 0.759042 305 0 
0.886011 0.0208333 0.021875 45.7917 48.0812 25.7461 26.6147 2.37407 2.53398 278.8 26.2008 0.777727 305 0 
0.896091 0.0208333 0.021875 45.7917 48.0812 26.1915 27.0824 2.43494 2.59906 278.344 26.6576 0.796896 305 0 
0.90617 0.0208333 0.0208333 45.7917 45.7917 26.637 27.5278 2.43494 2.60323 277.898 27.1032 0.815835 305 0 
0.916256 0.0208333 0.0229167 45.7917 50.3708 27.0824 28.0178 2.55669 2.72947 277.43 27.571 0.836217 305 0 
0.92635 0.0208333 0.0208333 45.7917 45.7917 27.5278 28.4633 2.55669 2.73387 276.985 28.0166 0.856102 305 0 
0.936427 0.0208333 0.0229167 45.7917 50.3708 27.9733 28.9532 2.67843 2.86035 276.517 28.4844 0.877478 305 0 
0.946507 0.0208333 0.0208333 45.7917 45.7917 28.4187 29.3987 2.67843 2.86496 276.072 28.9299 0.89831 305 0 
0.956612 0.021875 0.0208333 48.0812 45.7917 28.8864 29.8441 2.61756 2.80879 275.615 29.3866 0.919419 305 0 
0.966702 0.0208333 0.021875 45.7917 48.0812 29.3318 30.3118 2.67843 2.87438 275.158 29.8432 0.940529 305 0 
0.976793 0.0208333 0.021875 45.7917 48.0812 29.7773 30.7795 2.73931 2.94008 274.702 30.2999 0.962123 305 0 
0.986869 0.021875 0.0208333 48.0812 45.7917 30.245 31.2249 2.67843 2.88406 274.245 30.7565 0.983718 305 0 
0.996947 0.0166667 0.01875 36.6333 41.2125 30.6013 31.6258 2.80018 3.00988 273.867 31.1352 1.00183 305 0 
1.00705 0.0208333 0.0208333 45.7917 45.7917 31.0468 32.0713 2.80018 3.01479 273.421 31.5807 1.0236 305 0 
1.01714 0.0208333 0.021875 45.7917 48.0812 31.4922 32.539 2.86106 3.08076 272.965 32.0373 1.04617 305 0 
1.02722 0.0208333 0.021875 45.7917 48.0812 31.9376 33.0067 2.92193 3.14685 272.508 32.4938 1.06922 305 0 
1.0373 0.021875 0.0229167 48.0812 50.3708 32.4053 33.4967 2.9828 3.21332 272.03 32.9726 1.0939 305 0 
1.04738 0.021875 0.0208333 48.0812 45.7917 32.8731 33.9421 2.92193 3.1578 271.573 33.4292 1.11743 305 0 
1.05746 0.0208333 0.0229167 45.7917 50.3708 33.3185 34.4321 3.04368 3.28511 271.106 33.8969 1.14179 305 0 
1.06754 0.021875 0.0229167 48.0812 50.3708 33.7862 34.9221 3.10455 3.35185 270.627 34.3756 1.16749 305 0 
1.07763 0.021875 0.0208333 48.0812 45.7917 34.2539 35.3675 3.04368 3.29659 270.171 34.8321 1.19199 305 0 
1.08773 0.0229167 0.0229167 50.3708 50.3708 34.7439 35.8575 3.04368 3.30259 269.681 35.322 1.21803 305 0 
1.0978 0.0208333 0.0208333 45.7917 45.7917 35.1893 36.3029 3.04368 3.30806 269.235 35.7674 1.2417 305 0 
1.10788 0.0229167 0.0229167 50.3708 50.3708 35.6793 36.7929 3.04368 3.31409 268.746 36.2573 1.26773 305 0 
1.11801 0.0208333 0.0208333 45.7917 45.7917 36.1247 37.2383 3.04368 3.3196 268.3 36.7027 1.2914 305 0 
1.12809 0.021875 0.0229167 48.0812 50.3708 36.5924 37.7283 3.10455 3.38646 267.822 37.1814 1.3171 305 0 
1.13816 0.021875 0.021875 48.0812 48.0812 37.0601 38.196 3.10455 3.39239 267.354 37.649 1.34245 305 0 
1.14826 0.021875 0.021875 48.0812 48.0812 37.5278 38.6637 3.10455 3.39834 266.887 38.1166 1.3678 305 0 
1.15834 0.021875 0.021875 48.0812 48.0812 37.9955 39.1314 3.10455 3.40431 266.419 38.5843 1.39315 305 0 
1.16842 0.021875 0.021875 48.0812 48.0812 38.4633 39.5991 3.10455 3.4103 265.952 39.0519 1.4185 305 0 
1.17851 0.021875 0.0229167 48.0812 50.3708 38.931 40.0891 3.16542 3.47739 265.473 39.5306 1.44471 305 0 
1.18859 0.0229167 0.0208333 50.3708 45.7917 39.4209 40.5345 3.04368 3.36167 265.006 39.9982 1.47006 305 0 
1.19867 0.0208333 0.0229167 45.7917 50.3708 39.8664 41.0245 3.16542 3.48948 264.538 40.4658 1.4954 305 0 
1.20876 0.0229167 0.0208333 50.3708 45.7917 40.3563 41.4699 3.04368 3.37381 264.071 40.9334 1.52075 305 0 
1.21884 0.0229167 0.0229167 50.3708 50.3708 40.8463 41.9599 3.04368 3.38008 263.581 41.4234 1.54679 305 0 
1.22894 0.021875 0.021875 48.0812 48.0812 41.314 42.4276 3.04368 3.38609 263.114 41.891 1.57164 305 0 
1.23901 0.021875 0.021875 48.0812 48.0812 41.7817 42.8953 3.04368 3.39213 262.646 42.3586 1.5965 305 0 
1.24911 0.021875 0.0229167 48.0812 50.3708 42.2494 43.3853 3.10455 3.45926 262.168 42.8374 1.62219 305 0 
1.25918 0.0208333 0.021875 45.7917 48.0812 42.7171 43.853 3.10455 3.46544 261.7 43.305 1.64754 305 0 
1.26926 0.0229167 0.021875 50.3708 48.0812 43.2071 44.3207 3.04368 3.41087 261.222 43.7838 1.67324 305 0 
1.27934 0.0208333 0.021875 45.7917 48.0812 43.6526 44.7884 3.10455 3.47777 260.765 44.2403 1.69775 305 0 
1.28943 0.021875 0.021875 48.0812 48.0812 44.1203 45.2561 3.10455 3.48403 260.298 44.7079 1.7231 305 0 
1.29951 0.021875 0.021875 48.0812 48.0812 44.588 45.7238 3.10455 3.4903 259.83 45.1755 1.74845 305 0 
1.3096 0.0208333 0.021875 45.7917 48.0812 45.0334 46.1915 3.16542 3.55738 259.374 45.632 1.77343 305 0 
1.3197 0.021875 0.021875 48.0812 48.0812 45.5011 46.6592 3.16542 3.56381 258.907 46.0995 1.79928 305 0 
1.32978 0.021875 0.021875 48.0812 48.0812 45.9688 47.1269 3.16542 3.57026 258.439 46.5671 1.82513 305 0 
1.33988 0.021875 0.0229167 48.0812 50.3708 46.4365 47.6169 3.2263 3.63782 257.961 47.0458 1.85184 305 0 
1.34995 0.021875 0.0208333 48.0812 45.7917 46.9042 48.0624 3.16542 3.58335 257.505 47.5023 1.87731 305 0 
1.36005 0.0229167 0.0229167 50.3708 50.3708 47.3942 48.5523 3.16542 3.59018 257.015 47.9921 1.90439 305 0 
1.37013 0.021875 0.0229167 48.0812 50.3708 47.8619 49.0423 3.2263 3.65782 256.536 48.4708 1.93111 305 0 
1.38021 0.021875 0.0229167 48.0812 50.3708 48.3296 49.5323 3.28717 3.72559 256.058 48.9495 1.95833 305 0 
1.3903 0.0229167 0.021875 50.3708 48.0812 48.8196 50 3.2263 3.67165 255.58 49.4282 1.98555 305 0 
1.40039 0.0208333 0.021875 45.7917 48.0812 49.265 50.4677 3.28717 3.73915 255.123 49.8846 2.01151 305 0 
1.41048 0.021875 0.0229167 48.0812 50.3708 49.7327 50.9577 3.34804 3.80712 254.645 50.3632 2.03924 305 0 
1.42056 0.021875 0.0208333 48.0812 45.7917 50.2004 51.4031 3.28717 3.75303 254.189 50.8196 2.06569 305 0 
1.43064 0.021875 0.0229167 48.0812 50.3708 50.6682 51.8931 3.34804 3.82105 253.71 51.2983 2.09342 305 0 
1.44072 0.021875 0.0208333 48.0812 45.7917 51.1359 52.3385 3.28717 3.76701 253.254 51.7547 2.11986 305 0 
1.45081 0.021875 0.0229167 48.0812 50.3708 51.6036 52.8285 3.34804 3.83508 252.776 52.2333 2.14759 305 0 
1.46089 0.021875 0.021875 48.0812 48.0812 52.0713 53.2962 3.34804 3.8422 252.309 52.7008 2.17493 305 0 
1.47096 0.0208333 0.021875 45.7917 48.0812 52.5167 53.7639 3.40892 3.91009 251.852 53.1572 2.20185 305 0 
1.48106 0.0229167 0.0229167 50.3708 50.3708 53.0067 54.2539 3.40892 3.91772 251.363 53.6469 2.23101 305 0 
1.49114 0.021875 0.0229167 48.0812 50.3708 53.4744 54.7439 3.46979 3.98613 250.885 54.1255 2.25976 305 0 
1.50122 0.0135417 0.0125 29.7646 27.475 53.7639 55.0111 3.40892 3.92966 250.607 54.4037 2.27647 305 0 
1.51133 0.0229167 0.0229167 50.3708 50.3708 54.2539 55.5011 3.40892 3.93736 250.117 54.8935 2.30563 305 0 
1.52141 0.0208333 0.021875 45.7917 48.0812 54.6993 55.9688 3.46979 4.00549 249.661 55.3498 2.33304 305 0 
1.53149 0.0229167 0.0229167 50.3708 50.3708 55.1893 56.4588 3.46979 4.01337 249.172 55.8395 2.36272 305 0 
1.54157 0.0229167 0.0229167 50.3708 50.3708 55.6793 56.9488 3.46979 4.02128 248.682 56.3292 2.3924 305 0 
1.55166 0.021875 0.0208333 48.0812 45.7917 56.147 57.3942 3.40892 3.96775 248.226 56.7855 2.41981 305 0 
1.56174 0.021875 0.0229167 48.0812 50.3708 56.6147 57.8842 3.46979 4.03636 247.748 57.2641 2.44856 305 0 
1.57182 0.0229167 0.0229167 50.3708 50.3708 57.1047 58.3742 3.46979 4.04436 247.259 57.7538 2.47823 305 0 
1.5819 0.021875 0.0208333 48.0812 45.7917 57.5724 58.8196 3.40892 3.99091 246.803 58.2101 2.50565 305 0 
1.59199 0.021875 0.0229167 48.0812 50.3708 58.0401 59.3096 3.46979 4.05961 246.324 58.6887 2.53439 305 0 
1.60207 0.0229167 0.021875 50.3708 48.0812 58.5301 59.7773 3.40892 4.00659 245.846 59.1673 2.56314 305 0 
1.61215 0.021875 0.021875 48.0812 48.0812 58.9978 60.245 3.40892 4.01423 245.379 59.6348 2.59098 305 0 
1.62223 0.021875 0.0229167 48.0812 50.3708 59.4655 60.735 3.46979 4.08301 244.901 60.1134 2.61972 305 0 
1.63231 0.0229167 0.0208333 50.3708 45.7917 59.9555 61.1804 3.34804 3.96896 244.433 60.5809 2.64756 305 0 
1.6424 0.0229167 0.0229167 50.3708 50.3708 60.4454 61.6704 3.34804 3.97694 243.944 61.0706 2.67619 305 0 
1.65247 0.021875 0.021875 48.0812 48.0812 60.9131 62.1381 3.34804 3.98458 243.477 61.5381 2.70353 305 0 
1.66255 0.021875 0.021875 48.0812 48.0812 61.3808 62.6058 3.34804 3.99225 243.01 62.0056 2.73086 305 0 
1.67263 0.0229167 0.0229167 50.3708 50.3708 61.8708 63.0958 3.34804 4.00032 242.52 62.4954 2.7595 305 0 
1.68273 0.0229167 0.021875 50.3708 48.0812 62.3608 63.5635 3.28717 3.94731 242.042 62.974 2.78723 305 0 
1.69282 0.0229167 0.0229167 50.3708 50.3708 62.8508 64.0535 3.28717 3.95532 241.553 63.4638 2.81535 305 0 
1.7029 0.0208333 0.021875 45.7917 48.0812 63.2962 64.5212 3.34804 4.02374 241.097 63.9202 2.84179 305 0 
1.71298 0.0229167 0.0229167 50.3708 50.3708 63.7862 65.0111 3.34804 4.03194 240.607 64.41 2.87043 305 0 
1.72306 0.021875 0.021875 48.0812 48.0812 64.2539 65.4788 3.34804 4.0398 240.14 64.8775 2.89776 305 0 
1.73317 0.021875 0.021875 48.0812 48.0812 64.7216 65.9465 3.34804 4.04769 239.673 65.345 2.9251 305 0 
1.74326 0.021875 0.0229167 48.0812 50.3708 65.1893 66.4365 3.40892 4.11673 239.195 65.8236 2.95334 305 0 
1.75333 0.0208333 0.0208333 45.7917 45.7917 65.657 66.882 3.34804 4.06367 238.739 66.2799 2.98027 305 0 
1.76341 0.021875 0.0229167 48.0812 50.3708 66.1247 67.3719 3.40892 4.13278 238.26 66.7586 3.00851 305 0 
1.7735 0.021875 0.021875 48.0812 48.0812 66.5924 67.8396 3.40892 4.14091 237.793 67.226 3.03634 305 0 
1.78363 0.021875 0.021875 48.0812 48.0812 67.0601 68.3074 3.40892 4.14907 237.326 67.6935 3.06417 305 0 
1.79371 0.021875 0.0229167 48.0812 50.3708 67.5278 68.7973 3.46979 4.2184 236.848 68.1721 3.09292 305 0 
1.80379 0.0229167 0.021875 50.3708 48.0812 68.0178 69.265 3.40892 4.16601 236.37 68.6507 3.12167 305 0 
1.81387 0.021875 0.021875 48.0812 48.0812 68.4855 69.7327 3.40892 4.17427 235.903 69.1182 3.1495 305 0 
1.82395 0.0197917 0.0208333 43.5021 45.7917 68.9087 70.1782 3.46979 4.24291 235.469 69.5522 3.17557 305 0 
1.83407 0.0229167 0.0229167 50.3708 50.3708 69.3987 70.6682 3.46979 4.25176 234.98 70.0419 3.20525 305 0 
1.84417 0.0229167 0.0229167 50.3708 50.3708 69.8886 71.1581 3.46979 4.26064 234.491 70.5316 3.23493 305 0 
1.85427 0.0208333 0.021875 45.7917 48.0812 70.3341 71.6258 3.53066 4.32989 234.035 70.9879 3.26282 305 0 
1.86437 0.0229167 0.021875 50.3708 48.0812 70.8241 72.0935 3.46979 4.27784 233.557 71.4665 3.29208 305 0 
1.87453 0.0208333 0.021875 45.7917 48.0812 71.2695 72.5612 3.53066 4.34715 233.101 71.9228 3.31998 305 0 
1.88466 0.0229167 0.0208333 50.3708 45.7917 71.7595 73.0067 3.40892 4.23402 232.634 72.3902 3.34831 305 0 
1.89474 0.021875 0.021875 48.0812 48.0812 72.2272 73.4744 3.40892 4.24256 232.167 72.8577 3.37614 305 0 
1.90482 0.021875 0.021875 48.0812 48.0812 72.6949 73.9421 3.40892 4.25112 231.7 73.3252 3.40397 305 0 
1.91492 0.021875 0.0229167 48.0812 50.3708 73.1626 74.4321 3.46979 4.32087 231.222 73.8037 3.43272 305 0 
1.92499 0.021875 0.0229167 48.0812 50.3708 73.6303 74.9221 3.53066 4.39077 230.744 74.2823 3.46197 305 0 
1.93509 0.0229167 0.0229167 50.3708 50.3708 74.1203 75.412 3.53066 4.40012 230.255 74.772 3.49217 305 0 
1.94517 0.0208333 0.021875 45.7917 48.0812 74.5657 75.8797 3.59154 4.4698 229.799 75.2282 3.52055 305 0 
1.95525 0.0229167 0.021875 50.3708 48.0812 75.0557 76.3474 3.53066 4.4182 229.321 75.7068 3.55032 305 0 
1.96536 0.0229167 0.0229167 50.3708 50.3708 75.5457 76.8374 3.53066 4.42766 228.832 76.1964 3.58051 305 0 
1.97546 0.021875 0.0229167 48.0812 50.3708 76.0134 77.3274 3.59154 4.49788 228.354 76.675 3.61028 305 0 
1.98554 0.021875 0.0229167 48.0812 50.3708 76.4811 77.8174 3.65241 4.56827 227.876 77.1535 3.64055 305 0 
1.99562 0.0208333 0.0208333 45.7917 45.7917 76.9265 78.2628 3.65241 4.57722 227.431 77.5986 3.66895 305 0 
2.00657 0.0229167 0.021875 50.3708 48.0812 77.4165 78.7305 3.59154 4.52595 226.953 78.077 3.69922 305 0 
2.01665 0.021875 0.021875 48.0812 48.0812 77.8842 79.1982 3.59154 4.53529 226.486 78.5444 3.72854 305 0 
2.02675 0.0229167 0.0229167 50.3708 50.3708 78.3742 79.6882 3.59154 4.54513 225.997 79.0341 3.75926 305 0 
2.03682 0.021875 0.0229167 48.0812 50.3708 78.8419 80.1782 3.65241 4.61572 225.519 79.5126 3.78953 305 0 
2.04694 0.0229167 0.0229167 50.3708 50.3708 79.3318 80.6682 3.65241 4.62577 225.03 80.0022 3.82077 305 0 
2.05702 0.0229167 0.0229167 50.3708 50.3708 79.8218 81.1581 3.65241 4.63587 224.541 80.4918 3.85201 305 0 
2.06712 0.0239583 0.0229167 52.6604 50.3708 80.3341 81.6481 3.59154 4.5853 224.041 80.9925 3.88369 305 0 
2.07719 0.0239583 0.0229167 52.6604 50.3708 80.8463 82.1381 3.53066 4.53464 223.541 81.4933 3.91484 305 0 
2.08729 0.025 0.0239583 54.95 52.6604 81.3808 82.6503 3.46979 4.48434 223.019 82.0164 3.94682 305 0 
2.09737 0.025 0.0239583 54.95 52.6604 81.9154 83.1626 3.40892 4.43394 222.496 82.5395 3.97824 305 0 
2.10746 0.025 0.025 54.95 54.95 82.4499 83.6971 3.40892 4.44462 221.962 83.0737 4.01005 305 0 
2.11756 0.025 0.025 54.95 54.95 82.9844 84.2316 3.40892 4.45536 221.429 83.608 4.04186 305 0 
2.12765 0.0260417 0.0239583 57.2396 52.6604 83.5412 84.7439 3.28717 4.34424 220.895 84.1423 4.0731 305 0 
2.13773 0.025 0.0239583 54.95 52.6604 84.0757 85.2561 3.2263 4.29362 220.373 84.6655 4.10285 305 0 
2.14788 0.025 0.025 54.95 54.95 84.6102 85.7906 3.2263 4.30406 219.839 85.1998 4.13296 305 0 
2.15796 0.025 0.025 54.95 54.95 85.1448 86.3252 3.2263 4.31456 219.305 85.7342 4.16306 305 0 
2.16804 0.0239583 0.0239583 52.6604 52.6604 85.657 86.8374 3.2263 4.32466 218.794 86.2463 4.19192 305 0 
2.17812 0.025 0.0239583 54.95 52.6604 86.1915 87.3497 3.16542 4.27409 218.271 86.7695 4.22112 305 0 
2.1882 0.025 0.025 54.95 54.95 86.7261 87.8842 3.16542 4.28458 217.738 87.3039 4.25065 305 0 
2.19829 0.0229167 0.0229167 50.3708 50.3708 87.216 88.3742 3.16542 4.29425 217.248 87.7937 4.27773 305 0 
2.20838 0.025 0.025 54.95 54.95 87.7506 88.9087 3.16542 4.30485 216.715 88.3281 4.30727 305 0 
2.21846 0.0239583 0.0229167 52.6604 50.3708 88.2628 89.3987 3.10455 4.25388 216.214 88.8291 4.3347 305 0 
2.22854 0.0239583 0.025 52.6604 54.95 88.7751 89.9332 3.16542 4.32516 215.692 89.3524 4.36334 305 0 
2.23862 0.0239583 0.0239583 52.6604 52.6604 89.2873 90.4454 3.16542 4.33546 215.18 89.8645 4.39165 305 0 
2.24869 0.0239583 0.0239583 52.6604 52.6604 89.7996 90.9577 3.16542 4.3458 214.669 90.3766 4.41996 305 0 
2.25878 0.0239583 0.025 52.6604 54.95 90.3118 91.4922 3.2263 4.41738 214.146 90.8999 4.44916 305 0 
2.26886 0.0239583 0.025 52.6604 54.95 90.8241 92.0267 3.28717 4.48915 213.624 91.4231 4.47891 305 0 
2.27894 0.025 0.0239583 54.95 52.6604 91.3586 92.539 3.2263 4.43923 213.101 91.9463 4.50867 305 0 
2.28903 0.0229167 0.0239583 50.3708 52.6604 91.8485 93.0512 3.28717 4.51064 212.601 92.4472 4.53716 305 0 
2.29913 0.025 0.025 54.95 54.95 92.3831 93.5857 3.28717 4.52201 212.068 92.9815 4.56783 305 0 
2.30921 0.0229167 0.0229167 50.3708 50.3708 92.8731 94.0757 3.28717 4.53249 211.579 93.4713 4.59595 305 0 
2.3193 0.0239583 0.0239583 52.6604 52.6604 93.3853 94.588 3.28717 4.54349 211.067 93.9834 4.62534 305 0 
2.32942 0.0239583 0.0239583 52.6604 52.6604 93.8976 95.1002 3.28717 4.55455 210.556 94.4954 4.65474 305 0 
2.33952 0.0229167 0.0239583 50.3708 52.6604 94.3875 95.6125 3.34804 4.62636 210.056 94.9964 4.68376 305 0 
2.34961 0.0239583 0.0239583 52.6604 52.6604 94.8998 96.1247 3.34804 4.63767 209.545 95.5084 4.7137 305 0 
2.35969 0.0239583 0.0239583 52.6604 52.6604 95.412 96.637 3.34804 4.64904 209.033 96.0204 4.74364 305 0 
2.36977 0.0229167 0.0239583 50.3708 52.6604 95.902 97.1492 3.40892 4.72116 208.533 96.5213 4.77319 305 0 
2.37985 0.0239583 0.025 52.6604 54.95 96.4143 97.6837 3.46979 4.79399 208.011 97.0444 4.80461 305 0 
2.38994 0.0239583 0.0239583 52.6604 52.6604 96.9265 98.196 3.46979 4.80583 207.5 97.5564 4.83564 305 0 
2.40002 0.0239583 0.0239583 52.6604 52.6604 97.4388 98.7082 3.46979 4.81772 206.989 98.0683 4.86667 305 0 
2.41009 0.0239583 0.0239583 52.6604 52.6604 97.951 99.2205 3.46979 4.82967 206.478 98.5803 4.89769 305 0 
2.42017 0.0239583 0.0239583 52.6604 52.6604 98.4632 99.7327 3.46979 4.84169 205.967 99.0922 4.92872 305 0 
2.43025 0.0239583 0.0239583 52.6604 52.6604 98.9755 100.245 3.46979 4.85376 205.456 99.6042 4.95975 305 0 
2.44033 0.0239583 0.0239583 52.6604 52.6604 99.4877 100.757 3.46979 4.86589 204.945 100.116 4.99077 305 0 
2.45042 0.0239583 0.0229167 52.6604 50.3708 100 101.247 3.40892 4.81687 204.445 100.617 5.02086 305 0 
2.4605 0.0239583 0.025 52.6604 54.95 100.512 101.782 3.46979 4.89019 203.922 101.14 5.05228 305 0 
2.47059 0.0239583 0.0229167 52.6604 50.3708 101.024 102.272 3.40892 4.84129 203.423 101.641 5.08237 305 0 
2.48068 0.0239583 0.0239583 52.6604 52.6604 101.537 102.784 3.40892 4.85351 202.911 102.153 5.11285 305 0 
2.49076 0.0239583 0.0239583 52.6604 52.6604 102.049 103.296 3.40892 4.86579 202.4 102.665 5.14333 305 0 
2.50084 0.0166667 0.0145833 36.6333 32.0542 102.405 103.608 3.28717 4.75199 202.067 102.999 5.16286 305 0 
2.51094 0.0239583 0.0239583 52.6604 52.6604 102.918 104.12 3.28717 4.76407 201.556 103.511 5.19225 305 0 
2.52104 0.0239583 0.0229167 52.6604 50.3708 103.43 104.61 3.2263 4.715 201.056 104.012 5.22074 305 0 
2.53112 0.0239583 0.0229167 52.6604 50.3708 103.942 105.1 3.16542 4.66583 200.556 104.513 5.2487 305 0 
2.54121 0.0239583 0.025 52.6604 54.95 104.454 105.635 3.2263 4.73899 200.034 105.036 5.2779 305 0 
2.55129 0.0239583 0.0229167 52.6604 50.3708 104.967 106.125 3.16542 4.68995 199.534 105.537 5.30586 305 0 
2.56137 0.0239583 0.0229167 52.6604 50.3708 105.479 106.615 3.10455 4.64081 199.033 106.038 5.33328 305 0 
2.57145 0.025 0.025 54.95 54.95 106.013 107.149 3.10455 4.6533 198.5 106.572 5.36226 305 0 
2.58154 0.025 0.0239583 54.95 52.6604 106.548 107.661 3.04368 4.60465 197.978 107.096 5.39034 305 0 
2.59161 0.025 0.0239583 54.95 52.6604 107.082 108.174 2.9828 4.55591 197.455 107.619 5.41788 305 0 
2.6017 0.025 0.025 54.95 54.95 107.617 108.708 2.9828 4.56828 196.922 108.154 5.44571 305 0 
2.61178 0.025 0.025 54.95 54.95 108.151 109.243 2.9828 4.58071 196.388 108.688 5.47355 305 0 
2.62186 0.025 0.0229167 54.95 50.3708 108.686 109.733 2.86106 4.47079 195.877 109.2 5.49968 305 0 
2.63194 0.025 0.025 54.95 54.95 109.22 110.267 2.86106 4.48303 195.343 109.735 5.52638 305 0 
2.64203 0.025 0.025 54.95 54.95 109.755 110.802 2.86106 4.49533 194.81 110.269 5.55308 305 0 
2.65211 0.025 0.025 54.95 54.95 110.29 111.336 2.86106 4.5077 194.276 110.804 5.57978 305 0 
2.6622 0.025 0.025 54.95 54.95 110.824 111.871 2.86106 4.52014 193.743 111.338 5.60648 305 0 
2.67229 0.025 0.025 54.95 54.95 111.359 112.405 2.86106 4.53265 193.209 111.873 5.63318 305 0 
2.68238 0.0239583 0.025 52.6604 54.95 111.871 112.94 2.92193 4.60592 192.687 112.396 5.65961 305 0 
2.69247 0.025 0.0229167 54.95 50.3708 112.405 113.43 2.80018 4.49629 192.176 112.909 5.68519 305 0 
2.70256 0.0239583 0.0239583 52.6604 52.6604 112.918 113.942 2.80018 4.50831 191.664 113.421 5.71024 305 0 
2.71264 0.0239583 0.0239583 52.6604 52.6604 113.43 114.454 2.80018 4.52039 191.153 113.933 5.73528 305 0 
2.72272 0.0239583 0.0229167 52.6604 50.3708 113.942 114.944 2.73931 4.47132 190.653 114.434 5.75952 305 0 
2.73281 0.0239583 0.0239583 52.6604 52.6604 114.454 115.457 2.73931 4.48337 190.141 114.947 5.78402 305 0 
2.7429 0.0239583 0.0239583 52.6604 52.6604 114.967 115.969 2.73931 4.49549 189.63 115.459 5.80852 305 0 
2.75298 0.0239583 0.0229167 52.6604 50.3708 115.479 116.459 2.67843 4.44645 189.13 115.96 5.83222 305 0 
2.76306 0.0239583 0.0229167 52.6604 50.3708 115.991 116.949 2.61756 4.39731 188.63 116.461 5.85539 305 0 
2.77314 0.0229167 0.0229167 50.3708 50.3708 116.481 117.439 2.61756 4.40876 188.14 116.951 5.87778 305 0 
2.78321 0.0239583 0.0229167 52.6604 50.3708 116.993 117.929 2.55669 4.35959 187.64 117.453 5.90042 305 0 
2.79329 0.0239583 0.0229167 52.6604 50.3708 117.506 118.419 2.49581 4.31031 187.14 117.954 5.92252 305 0 
2.80338 0.0229167 0.0229167 50.3708 50.3708 117.996 118.909 2.49581 4.32163 186.651 118.444 5.94387 305 0 
2.81348 0.0229167 0.0229167 50.3708 50.3708 118.486 119.399 2.49581 4.33301 186.161 118.934 5.96523 305 0 
2.82357 0.0229167 0.0229167 50.3708 50.3708 118.976 119.889 2.49581 4.34444 185.672 119.424 5.98658 305 0 
2.83365 0.0239583 0.0229167 52.6604 50.3708 119.488 120.379 2.43494 4.29525 185.172 119.926 6.00815 305 0 
2.84373 0.0229167 0.021875 50.3708 48.0812 119.978 120.846 2.37407 4.24544 184.694 120.405 6.02826 305 0 
2.85383 0.0239583 0.021875 52.6604 48.0812 120.49 121.314 2.25232 4.13482 184.204 120.895 6.04805 305 0 
2.86394 0.0229167 0.0229167 50.3708 50.3708 120.98 121.804 2.25232 4.14586 183.715 121.385 6.06732 305 0 
2.87401 0.0239583 0.021875 52.6604 48.0812 121.492 122.272 2.13057 4.03504 183.226 121.875 6.08607 305 0 
2.8841 0.0239583 0.021875 52.6604 48.0812 122.004 122.739 2.00883 3.92395 182.736 122.366 6.10378 305 0 
2.89419 0.0239583 0.0229167 52.6604 50.3708 122.517 123.229 1.94795 3.87379 182.236 122.867 6.12109 305 0 
2.90432 0.0239583 0.0208333 52.6604 45.7917 123.029 123.675 1.76533 3.70114 181.757 123.346 6.13662 305 0 
2.9144 0.0229167 0.0229167 50.3708 50.3708 123.519 124.165 1.76533 3.71115 181.268 123.837 6.15172 305 0 
2.92448 0.0239583 0.021875 52.6604 48.0812 124.053 124.633 1.58271 3.53857 180.767 124.338 6.16637 305 0 
2.93456 0.0229167 0.021875 50.3708 48.0812 124.543 125.1 1.52184 3.48702 180.288 124.817 6.17935 305 0 
2.94464 0.021875 0.021875 48.0812 48.0812 125.011 125.568 1.52184 3.4961 179.821 125.286 6.19179 305 0 
2.95475 0.0239583 0.021875 52.6604 48.0812 125.523 126.036 1.40009 3.38374 179.331 125.776 6.20429 305 0 
2.96482 0.0239583 0.021875 52.6604 48.0812 126.036 126.503 1.27834 3.27111 178.842 126.266 6.21575 305 0 
2.9749 0.0239583 0.0229167 52.6604 50.3708 126.548 126.993 1.21747 3.21934 178.341 126.768 6.22667 305 0 
2.98499 0.0229167 0.0208333 50.3708 45.7917 127.038 127.439 1.09572 3.10591 177.873 127.236 6.23612 305 0 
2.99508 0.0208333 0.0208333 45.7917 45.7917 127.483 127.884 1.09572 3.11371 177.428 127.682 6.24464 305 0 
3.00677 0.021875 0.0229167 48.0812 50.3708 127.951 128.374 1.1566 3.1831 176.949 128.162 6.25406 305 0 
3.01685 0.0229167 0.0208333 50.3708 45.7917 128.441 128.82 1.03485 3.06963 176.481 128.63 6.26301 305 0 
3.02694 0.0229167 0.0229167 50.3708 50.3708 128.931 129.31 1.03485 3.07819 175.991 129.12 6.27187 305 0 
3.03702 0.0229167 0.0229167 50.3708 50.3708 129.421 129.8 1.03485 3.08679 175.502 129.611 6.28072 305 0 
3.04711 0.0229167 0.0208333 50.3708 45.7917 129.911 130.245 0.913103 2.97313 175.034 130.079 6.28868 305 0 
3.0572 0.0229167 0.0229167 50.3708 50.3708 130.401 130.735 0.913103 2.98149 174.544 130.57 6.29649 305 0 
3.06728 0.0229167 0.021875 50.3708 48.0812 130.891 131.203 0.852229 2.92874 174.065 131.049 6.30387 305 0 
3.07738 0.0229167 0.021875 50.3708 48.0812 131.381 131.67 0.791356 2.87587 173.586 131.528 6.31075 305 0 
3.08746 0.0229167 0.0229167 50.3708 50.3708 131.871 132.16 0.791356 2.88401 173.096 132.019 6.31752 305 0 
3.09753 0.0229167 0.0208333 50.3708 45.7917 132.361 132.606 0.669609 2.76992 172.629 132.487 6.32349 305 0 
3.10763 0.021875 0.0208333 48.0812 45.7917 132.829 133.051 0.608735 2.71632 172.172 132.944 6.32859 305 0 
3.11771 0.021875 0.021875 48.0812 48.0812 133.296 133.519 0.608735 2.72372 171.704 133.413 6.33356 305 0 
3.12779 0.021875 0.021875 48.0812 48.0812 133.764 133.987 0.608735 2.73117 171.236 133.881 6.33853 305 0 
3.13789 0.021875 0.0208333 48.0812 45.7917 134.232 134.432 0.547862 2.67752 170.78 134.338 6.34314 305 0 
3.14799 0.0208333 0.0208333 45.7917 45.7917 134.677 134.878 0.547862 2.68453 170.334 134.784 6.3474 305 0 
3.15807 0.0229167 0.0208333 50.3708 45.7917 135.167 135.323 0.426115 2.57002 169.867 135.252 6.35138 305 0 
3.16816 0.021875 0.0208333 48.0812 45.7917 135.635 135.768 0.365241 2.51599 169.41 135.709 6.35454 305 0 
3.17825 0.021875 0.0208333 48.0812 45.7917 136.102 136.214 0.304368 2.46184 168.953 136.167 6.35721 305 0 
3.18833 0.0229167 0.021875 50.3708 48.0812 136.592 136.682 0.243494 2.40789 168.474 136.646 6.3595 305 0 
3.19842 0.0229167 0.021875 50.3708 48.0812 137.082 137.149 0.182621 2.3538 167.995 137.125 6.36128 305 0 
3.20851 0.0229167 0.021875 50.3708 48.0812 137.572 137.617 0.121747 2.29957 167.516 137.605 6.36255 305 0 
3.21863 0.0229167 0.021875 50.3708 48.0812 138.062 138.085 0.0608735 2.24521 167.037 138.084 6.36332 305 0 
3.22871 0.0229167 0.0208333 50.3708 45.7917 138.552 138.53 -0.0608735 2.1296 166.569 138.553 6.36332 305 0 
3.23879 0.0229167 0.021875 50.3708 48.0812 139.042 138.998 -0.121747 2.07479 166.09 139.032 6.36255 305 0 
3.24887 0.0229167 0.0208333 50.3708 45.7917 139.532 139.443 -0.243494 1.95873 165.622 139.5 6.36106 305 0 
3.25897 0.021875 0.021875 48.0812 48.0812 140 139.911 -0.243494 1.96428 165.154 139.969 6.35907 305 0 
3.26905 0.021875 0.0197917 48.0812 43.5021 140.468 140.334 -0.365241 1.84769 164.708 140.415 6.35671 305 0 
3.27913 0.021875 0.0208333 48.0812 45.7917 140.935 140.78 -0.426115 1.79187 164.251 140.872 6.35355 305 0 
3.28921 0.021875 0.0197917 48.0812 43.5021 141.403 141.203 -0.547862 1.67484 163.805 141.318 6.34976 305 0 
3.29929 0.0208333 0.0197917 45.7917 43.5021 141.849 141.626 -0.608735 1.61834 163.371 141.753 6.34537 305 0 
3.30937 0.021875 0.0197917 48.0812 43.5021 142.339 142.049 -0.791356 1.44001 162.914 142.21 6.33979 305 0 
3.31945 0.0208333 0.0208333 45.7917 45.7917 142.784 142.494 -0.791356 1.44396 162.468 142.656 6.33363 305 0 
3.32953 0.0229167 0.0197917 50.3708 43.5021 143.274 142.918 -0.973976 1.26515 162.011 143.113 6.3266 305 0 
3.33961 0.021875 0.0208333 48.0812 45.7917 143.742 143.363 -1.03485 1.20777 161.554 143.57 6.31859 305 0 
3.34969 0.0229167 0.021875 50.3708 48.0812 144.232 143.831 -1.09572 1.15041 161.074 144.049 6.30968 305 0 
3.35977 0.0239583 0.0208333 52.6604 45.7917 144.744 144.276 -1.27834 0.970947 160.595 144.529 6.29975 305 0 
3.36984 0.0229167 0.0229167 50.3708 50.3708 145.234 144.766 -1.27834 0.973922 160.104 145.019 6.28881 305 0 
3.37993 0.0229167 0.0208333 50.3708 45.7917 145.724 145.212 -1.40009 0.854853 159.636 145.487 6.27787 305 0 
3.39001 0.021875 0.0208333 48.0812 45.7917 146.192 145.657 -1.46096 0.796347 159.179 145.944 6.26646 305 0 
3.40009 0.0229167 0.0208333 50.3708 45.7917 146.682 146.102 -1.58271 0.67677 158.711 146.412 6.25403 305 0 
3.41017 0.021875 0.021875 48.0812 48.0812 147.149 146.57 -1.58271 0.678773 158.243 146.881 6.24111 305 0 
3.42024 0.0229167 0.0208333 50.3708 45.7917 147.639 147.016 -1.70446 0.55886 157.774 147.349 6.22768 305 0 
3.43032 0.0229167 0.0208333 50.3708 45.7917 148.129 147.461 -1.82621 0.438595 157.306 147.817 6.21326 305 0 
3.4404 0.021875 0.0208333 48.0812 45.7917 148.597 147.906 -1.88708 0.378911 156.849 148.274 6.19846 305 0 
3.45048 0.021875 0.021875 48.0812 48.0812 149.065 148.374 -1.88708 0.380046 156.381 148.742 6.18304 305 0 
3.46056 0.0208333 0.0197917 45.7917 43.5021 149.51 148.797 -1.94795 0.320148 155.946 149.176 6.1685 305 0 
3.47065 0.0229167 0.021875 50.3708 48.0812 150 149.265 -2.00883 0.260167 155.466 149.655 6.15196 305 0 
3.48074 0.0208333 0.0208333 45.7917 45.7917 150.445 149.71 -2.00883 0.260916 155.02 150.101 6.13633 305 0 
3.49083 0.021875 0.0208333 48.0812 45.7917 150.913 150.156 -2.0697 0.200724 154.563 150.558 6.12007 305 0 
3.50091 0.0145833 0.0125 32.0542 27.475 151.225 150.423 -2.19145 0.0792399 154.273 150.848 6.1093 305 0 
3.511 0.0208333 0.021875 45.7917 48.0812 151.67 150.891 -2.13057 0.140439 153.816 151.305 6.09207 305 0 
3.52108 0.0229167 0.0208333 50.3708 45.7917 152.16 151.336 -2.25232 0.0189353 153.348 151.773 6.07417 305 0 
3.53116 0.0208333 0.021875 45.7917 48.0812 152.606 151.804 -2.19145 0.0799564 152.891 152.229 6.05646 305 0 
3.54123 0.021875 0.021875 48.0812 48.0812 153.074 152.272 -2.19145 0.0802021 152.422 152.697 6.03856 305 0 
3.55132 0.021875 0.0208333 48.0812 45.7917 153.541 152.717 -2.25232 0.0194783 151.965 153.154 6.02085 305 0 
3.56139 0.0208333 0.0208333 45.7917 45.7917 153.987 153.163 -2.25232 0.0195356 151.519 153.6 6.00333 305 0 
3.57147 0.021875 0.021875 48.0812 48.0812 154.454 153.63 -2.25232 0.0195962 151.051 154.068 5.98493 305 0 
3.58155 0.0229167 0.021875 50.3708 48.0812 154.944 154.098 -2.31319 -0.0413119 150.572 154.547 5.96585 305 0 
3.59224 0.021875 0.021875 48.0812 48.0812 155.412 154.566 -2.31319 -0.0414407 150.103 155.015 5.94695 305 0 
3.60232 0.0208333 0.021875 45.7917 48.0812 155.857 155.033 -2.25232 0.0193992 149.646 155.471 5.92875 305 0 
3.6124 0.0208333 0.0208333 45.7917 45.7917 156.303 155.479 -2.25232 0.0194572 149.2 155.917 5.91123 305 0 
3.62248 0.0208333 0.0208333 45.7917 45.7917 156.748 155.924 -2.25232 0.0195155 148.754 156.363 5.89372 305 0 
3.63256 0.021875 0.021875 48.0812 48.0812 157.216 156.392 -2.25232 0.0195771 148.286 156.831 5.87532 305 0 
3.64264 0.0208333 0.021875 45.7917 48.0812 157.661 156.86 -2.19145 0.0806053 147.829 157.288 5.85761 305 0 
3.65271 0.021875 0.0208333 48.0812 45.7917 158.129 157.305 -2.25232 0.0198874 147.371 157.744 5.83989 305 0 
3.66279 0.0208333 0.0208333 45.7917 45.7917 158.575 157.751 -2.25232 0.0199478 146.925 158.19 5.82237 305 0 
3.67287 0.021875 0.0229167 48.0812 50.3708 159.042 158.241 -2.19145 0.0809863 146.446 158.669 5.80379 305 0 
3.68296 0.021875 0.021875 48.0812 48.0812 159.51 158.708 -2.19145 0.0812461 145.978 159.137 5.7859 305 0 
3.69304 0.0229167 0.021875 50.3708 48.0812 160 159.176 -2.25232 0.02054 145.498 159.616 5.76732 305 0 
3.70312 0.0208333 0.0208333 45.7917 45.7917 160.445 159.621 -2.25232 0.0206031 145.052 160.062 5.7498 305 0 
3.7132 0.0208333 0.021875 45.7917 48.0812 160.891 160.089 -2.19145 0.081638 144.595 160.519 5.73208 305 0 
3.72328 0.021875 0.0208333 48.0812 45.7917 161.359 160.535 -2.25232 0.0209269 144.138 160.975 5.71437 305 0 
3.73336 0.0208333 0.021875 45.7917 48.0812 161.804 161.002 -2.19145 0.0819638 143.681 161.432 5.69665 305 0 
3.74343 0.021875 0.0208333 48.0812 45.7917 162.272 161.448 -2.25232 0.0212548 143.224 161.889 5.67894 305 0 
3.75351 0.0208333 0.0197917 45.7917 43.5021 162.717 161.871 -2.31319 -0.0396467 142.789 162.323 5.66163 305 0 
3.76359 0.0208333 0.0208333 45.7917 45.7917 163.163 162.316 -2.31319 -0.0397709 142.343 162.769 5.64364 305 0 
3.77367 0.0208333 0.0197917 45.7917 43.5021 163.608 162.739 -2.37407 -0.10086 141.908 163.204 5.62586 305 0 
3.78375 0.0208333 0.0208333 45.7917 45.7917 164.053 163.185 -2.37407 -0.101178 141.462 163.649 5.6074 305 0 
3.79383 0.0208333 0.0208333 45.7917 45.7917 164.499 163.63 -2.37407 -0.101498 141.016 164.095 5.58893 305 0 
3.80391 0.0208333 0.0208333 45.7917 45.7917 164.944 164.076 -2.37407 -0.10182 140.57 164.54 5.57047 305 0 
3.81399 0.0229167 0.021875 50.3708 48.0812 165.434 164.543 -2.43494 -0.163146 140.09 165.019 5.55036 305 0 
3.82407 0.0229167 0.021875 50.3708 48.0812 165.924 165.011 -2.49581 -0.224684 139.611 165.499 5.52975 305 0 
3.83415 0.0229167 0.0208333 50.3708 45.7917 166.414 165.457 -2.61756 -0.347392 139.143 165.966 5.50887 305 0 
3.84423 0.0208333 0.0208333 45.7917 45.7917 166.86 165.902 -2.61756 -0.348509 138.697 166.412 5.48851 305 0 
3.85431 0.0208333 0.0208333 45.7917 45.7917 167.305 166.347 -2.61756 -0.349634 138.251 166.857 5.46815 305 0 
3.86439 0.0208333 0.0208333 45.7917 45.7917 167.751 166.793 -2.61756 -0.350765 137.805 167.303 5.44779 305 0 
3.87446 0.021875 0.0197917 48.0812 43.5021 168.218 167.216 -2.73931 -0.473849 137.359 167.748 5.42696 305 0 
3.88455 0.021875 0.0197917 48.0812 43.5021 168.686 167.639 -2.86106 -0.597338 136.913 168.194 5.40519 305 0 
3.89463 0.0208333 0.0208333 45.7917 45.7917 169.131 168.085 -2.86106 -0.59929 136.467 168.639 5.38294 305 0 
3.9047 0.021875 0.0208333 48.0812 45.7917 169.599 168.53 -2.92193 -0.66228 136.01 169.096 5.35989 305 0 
3.91478 0.0208333 0.0208333 45.7917 45.7917 170.045 168.975 -2.92193 -0.664459 135.564 169.541 5.33716 305 0 
3.92486 0.021875 0.0208333 48.0812 45.7917 170.512 169.421 -2.9828 -0.727683 135.107 169.998 5.31363 305 0 
3.93494 0.0208333 0.0208333 45.7917 45.7917 170.958 169.866 -2.9828 -0.730094 134.661 170.443 5.29043 305 0 
3.94502 0.0229167 0.0208333 50.3708 45.7917 171.448 170.312 -3.10455 -0.854601 134.192 170.911 5.26558 305 0 
3.9551 0.0208333 0.0208333 45.7917 45.7917 171.893 170.757 -3.10455 -0.85745 133.746 171.356 5.24144 305 0 
3.96517 0.01875 0.0208333 41.2125 45.7917 172.294 171.203 -2.9828 -0.738235 133.323 171.779 5.21895 305 0 
3.97526 0.0208333 0.021875 45.7917 48.0812 172.739 171.67 -2.92193 -0.679797 132.866 172.236 5.19542 305 0 
3.98534 0.021875 0.0208333 48.0812 45.7917 173.207 172.116 -2.9828 -0.743122 132.409 172.692 5.17188 305 0 
3.99542 0.0197917 0.01875 43.5021 41.2125 173.63 172.517 -3.04368 -0.806413 131.996 173.104 5.15021 305 0 
4.00551 0.01875 0.01875 41.2125 41.2125 174.031 172.918 -3.04368 -0.808873 131.595 173.505 5.12891 305 0 
4.0156 0.0208333 0.0208333 45.7917 45.7917 174.477 173.363 -3.04368 -0.811624 131.149 173.951 5.10524 305 0 
4.02567 0.0208333 0.0208333 45.7917 45.7917 174.922 173.808 -3.04368 -0.814393 130.703 174.396 5.08157 305 0 
4.03576 0.0208333 0.0197917 45.7917 43.5021 175.367 174.232 -3.10455 -0.878087 130.268 174.83 5.05826 305 0 
4.04584 0.0208333 0.0208333 45.7917 45.7917 175.813 174.677 -3.10455 -0.881103 129.822 175.276 5.03412 305 0 
4.05591 0.0208333 0.0197917 45.7917 43.5021 176.258 175.1 -3.16542 -0.94504 129.387 175.71 5.01035 305 0 
4.06599 0.0197917 0.0208333 43.5021 45.7917 176.682 175.546 -3.10455 -0.887251 128.952 176.144 4.98658 305 0 
4.07607 0.0197917 0.0208333 43.5021 45.7917 177.105 175.991 -3.04368 -0.829276 128.518 176.578 4.96327 305 0 
4.08616 0.0208333 0.0208333 45.7917 45.7917 177.55 176.437 -3.04368 -0.832164 128.072 177.024 4.9396 305 0 
4.09624 0.0208333 0.0208333 45.7917 45.7917 177.996 176.882 -3.04368 -0.835072 127.626 177.469 4.91593 305 0 
4.10632 0.0208333 0.0208333 45.7917 45.7917 178.441 177.327 -3.04368 -0.838 127.18 177.914 4.89226 305 0 
4.1164 0.01875 0.0208333 41.2125 45.7917 178.842 177.773 -2.92193 -0.718851 126.756 178.337 4.87023 305 0 
4.12648 0.01875 0.01875 41.2125 41.2125 179.243 178.174 -2.92193 -0.721134 126.355 178.738 4.84977 305 0 
4.13656 0.0197917 0.0197917 43.5021 43.5021 179.666 178.597 -2.92193 -0.723561 125.931 179.161 4.82819 305 0 
4.14664 0.0197917 0.0197917 43.5021 43.5021 180.089 179.02 -2.92193 -0.726003 125.507 179.585 4.8066 305 0 
4.15672 0.0208333 0.0208333 45.7917 45.7917 180.535 179.465 -2.92193 -0.728592 125.061 180.03 4.78388 305 0 
4.16679 0.01875 0.0229167 41.2125 50.3708 180.935 179.955 -2.67843 -0.48727 124.615 180.476 4.7621 305 0 
4.17687 0.021875 0.0208333 48.0812 45.7917 181.403 180.401 -2.80018 -0.611085 124.147 180.943 4.73973 305 0 
4.18696 0.0208333 0.0208333 45.7917 45.7917 181.871 180.846 -2.80018 -0.613288 123.701 181.389 4.71795 305 0 
4.19703 0.0208333 0.021875 45.7917 48.0812 182.316 181.314 -2.73931 -0.554576 123.244 181.845 4.69587 305 0 
4.20711 0.0208333 0.021875 45.7917 48.0812 182.762 181.782 -2.67843 -0.495654 122.787 182.302 4.67428 305 0 
4.21719 0.021875 0.0208333 48.0812 45.7917 183.229 182.227 -2.73931 -0.558494 122.33 182.759 4.65268 305 0 
4.22728 0.0208333 0.0208333 45.7917 45.7917 183.675 182.673 -2.73931 -0.560537 121.884 183.204 4.63138 305 0 
4.23735 0.0208333 0.01875 45.7917 41.2125 184.12 183.074 -2.86106 -0.684452 121.46 183.627 4.61069 305 0 
4.24743 0.0197917 0.0208333 43.5021 45.7917 184.543 183.519 -2.80018 -0.625928 121.025 184.062 4.58923 305 0 
4.25751 0.0197917 0.01875 43.5021 41.2125 184.967 183.92 -2.86106 -0.689047 120.613 184.474 4.56887 305 0 
4.26759 0.0197917 0.01875 43.5021 41.2125 185.39 184.321 -2.92193 -0.75239 120.2 184.886 4.54806 305 0 
4.27767 0.0197917 0.01875 43.5021 41.2125 185.813 184.722 -2.9828 -0.815959 119.788 185.298 4.52683 305 0 
4.28776 0.0197917 0.0197917 43.5021 43.5021 186.236 185.145 -2.9828 -0.818856 119.364 185.721 4.50479 305 0 
4.29784 0.0208333 0.0197917 45.7917 43.5021 186.682 185.568 -3.04368 -0.882834 118.929 186.155 4.48194 305 0 
4.30792 0.0208333 0.0208333 45.7917 45.7917 187.127 186.013 -3.04368 -0.886157 118.483 186.6 4.45827 305 0 
4.31802 0.0229167 0.0208333 50.3708 45.7917 187.617 186.459 -3.16542 -1.01166 118.015 187.068 4.43292 305 0 
4.32811 0.0208333 0.021875 45.7917 48.0812 188.062 186.926 -3.10455 -0.954604 117.558 187.525 4.40794 305 0 
4.33818 0.0208333 0.0208333 45.7917 45.7917 188.53 187.372 -3.16542 -1.01932 117.101 187.981 4.38295 305 0 
4.34827 0.021875 0.0208333 48.0812 45.7917 188.998 187.817 -3.2263 -1.08431 116.644 188.437 4.35748 305 0 
4.35835 0.0208333 0.0197917 45.7917 43.5021 189.443 188.241 -3.28717 -1.14936 116.209 188.872 4.33278 305 0 
4.36844 0.0208333 0.0208333 45.7917 45.7917 189.889 188.686 -3.28717 -1.15378 115.763 189.317 4.30722 305 0 
4.37852 0.021875 0.01875 48.0812 41.2125 190.356 189.087 -3.46979 -1.3411 115.329 189.751 4.28161 305 0 
4.3886 0.0208333 0.0208333 45.7917 45.7917 190.802 189.532 -3.46979 -1.3463 114.883 190.196 4.25463 305 0 
4.39868 0.0197917 0.0197917 43.5021 43.5021 191.225 189.955 -3.46979 -1.35129 114.459 190.619 4.229 305 0 
4.40876 0.0208333 0.0197917 45.7917 43.5021 191.67 190.379 -3.53066 -1.41743 114.024 191.053 4.20246 305 0 
4.41884 0.0208333 0.0208333 45.7917 45.7917 192.116 190.824 -3.53066 -1.42299 113.578 191.498 4.17501 305 0 
4.42892 0.0208333 0.01875 45.7917 41.2125 192.561 191.225 -3.65241 -1.5503 113.155 191.921 4.14848 305 0 
4.439 0.0208333 0.0208333 45.7917 45.7917 193.007 191.67 -3.65241 -1.55643 112.709 192.366 4.12009 305 0 
4.44908 0.0197917 0.0208333 43.5021 45.7917 193.43 192.116 -3.59154 -1.50147 112.274 192.8 4.09263 305 0 
4.45916 0.0197917 0.0208333 43.5021 45.7917 193.875 192.561 -3.59154 -1.50746 111.829 193.245 4.06471 305 0 
4.46927 0.0197917 0.0208333 43.5021 45.7917 194.298 193.007 -3.53066 -1.45235 111.394 193.679 4.03771 305 0 
4.47935 0.0208333 0.0208333 45.7917 45.7917 194.744 193.452 -3.53066 -1.45818 110.948 194.125 4.01026 305 0 
4.48943 0.0208333 0.0208333 45.7917 45.7917 195.189 193.898 -3.53066 -1.46407 110.502 194.57 3.98281 305 0 
4.49951 0.0145833 0.0145833 32.0542 32.0542 195.501 194.209 -3.53066 -1.46822 110.19 194.881 3.96359 305 0 
4.5096 0.0208333 0.0208333 45.7917 45.7917 195.947 194.655 -3.53066 -1.47418 109.744 195.326 3.93614 305 0 
4.51968 0.0197917 0.0197917 43.5021 43.5021 196.37 195.078 -3.53066 -1.4799 109.321 195.749 3.91006 305 0 
4.52976 0.0197917 0.0197917 43.5021 43.5021 196.793 195.501 -3.53066 -1.48565 108.897 196.172 3.88398 305 0 
4.53984 0.0208333 0.0208333 45.7917 45.7917 197.238 195.947 -3.53066 -1.49176 108.451 196.617 3.85653 305 0 
4.54992 0.0197917 0.0197917 43.5021 43.5021 197.661 196.37 -3.53066 -1.49761 108.028 197.04 3.83045 305 0 
4.56 0.0197917 0.0197917 43.5021 43.5021 198.085 196.793 -3.53066 -1.50351 107.604 197.463 3.80437 305 0 
4.57008 0.0197917 0.0208333 43.5021 45.7917 198.508 197.238 -3.46979 -1.44861 107.169 197.897 3.77783 305 0 
4.58016 0.0197917 0.0208333 43.5021 45.7917 198.931 197.684 -3.40892 -1.39352 106.735 198.331 3.75176 305 0 
4.59024 0.0208333 0.0208333 45.7917 45.7917 199.376 198.129 -3.40892 -1.39936 106.289 198.777 3.72525 305 0 
4.60032 0.0197917 0.0197917 43.5021 43.5021 199.8 198.552 -3.40892 -1.40496 105.865 199.199 3.70007 305 0 
4.6104 0.0197917 0.0208333 43.5021 45.7917 200.223 198.998 -3.34804 -1.34976 105.431 199.634 3.67446 305 0 
4.62048 0.0197917 0.0197917 43.5021 43.5021 200.646 199.421 -3.34804 -1.3552 105.007 200.057 3.64972 305 0 
4.63055 0.0197917 0.0208333 43.5021 45.7917 201.069 199.866 -3.28717 -1.29984 104.572 200.491 3.62457 305 0 
4.64063 0.0208333 0.0208333 45.7917 45.7917 201.514 200.312 -3.28717 -1.30541 104.126 200.936 3.59901 305 0 
4.65071 0.0208333 0.0208333 45.7917 45.7917 201.96 200.757 -3.28717 -1.31102 103.68 201.381 3.57345 305 0 
4.66079 0.0208333 0.0208333 45.7917 45.7917 202.405 201.203 -3.28717 -1.31668 103.235 201.826 3.54789 305 0 
4.67087 0.0208333 0.0208333 45.7917 45.7917 202.851 201.648 -3.28717 -1.3224 102.789 202.272 3.52233 305 0 
4.68095 0.0197917 0.0208333 43.5021 45.7917 203.274 202.094 -3.2263 -1.26701 102.354 202.706 3.49764 305 0 
4.69103 0.0197917 0.0208333 43.5021 45.7917 203.697 202.539 -3.16542 -1.21141 101.919 203.14 3.47341 305 0 
4.70111 0.0208333 0.0197917 45.7917 43.5021 204.143 202.962 -3.2263 -1.27761 101.484 203.574 3.44918 305 0 
4.71119 0.0208333 0.0197917 45.7917 43.5021 204.588 203.385 -3.28717 -1.34411 101.05 204.008 3.42449 305 0 
4.72127 0.0208333 0.0208333 45.7917 45.7917 205.033 203.831 -3.28717 -1.35007 100.604 204.454 3.39892 305 0 
4.73135 0.01875 0.0197917 41.2125 43.5021 205.434 204.254 -3.2263 -1.29463 100.191 204.866 3.3755 305 0 
4.74142 0.0208333 0.0197917 45.7917 43.5021 205.88 204.677 -3.28717 -1.36128 99.7566 205.3 3.35081 305 0 
4.7515 0.0197917 0.0197917 43.5021 43.5021 206.303 205.1 -3.28717 -1.36708 99.3331 205.723 3.32652 305 0 
4.76158 0.0208333 0.0197917 45.7917 43.5021 206.748 205.523 -3.34804 -1.4341 98.8983 206.157 3.30137 305 0 
4.77166 0.0208333 0.0197917 45.7917 43.5021 207.194 205.947 -3.40892 -1.50144 98.4636 206.591 3.27576 305 0 
4.78174 0.0208333 0.0197917 45.7917 43.5021 207.639 206.392 -3.40892 -1.50827 98.0178 207.036 3.24925 305 0 
4.79182 0.021875 0.0208333 48.0812 45.7917 208.107 206.837 -3.46979 -1.57635 97.5608 207.492 3.22184 305 0 
4.8019 0.0208333 0.021875 45.7917 48.0812 208.552 207.305 -3.40892 -1.52276 97.1038 207.949 3.19443 305 0 
4.81198 0.021875 0.0208333 48.0812 45.7917 209.02 207.751 -3.46979 -1.59098 96.6468 208.405 3.16702 305 0 
4.82206 0.021875 0.0208333 48.0812 45.7917 209.488 208.196 -3.53066 -1.65956 96.1899 208.861 3.13912 305 0 
4.83214 0.0208333 0.021875 45.7917 48.0812 209.933 208.664 -3.46979 -1.60646 95.7329 209.318 3.11123 305 0 
4.84221 0.021875 0.0208333 48.0812 45.7917 210.401 209.109 -3.53066 -1.67519 95.2759 209.774 3.08333 305 0 
4.85229 0.021875 0.0208333 48.0812 45.7917 210.869 209.555 -3.59154 -1.74428 94.819 210.23 3.05495 305 0 
4.86237 0.0208333 0.0197917 45.7917 43.5021 211.314 209.978 -3.65241 -1.81333 94.3844 210.664 3.02749 305 0 
4.87245 0.0208333 0.0208333 45.7917 45.7917 211.759 210.423 -3.65241 -1.82194 93.9386 211.109 2.9991 305 0 
4.88253 0.0208333 0.0197917 45.7917 43.5021 212.205 210.846 -3.71328 -1.89143 93.504 211.543 2.97118 305 0 
4.89261 0.0208333 0.0197917 45.7917 43.5021 212.65 211.269 -3.77416 -1.96128 93.0694 211.977 2.9428 305 0 
4.90269 0.0208333 0.0208333 45.7917 45.7917 213.096 211.715 -3.77416 -1.97072 92.6236 212.422 2.91346 305 0 
4.91277 0.0208333 0.0208333 45.7917 45.7917 213.541 212.16 -3.77416 -1.98025 92.1779 212.867 2.88411 305 0 
4.92285 0.0208333 0.0208333 45.7917 45.7917 213.987 212.606 -3.77416 -1.98988 91.7321 213.312 2.85477 305 0 
4.93292 0.0208333 0.0208333 45.7917 45.7917 214.432 213.051 -3.77416 -1.9996 91.2864 213.757 2.82543 305 0 
4.943 0.0208333 0.0208333 45.7917 45.7917 214.878 213.497 -3.77416 -2.00941 90.8407 214.202 2.79609 305 0 
4.95308 0.0208333 0.0208333 45.7917 45.7917 215.323 213.942 -3.77416 -2.01933 90.395 214.647 2.76674 305 0 
4.96316 0.0197917 0.0208333 43.5021 45.7917 215.746 214.388 -3.71328 -1.96807 89.9604 215.081 2.73836 305 0 
4.97326 0.0208333 0.0208333 45.7917 45.7917 216.192 214.833 -3.71328 -1.97787 89.5146 215.526 2.70949 305 0 
4.98334 0.0197917 0.0208333 43.5021 45.7917 216.615 215.278 -3.65241 -1.9265 89.08 215.96 2.68158 305 0 
4.99342 0.0208333 0.0208333 45.7917 45.7917 217.06 215.724 -3.65241 -1.93619 88.6343 216.405 2.65318 305 0 
5.00351 0.0166667 0.015625 36.6333 34.3438 217.416 216.058 -3.71328 -2.00476 88.2888 216.75 2.63099 305 0 
5.0136 0.0197917 0.0166667 43.5021 36.6333 217.84 216.414 -3.89591 -2.19669 87.8989 217.14 2.60511 305 0 
5.02367 0.0197917 0.0208333 43.5021 45.7917 218.263 216.86 -3.83503 -2.14658 87.4643 217.574 2.57581 305 0 
5.03376 0.0208333 0.0208333 45.7917 45.7917 218.708 217.305 -3.83503 -2.15758 87.0186 218.019 2.54599 305 0 
5.04384 0.0197917 0.0197917 43.5021 43.5021 219.131 217.728 -3.83503 -2.16814 86.5952 218.441 2.51767 305 0 
5.05392 0.0208333 0.0197917 45.7917 43.5021 219.577 218.151 -3.89591 -2.2401 86.1607 218.875 2.48837 305 0 
5.064 0.0208333 0.0208333 45.7917 45.7917 220.022 218.597 -3.89591 -2.25176 85.715 219.32 2.45808 305 0 
5.07408 0.0197917 0.0208333 43.5021 45.7917 220.445 219.042 -3.83503 -2.20221 85.2805 219.754 2.42878 305 0 
5.08416 0.0197917 0.01875 43.5021 41.2125 220.869 219.443 -3.89591 -2.27393 84.8683 220.166 2.40098 305 0 
5.09424 0.0208333 0.0208333 45.7917 45.7917 221.314 219.889 -3.89591 -2.28594 84.4226 220.611 2.37069 305 0 
5.10432 0.01875 0.0197917 41.2125 43.5021 221.715 220.312 -3.83503 -2.23614 84.0104 221.022 2.3429 305 0 
5.1144 0.0208333 0.0197917 45.7917 43.5021 222.16 220.735 -3.89591 -2.3088 83.5759 221.456 2.3136 305 0 
5.12448 0.0197917 0.0208333 43.5021 45.7917 222.584 221.18 -3.83503 -2.25984 83.1414 221.89 2.2843 305 0 
5.13455 0.0197917 0.01875 43.5021 41.2125 223.007 221.581 -3.89591 -2.33213 82.7292 222.302 2.2565 305 0 
5.14463 0.0208333 0.0208333 45.7917 45.7917 223.452 222.027 -3.89591 -2.34477 82.2836 222.747 2.22621 305 0 
5.15471 0.0208333 0.0208333 45.7917 45.7917 223.898 222.472 -3.89591 -2.35755 81.8379 223.192 2.19592 305 0 
5.16479 0.0208333 0.0197917 45.7917 43.5021 224.343 222.895 -3.95678 -2.43117 81.4035 223.625 2.16616 305 0 
5.17487 0.0197917 0.0197917 43.5021 43.5021 224.766 223.318 -3.95678 -2.44389 80.9801 224.048 2.13694 305 0 
5.18495 0.0197917 0.0197917 43.5021 43.5021 225.189 223.742 -3.95678 -2.45674 80.5568 224.471 2.10772 305 0 
5.19503 0.0208333 0.0197917 45.7917 43.5021 225.635 224.165 -4.01765 -2.53111 80.1224 224.905 2.0775 305 0 
5.2051 0.0208333 0.0197917 45.7917 43.5021 226.08 224.588 -4.07853 -2.60595 79.688 225.338 2.04681 305 0 
5.21519 0.0197917 0.0197917 43.5021 43.5021 226.503 225.011 -4.07853 -2.61988 79.2647 225.761 2.01669 305 0 
5.22527 0.0197917 0.01875 43.5021 41.2125 226.926 225.412 -4.1394 -2.69461 78.8526 226.172 1.98715 305 0 
5.2353 0.0197917 0.01875 43.5021 41.2125 227.35 225.813 -4.20027 -2.76981 78.4405 226.584 1.95717 305 0 
5.24539 0.0197917 0.0197917 43.5021 43.5021 227.773 226.236 -4.20027 -2.78485 78.0173 227.006 1.92615 305 0 
5.25547 0.0208333 0.01875 45.7917 41.2125 228.218 226.637 -4.32202 -2.92213 77.5942 227.429 1.89468 305 0 
5.26554 0.0208333 0.0197917 45.7917 43.5021 228.664 227.06 -4.38289 -2.99964 77.1599 227.863 1.8617 305 0 
5.27562 0.0197917 0.0197917 43.5021 43.5021 229.087 227.483 -4.38289 -3.01619 76.7368 228.285 1.82934 305 0 
5.2857 0.0197917 0.0197917 43.5021 43.5021 229.51 227.906 -4.38289 -3.03293 76.3137 228.708 1.79697 305 0 
5.29578 0.0208333 0.0208333 45.7917 45.7917 229.955 228.352 -4.38289 -3.05075 75.8683 229.152 1.76291 305 0 
5.30586 0.0208333 0.01875 45.7917 41.2125 230.401 228.753 -4.50464 -3.18996 75.4452 229.575 1.73009 305 0 
5.31594 0.0208333 0.0208333 45.7917 45.7917 230.846 229.198 -4.50464 -3.20892 74.9999 230.019 1.69508 305 0 
5.32602 0.0208333 0.0197917 45.7917 43.5021 231.292 229.621 -4.56551 -3.28868 74.5658 230.453 1.66072 305 0 
5.33609 0.0208333 0.0197917 45.7917 43.5021 231.737 230.045 -4.62639 -3.36901 74.1316 230.886 1.62589 305 0 
5.34617 0.0197917 0.0197917 43.5021 43.5021 232.16 230.468 -4.62639 -3.38837 73.7087 231.309 1.59173 305 0 
5.35625 0.0197917 0.0197917 43.5021 43.5021 232.584 230.891 -4.62639 -3.40794 73.2857 231.731 1.55757 305 0 
5.36633 0.0208333 0.01875 45.7917 41.2125 233.029 231.292 -4.74813 -3.54985 72.8628 232.153 1.52297 305 0 
5.3764 0.0208333 0.01875 45.7917 41.2125 233.474 231.693 -4.86988 -3.6927 72.4399 232.575 1.48747 305 0 
5.38649 0.01875 0.01875 41.2125 41.2125 233.875 232.094 -4.86988 -3.71326 72.0394 232.975 1.45341 305 0 
5.39659 0.0208333 0.0197917 45.7917 43.5021 234.321 232.539 -4.86988 -3.73638 71.5943 233.42 1.41556 305 0 
5.40667 0.0208333 0.01875 45.7917 41.2125 234.766 232.94 -4.99163 -3.88072 71.1716 233.842 1.37916 305 0 
5.41675 0.0197917 0.0208333 43.5021 45.7917 235.189 233.385 -4.93076 -3.84349 70.7377 234.275 1.34158 305 0 
5.42683 0.0197917 0.01875 43.5021 41.2125 235.612 233.786 -4.99163 -3.92708 70.3261 234.686 1.30592 305 0 
5.4369 0.0208333 0.0197917 45.7917 43.5021 236.058 234.209 -5.0525 -4.01255 69.8923 235.119 1.26787 305 0 
5.44698 0.0197917 0.0197917 43.5021 43.5021 236.481 234.633 -5.0525 -4.03701 69.4696 235.541 1.23057 305 0 
5.45706 0.0197917 0.0197917 43.5021 43.5021 236.904 235.056 -5.0525 -4.06176 69.047 235.963 1.19328 305 0 
5.46714 0.0208333 0.0197917 45.7917 43.5021 237.35 235.479 -5.11338 -4.14854 68.6132 236.396 1.15477 305 0 
5.47723 0.01875 0.01875 41.2125 41.2125 237.751 235.88 -5.11338 -4.17294 68.2129 236.796 1.11901 305 0 
5.48732 0.0197917 0.0197917 43.5021 43.5021 238.174 236.303 -5.11338 -4.19899 67.7903 237.218 1.08127 305 0 
5.49739 0.0145833 0.0145833 32.0542 32.0542 238.486 236.615 -5.11338 -4.2184 67.479 237.529 1.05346 305 0 
5.50942 0.01875 0.0177083 41.2125 38.9229 238.886 236.993 -5.17425 -4.30397 67.0898 237.918 1.01849 305 0 
5.51952 0.0208333 0.01875 45.7917 41.2125 239.332 237.394 -5.296 -4.45343 66.6673 238.34 0.979849 305 0 
5.5296 0.01875 0.01875 41.2125 41.2125 239.733 237.795 -5.296 -4.48038 66.2672 238.74 0.942818 305 0 
5.53968 0.0197917 0.0197917 43.5021 43.5021 240.156 238.218 -5.296 -4.50918 65.8448 239.161 0.903729 305 0 
5.54976 0.0197917 0.0197917 43.5021 43.5021 240.579 238.641 -5.296 -4.53835 65.4224 239.583 0.864641 305 0 
5.55984 0.0208333 0.01875 45.7917 41.2125 241.025 239.042 -5.41774 -4.69005 65 240.005 0.825105 305 0 
5.56992 0.01875 0.01875 41.2125 41.2125 241.425 239.443 -5.41774 -4.71916 64.6 240.405 0.787225 305 0 
5.58001 0.0208333 0.0208333 45.7917 45.7917 241.871 239.889 -5.41774 -4.75193 64.1555 240.849 0.745137 305 0 
5.59008 0.0197917 0.01875 43.5021 41.2125 242.294 240.29 -5.47862 -4.84372 63.7444 241.259 0.705987 305 0 
5.60017 0.0197917 0.01875 43.5021 41.2125 242.717 240.69 -5.53949 -4.9363 63.3334 241.67 0.666401 305 0 
5.61025 0.01875 0.01875 41.2125 41.2125 243.118 241.091 -5.53949 -4.96775 62.9335 242.07 0.627673 305 0 
5.62033 0.0208333 0.0197917 45.7917 43.5021 243.563 241.514 -5.60036 -5.06335 62.5003 242.502 0.585487 305 0 
5.6304 0.0197917 0.0197917 43.5021 43.5021 243.987 241.938 -5.60036 -5.09786 62.0782 242.924 0.54416 305 0 
5.64048 0.0197917 0.01875 43.5021 41.2125 244.41 242.339 -5.66124 -5.193 61.6673 243.335 0.503702 305 0 
5.65056 0.0208333 0.01875 45.7917 41.2125 244.855 242.739 -5.78298 -5.35104 61.2454 243.756 0.461478 305 0 
5.66064 0.0197917 0.0197917 43.5021 43.5021 245.278 243.163 -5.78298 -5.38826 60.8236 244.178 0.418808 305 0 
5.67072 0.0197917 0.0197917 43.5021 43.5021 245.702 243.586 -5.78298 -5.42601 60.4018 244.599 0.376137 305 0 
5.68082 0.0208333 0.01875 45.7917 41.2125 246.147 243.987 -5.90473 -5.58645 59.98 245.021 0.333018 305 0 
5.69091 0.0208333 0.0197917 45.7917 43.5021 246.592 244.41 -5.96561 -5.68828 59.5473 245.453 0.288076 305 0 
5.70099 0.0208333 0.0197917 45.7917 43.5021 247.038 244.833 -6.02648 -5.79115 59.1146 245.886 0.242675 305 0 
5.71109 0.0208333 0.01875 45.7917 41.2125 247.483 245.234 -6.14823 -5.95507 58.6931 246.307 0.197767 305 0 
5.72117 0.0208333 0.01875 45.7917 41.2125 247.929 245.635 -6.26997 -6.12048 58.2718 246.728 0.151963 305 0 
5.73125 0.0208333 0.01875 45.7917 41.2125 248.374 246.036 -6.39172 -6.28741 57.8506 247.15 0.105266 305 0 
5.74133 0.0197917 0.01875 43.5021 41.2125 248.797 246.437 -6.45259 -6.39357 57.4405 247.559 0.0591442 305 0 
5.75141 0.0197917 0.01875 43.5021 41.2125 249.22 246.837 -6.51347 -6.50081 57.0306 247.969 0.0125871 305 0 
5.76149 0.0208333 0.01875 45.7917 41.2125 249.666 247.238 -6.63521 -6.67157 56.6097 248.39 -0.0358988 305 0 
5.77157 0.0208333 0.01875 45.7917 41.2125 250.111 247.639 -6.75696 -6.84396 56.1889 248.811 -0.0852785 305 0 
5.78165 0.0197917 0.0177083 43.5021 38.9229 251.136 248.575 -7.00045 -7.21094 55.2151 249.785 -0.202735 305 0 
5.79173 0.01875 0.0177083 41.2125 38.9229 252.116 249.488 -7.18308 -7.52072 54.2751 250.726 -0.319684 305 0 
5.80182 0.01875 0.0166667 41.2125 36.6333 253.051 250.356 -7.3657 -7.83176 53.3801 251.622 -0.433985 305 0 
5.8119 0.0166667 0.0145833 36.6333 32.0542 254.454 251.604 -7.79181 -8.46221 52.0666 252.937 -0.608893 305 0 
5.82199 0.015625 0.0135417 34.3438 29.7646 255.768 252.784 -8.15705 -9.03903 50.8323 254.174 -0.782053 305 0 
5.83207 0.0135417 0.0135417 29.7646 29.7646 256.949 253.853 -8.46142 -9.55068 49.721 255.288 -0.944717 305 0 
5.84215 0.00833333 0.009375 18.3167 20.6063 257.906 254.744 -8.64404 -9.91526 48.8088 256.203 -1.08228 305 0 
5.85226 0.009375 0.009375 20.6063 20.6063 258.775 255.546 -8.82666 -10.2714 47.9855 257.03 -1.20922 305 0 
5.86234 0.00833333 0.00833333 18.3167 18.3167 259.51 256.236 -8.94841 -10.5482 47.2836 257.735 -1.31941 305 0 
5.87243 0.00833333 0.00625 18.3167 13.7375 260.223 256.86 -9.1919 -10.9439 46.6263 258.395 -1.42482 305 0 
5.88251 0.00625 0.00625 13.7375 13.7375 260.802 257.394 -9.31365 -11.198 46.0792 258.946 -1.51442 305 0 
5.8926 0.00520833 0.00520833 11.4479 11.4479 261.336 257.862 -9.49627 -11.5041 45.5873 259.441 -1.59637 305 0 
5.90268 0.00520833 0.003125 11.4479 6.86875 261.759 258.151 -9.86151 -11.9609 45.2379 259.792 -1.65632 305 0 
5.91278 0.00416667 0.00208333 9.15833 4.57917 262.094 258.33 -10.2876 -12.4558 44.9873 260.045 -1.70116 305 0 
5.92291 0.00208333 0.00104167 4.57917 2.28958 262.316 258.419 -10.6529 -12.8647 44.8349 260.198 -1.72952 305 0 
5.93302 0.00208333 0 4.57917 0 262.494 258.419 -11.1399 -13.3776 44.7481 260.286 -1.74637 305 0 
5.94309 0.00104167 0 2.28958 0 262.584 258.419 -11.3833 -13.6345 44.7047 260.33 -1.75507 305 0 
5.95317 0 0 0 0 262.584 258.419 -11.3833 -13.6345 44.7047 260.33 -1.75507 305 0 
5.96325 0 0 0 0 262.584 258.419 -11.3833 -13.6345 44.7047 260.33 -1.75507 305 0 
5.97332 0 0 0 0 262.584 258.419 -11.3833 -13.6345 44.7047 260.33 -1.75507 305 0 
5.98339 0 0 0 0 262.584 258.419 -11.3833 -13.6345 44.7047 260.33 -1.75507 305 0 
5.99346 0 0 0 0 262.584 258.419 -11.3833 -13.6345 44.7047 260.33 -1.75507 305 0 
6.00353 0 0 0 0 262.584 258.419 -11.3833 -13.6345 44.7047 260.33 -1.75507 305 0 
6.01359 0 0 0 0 262.584 258.419 -11.3833 -13.6345 44.7047 260.33 -1.75507 305 0 
6.02366 0 0 0 0 262.584 258.419 -11.3833 -13.6345 44.7047 260.33 -1.75507 305 0 
6.03372 0 0 0 0 262.584 258.419 -11.3833 -13.6345 44.7047 260.33 -1.75507 305 0 
6.04378 0 0 0 0 262.584 258.419 -11.3833 -13.6345 44.7047 260.33 -1.75507 305 0 
6.05385 0 0 0 0 262.584 258.419 -11.3833 -13.6345 44.7047 260.33 -1.75507 305 0 
6.06391 0 0 0 0 262.584 258.419 -11.3833 -13.6345 44.7047 260.33 -1.75507 305 0 
6.07398 0 0 0 0 262.584 258.419 -11.3833 -13.6345 44.7047 260.33 -1.75507 305 0 
6.08405 0 0 0 0 262.584 258.419 -11.3833 -13.6345 44.7047 260.33 -1.75507 305 0 
6.09412 0 0 0 0 262.584 258.419 -11.3833 -13.6345 44.7047 260.33 -1.75507 305 0 
6.1042 0 0 0 0 262.584 258.419 -11.3833 -13.6345 44.7047 260.33 -1.75507 305 0 
6.11429 0 0 0 0 262.584 258.419 -11.3833 -13.6345 44.7047 260.33 -1.75507 305 0 
6.12438 0 0 0 0 262.584 258.419 -11.3833 -13.6345 44.7047 260.33 -1.75507 305 0 
6.13446 0 0 0 0 262.584 258.419 -11.3833 -13.6345 44.7047 260.33 -1.75507 305 0 
6.14454 0 0 0 0 262.584 258.419 -11.3833 -13.6345 44.7047 260.33 -1.75507 305 0 
6.15462 0 0 0 0 262.584 258.419 -11.3833 -13.6345 44.7047 260.33 -1.75507 305 0 
6.1647 0 0 0 0 262.584 258.419 -11.3833 -13.6345 44.7047 260.33 -1.75507 305 0 
6.17478 0 0 0 0 262.584 258.419 -11.3833 -13.6345 44.7047 260.33 -1.75507 305 0 
6.18486 0 0 0 0 262.584 258.419 -11.3833 -13.6345 44.7047 260.33 -1.75507 305 0 
6.19493 0 0 0 0 262.584 258.419 -11.3833 -13.6345 44.7047 260.33 -1.75507 305 0 
6.20502 0 0 0 0 262.584 258.419 -11.3833 -13.6345 44.7047 260.33 -1.75507 305 0 
6.21511 0 0 0 0 262.584 258.419 -11.3833 -13.6345 44.7047 260.33 -1.75507 305 0 
6.22519 0 0 0 0 262.584 258.419 -11.3833 -13.6345 44.7047 260.33 -1.75507 305 0 
6.23527 0 0 0 0 262.584 258.419 -11.3833 -13.6345 44.7047 260.33 -1.75507 305 0 
6.24535 0 0 0 0 262.584 258.419 -11.3833 -13.6345 44.7047 260.33 -1.75507 305 0 
6.25543 0 0 0 0 262.584 258.419 -11.3833 -13.6345 44.7047 260.33 -1.75507 305 0 
6.26551 0 0 0 0 262.584 258.419 -11.3833 -13.6345 44.7047 260.33 -1.75507 305 0 
6.27559 0 0 0 0 262.584 258.419 -11.3833 -13.6345 44.7047 260.33 -1.75507 305 0 
6.28567 0 0 0 0 262.584 258.419 -11.3833 -13.6345 44.7047 260.33 -1.75507 305 0 
6.29574 0 0 0 0 262.584 258.419 -11.3833 -13.6345 44.7047 260.33 -1.75507 305 0 
6.30582 0 0 0 0 262.584 258.419 -11.3833 -13.6345 44.7047 260.33 -1.75507 305 0 
6.31594 0 0 0 0 262.584 258.419 -11.3833 -13.6345 44.7047 260.33 -1.75507 305 0 
6.32602 0 0 0 0 262.584 258.419 -11.3833 -13.6345 44.7047 260.33 -1.75507 305 0 
6.3361 0 0 0 0 262.584 258.419 -11.3833 -13.6345 44.7047 260.33 -1.75507 305 0 
6.34618 0 0 0 0 262.584 258.419 -11.3833 -13.6345 44.7047 260.33 -1.75507 305 0 
6.35626 0 0 0 0 262.584 258.419 -11.3833 -13.6345 44.7047 260.33 -1.75507 305 0 
6.36634 0 0 0 0 262.584 258.419 -11.3833 -13.6345 44.7047 260.33 -1.75507 305 0 
6.37643 0 0 0 0 262.584 258.419 -11.3833 -13.6345 44.7047 260.33 -1.75507 305 0 
6.38652 0 0 0 0 262.584 258.419 -11.3833 -13.6345 44.7047 260.33 -1.75507 305 0 
6.39659 0 0 0 0 262.584 258.419 -11.3833 -13.6345 44.7047 260.33 -1.75507 305 0 
6.40667 0 0 0 0 262.584 258.419 -11.3833 -13.6345 44.7047 260.33 -1.75507 305 0 
6.41675 0 0 0 0 262.584 258.419 -11.3833 -13.6345 44.7047 260.33 -1.75507 305 0 
6.42684 0 0 0 0 262.584 258.419 -11.3833 -13.6345 44.7047 260.33 -1.75507 305 0 
6.43692 0 0 0 0 262.584 258.419 -11.3833 -13.6345 44.7047 260.33 -1.75507 305 0 
6.447 0 0 0 0 262.584 258.419 -11.3833 -13.6345 44.7047 260.33 -1.75507 305 0 
6.45708 0 0 0 0 262.584 258.419 -11.3833 -13.6345 44.7047 260.33 -1.75507 305 0 
6.46715 0 0 0 0 262.584 258.419 -11.3833 -13.6345 44.7047 260.33 -1.75507 305 0 
6.47723 0 0 0 0 262.584 258.419 -11.3833 -13.6345 44.7047 260.33 -1.75507 305 0 
6.48731 0 0 0 0 262.584 258.419 -11.3833 -13.6345 44.7047 260.33 -1.75507 305 0 
6.49738 0 0 0 0 262.584 258.419 -11.3833 -13.6345 44.7047 260.33 -1.75507 305 0 
6.50746 0 0 0 0 262.584 258.419 -11.3833 -13.6345 44.7047 260.33 -1.75507 305 0 
6.51755 0 0 0 0 262.584 258.419 -11.3833 -13.6345 44.7047 260.33 -1.75507 305 0 
6.52763 0 0 0 0 262.584 258.419 -11.3833 -13.6345 44.7047 260.33 -1.75507 305 0 
6.5377 0 0 0 0 262.584 258.419 -11.3833 -13.6345 44.7047 260.33 -1.75507 305 0 
6.54778 0 0 0 0 262.584 258.419 -11.3833 -13.6345 44.7047 260.33 -1.75507 305 0 
6.55785 0 0 0 0 262.584 258.419 -11.3833 -13.6345 44.7047 260.33 -1.75507 305 0 
6.56793 0 0 0 0 262.584 258.419 -11.3833 -13.6345 44.7047 260.33 -1.75507 305 0 
6.578 0 0 0 0 262.584 258.419 -11.3833 -13.6345 44.7047 260.33 -1.75507 305 0 
6.58808 0 0 0 0 262.584 258.419 -11.3833 -13.6345 44.7047 260.33 -1.75507 305 0 
6.59816 0 0 0 0 262.584 258.419 -11.3833 -13.6345 44.7047 260.33 -1.75507 305 0 
6.60827 0 0 0 0 262.584 258.419 -11.3833 -13.6345 44.7047 260.33 -1.75507 305 0 
6.61835 0 0 0 0 262.584 258.419 -11.3833 -13.6345 44.7047 260.33 -1.75507 305 0 
6.62843 0 0 0 0 262.584 258.419 -11.3833 -13.6345 44.7047 260.33 -1.75507 305 0 
6.63851 0 0 0 0 262.584 258.419 -11.3833 -13.6345 44.7047 260.33 -1.75507 305 0 
6.6486 0 0 0 0 262.584 258.419 -11.3833 -13.6345 44.7047 260.33 -1.75507 305 0 
6.65868 0 0 0 0 262.584 258.419 -11.3833 -13.6345 44.7047 260.33 -1.75507 305 0 
6.66876 0 0 0 0 262.584 258.419 -11.3833 -13.6345 44.7047 260.33 -1.75507 305 0 
6.67884 0 0 0 0 262.584 258.419 -11.3833 -13.6345 44.7047 260.33 -1.75507 305 0 
6.68891 0 0 0 0 262.584 258.419 -11.3833 -13.6345 44.7047 260.33 -1.75507 305 0 
6.69899 0 0 0 0 262.584 258.419 -11.3833 -13.6345 44.7047 260.33 -1.75507 305 0 
6.70907 0 0 0 0 262.584 258.419 -11.3833 -13.6345 44.7047 260.33 -1.75507 305 0 
6.71915 0 0 0 0 262.584 258.419 -11.3833 -13.6345 44.7047 260.33 -1.75507 305 0 
6.72924 0 0 0 0 262.584 258.419 -11.3833 -13.6345 44.7047 260.33 -1.75507 305 0 
6.73932 0 0 0 0 262.584 258.419 -11.3833 -13.6345 44.7047 260.33 -1.75507 305 0 
6.74939 0 0 0 0 262.584 258.419 -11.3833 -13.6345 44.7047 260.33 -1.75507 305 0 
6.75947 0 0 0 0 262.584 258.419 -11.3833 -13.6345 44.7047 260.33 -1.75507 305 0 
6.76955 0 0 0 0 262.584 258.419 -11.3833 -13.6345 44.7047 260.33 -1.75507 305 0 
6.77964 0 0 0 0 262.584 258.419 -11.3833 -13.6345 44.7047 260.33 -1.75507 305 0 
6.78973 0 0 0 0 262.584 258.419 -11.3833 -13.6345 44.7047 260.33 -1.75507 305 0 
6.7998 0 0 0 0 262.584 258.419 -11.3833 -13.6345 44.7047 260.33 -1.75507 305 0 
6.80988 0 0 0 0 262.584 258.419 -11.3833 -13.6345 44.7047 260.33 -1.75507 305 0 
6.81996 0 0 0 0 262.584 258.419 -11.3833 -13.6345 44.7047 260.33 -1.75507 305 0 
6.83004 0 0 0 0 262.584 258.419 -11.3833 -13.6345 44.7047 260.33 -1.75507 305 0 
6.84011 0 0 0 0 262.584 258.419 -11.3833 -13.6345 44.7047 260.33 -1.75507 305 0 
6.85019 0 0 0 0 262.584 258.419 -11.3833 -13.6345 44.7047 260.33 -1.75507 305 0 
6.86027 0 0 0 0 262.584 258.419 -11.3833 -13.6345 44.7047 260.33 -1.75507 305 0 
6.87039 0 0 0 0 262.584 258.419 -11.3833 -13.6345 44.7047 260.33 -1.75507 305 0 
6.88046 0 0 0 0 262.584 258.419 -11.3833 -13.6345 44.7047 260.33 -1.75507 305 0 
6.89057 0 0 0 0 262.584 258.419 -11.3833 -13.6345 44.7047 260.33 -1.75507 305 0 
6.90065 0 0 0 0 262.584 258.419 -11.3833 -13.6345 44.7047 260.33 -1.75507 305 0 
6.91073 0 0 0 0 262.584 258.419 -11.3833 -13.6345 44.7047 260.33 -1.75507 305 0 
6.92081 0 0 0 0 262.584 258.419 -11.3833 -13.6345 44.7047 260.33 -1.75507 305 0 
6.93089 0 0 0 0 262.584 258.419 -11.3833 -13.6345 44.7047 260.33 -1.75507 305 0 
6.94096 0 0 0 0 262.584 258.419 -11.3833 -13.6345 44.7047 260.33 -1.75507 305 0 
6.95104 0 0 0 0 262.584 258.419 -11.3833 -13.6345 44.7047 260.33 -1.75507 305 0 
6.96112 0 0 0 0 262.584 258.419 -11.3833 -13.6345 44.7047 260.33 -1.75507 305 0 
6.97119 0 0 0 0 262.584 258.419 -11.3833 -13.6345 44.7047 260.33 -1.75507 305 0 
6.98127 0 0 0 0 262.584 258.419 -11.3833 -13.6345 44.7047 260.33 -1.75507 305 0 
6.99135 0 0 0 0 262.584 258.419 -11.3833 -13.6345 44.7047 260.33 -1.75507 305 0 
7.00143 0 0 0 0 262.584 258.419 -11.3833 -13.6345 44.7047 260.33 -1.75507 305 0 
7.01152 0 0 0 0 262.584 258.419 -11.3833 -13.6345 44.7047 260.33 -1.75507 305 0 
7.0216 0 0 0 0 262.584 258.419 -11.3833 -13.6345 44.7047 260.33 -1.75507 305 0 
7.03168 0 0 0 0 262.584 258.419 -11.3833 -13.6345 44.7047 260.33 -1.75507 305 0 
7.04175 0 0 0 0 262.584 258.419 -11.3833 -13.6345 44.7047 260.33 -1.75507 305 0 
7.05184 0 0 0 0 262.584 258.419 -11.3833 -13.6345 44.7047 260.33 -1.75507 305 0 
7.06192 0 0 0 0 262.584 258.419 -11.3833 -13.6345 44.7047 260.33 -1.75507 305 0 
7.07199 0 0 0 0 262.584 258.419 -11.3833 -13.6345 44.7047 260.33 -1.75507 305 0 
7.08207 0 0 0 0 262.584 258.419 -11.3833 -13.6345 44.7047 260.33 -1.75507 305 0 
7.09215 0 0 0 0 262.584 258.419 -11.3833 -13.6345 44.7047 260.33 -1.75507 305 0 
7.10222 0 0 0 0 262.584 258.419 -11.3833 -13.6345 44.7047 260.33 -1.75507 305 0 
7.1123 0 0 0 0 262.584 258.419 -11.3833 -13.6345 44.7047 260.33 -1.75507 305 0 
7.12238 0 0 0 0 262.584 258.419 -11.3833 -13.6345 44.7047 260.33 -1.75507 305 0 
7.13246 0 0 0 0 262.584 258.419 -11.3833 -13.6345 44.7047 260.33 -1.75507 305 0 
7.14253 0 0 0 0 262.584 258.419 -11.3833 -13.6345 44.7047 260.33 -1.75507 305 0 
7.15261 0 0 0 0 262.584 258.419 -11.3833 -13.6345 44.7047 260.33 -1.75507 305 0 
7.16269 0 0 0 0 262.584 258.419 -11.3833 -13.6345 44.7047 260.33 -1.75507 305 0 
7.17279 0 0 0 0 262.584 258.419 -11.3833 -13.6345 44.7047 260.33 -1.75507 305 0 
7.18288 0 0 0 0 262.584 258.419 -11.3833 -13.6345 44.7047 260.33 -1.75507 305 0 
7.19296 0 0 0 0 262.584 258.419 -11.3833 -13.6345 44.7047 260.33 -1.75507 305 0 
7.20303 0 0 0 0 262.584 258.419 -11.3833 -13.6345 44.7047 260.33 -1.75507 305 0 
7.21311 0 0 0 0 262.584 258.419 -11.3833 -13.6345 44.7047 260.33 -1.75507 305 0 
7.22319 0 0 0 0 262.584 258.419 -11.3833 -13.6345 44.7047 260.33 -1.75507 305 0 
7.23327 0 0 0 0 262.584 258.419 -11.3833 -13.6345 44.7047 260.33 -1.75507 305 0 
7.24334 0 0 0 0 262.584 258.419 -11.3833 -13.6345 44.7047 260.33 -1.75507 305 0 
7.25342 0 0 0 0 262.584 258.419 -11.3833 -13.6345 44.7047 260.33 -1.75507 305 0 
7.2635 0 0 0 0 262.584 258.441 -11.3225 -13.5769 44.6939 260.341 -1.75727 305 0 
7.27358 0 0 0 0 262.584 258.441 -11.3225 -13.5769 44.6939 260.341 -1.75727 305 0 
7.28366 0 0 0 0 262.584 258.441 -11.3225 -13.5769 44.6939 260.341 -1.75727 305 0 
7.29373 0 0 0 0 262.584 258.441 -11.3225 -13.5769 44.6939 260.341 -1.75727 305 0 
7.30381 0 0 0 0 262.561 258.441 -11.2616 -13.5127 44.7047 260.33 -1.75509 305 0 
7.3139 0 0 0 0 262.539 258.441 -11.2007 -13.4485 44.7155 260.319 -1.75292 305 0 
7.32398 0 0 0 0 262.539 258.441 -11.2007 -13.4485 44.7155 260.319 -1.75292 305 0 
7.33406 0 0 0 0 262.539 258.441 -11.2007 -13.4485 44.7155 260.319 -1.75292 305 0 
7.34414 0 0 0 0 262.539 258.441 -11.2007 -13.4485 44.7155 260.319 -1.75292 305 0 
7.35421 0 0 0 0 262.539 258.441 -11.2007 -13.4485 44.7155 260.319 -1.75292 305 0 
7.36429 0 0 0 0 262.539 258.441 -11.2007 -13.4485 44.7155 260.319 -1.75292 305 0 
7.37437 0 0 0 0 262.539 258.441 -11.2007 -13.4485 44.7155 260.319 -1.75292 305 0 
7.38444 0 0 0 0 262.539 258.441 -11.2007 -13.4485 44.7155 260.319 -1.75292 305 0 
7.39452 0 0 0 0 262.539 258.441 -11.2007 -13.4485 44.7155 260.319 -1.75292 305 0 
7.4046 0 0 0 0 262.539 258.441 -11.2007 -13.4485 44.7155 260.319 -1.75292 305 0 
7.41468 0 0 0 0 262.539 258.441 -11.2007 -13.4485 44.7155 260.319 -1.75292 305 0 
7.42476 0 0 0 0 262.539 258.441 -11.2007 -13.4485 44.7155 260.319 -1.75292 305 0 
7.43484 0 0 0 0 262.539 258.441 -11.2007 -13.4485 44.7155 260.319 -1.75292 305 0 
7.44492 0 0 0 0 262.539 258.441 -11.2007 -13.4485 44.7155 260.319 -1.75292 305 0 
7.455 0 0 0 0 262.539 258.441 -11.2007 -13.4485 44.7155 260.319 -1.75292 305 0 
7.46508 0 0 0 0 262.539 258.441 -11.2007 -13.4485 44.7155 260.319 -1.75292 305 0 
7.47516 0 0 0 0 262.539 258.441 -11.2007 -13.4485 44.7155 260.319 -1.75292 305 0 
7.48523 0 0 0 0 262.539 258.441 -11.2007 -13.4485 44.7155 260.319 -1.75292 305 0 
7.49531 0 0 0 0 262.539 258.441 -11.2007 -13.4485 44.7155 260.319 -1.75292 305 0 
7.50539 0 0 0 0 262.539 258.441 -11.2007 -13.4485 44.7155 260.319 -1.75292 305 0 
7.51546 0 0 0 0 262.539 258.441 -11.2007 -13.4485 44.7155 260.319 -1.75292 305 0 
7.52554 0 0 0 0 262.539 258.441 -11.2007 -13.4485 44.7155 260.319 -1.75292 305 0 
7.53561 0 0 0 0 262.539 258.441 -11.2007 -13.4485 44.7155 260.319 -1.75292 305 0 
7.54569 0 0 0 0 262.539 258.441 -11.2007 -13.4485 44.7155 260.319 -1.75292 305 0 
7.55576 0 0 0 0 262.539 258.441 -11.2007 -13.4485 44.7155 260.319 -1.75292 305 0 
7.56588 0 0 0 0 262.539 258.441 -11.2007 -13.4485 44.7155 260.319 -1.75292 305 0 
7.57597 0 0 0 0 262.539 258.441 -11.2007 -13.4485 44.7155 260.319 -1.75292 305 0 
7.58605 0 0 0 0 262.539 258.441 -11.2007 -13.4485 44.7155 260.319 -1.75292 305 0 
7.59612 0 0 0 0 262.539 258.441 -11.2007 -13.4485 44.7155 260.319 -1.75292 305 0 
7.6062 0 0 0 0 262.539 258.441 -11.2007 -13.4485 44.7155 260.319 -1.75292 305 0 
7.61628 0 0 0 0 262.539 258.441 -11.2007 -13.4485 44.7155 260.319 -1.75292 305 0 
7.62635 0 0 0 0 262.539 258.441 -11.2007 -13.4485 44.7155 260.319 -1.75292 305 0 
7.63643 0 0 0 0 262.539 258.441 -11.2007 -13.4485 44.7155 260.319 -1.75292 305 0 
7.6465 0 0 0 0 262.539 258.441 -11.2007 -13.4485 44.7155 260.319 -1.75292 305 0 
7.65658 0 0 0 0 262.539 258.441 -11.2007 -13.4485 44.7155 260.319 -1.75292 305 0 
7.66666 0 0 0 0 262.539 258.441 -11.2007 -13.4485 44.7155 260.319 -1.75292 305 0 
7.67673 0 0 0 0 262.539 258.441 -11.2007 -13.4485 44.7155 260.319 -1.75292 305 0 
7.68681 0 0 0 0 262.539 258.441 -11.2007 -13.4485 44.7155 260.319 -1.75292 305 0 
7.69689 0 0 0 0 262.539 258.441 -11.2007 -13.4485 44.7155 260.319 -1.75292 305 0 
7.70696 0 0 0 0 262.539 258.441 -11.2007 -13.4485 44.7155 260.319 -1.75292 305 0 
7.71705 0 0 0 0 262.539 258.441 -11.2007 -13.4485 44.7155 260.319 -1.75292 305 0 
7.72713 0 0 0 0 262.539 258.441 -11.2007 -13.4485 44.7155 260.319 -1.75292 305 0 
7.7372 0 0 0 0 262.539 258.441 -11.2007 -13.4485 44.7155 260.319 -1.75292 305 0 
7.74728 0 0 0 0 262.539 258.441 -11.2007 -13.4485 44.7155 260.319 -1.75292 305 0 
7.75737 0 0 0 0 262.539 258.441 -11.2007 -13.4485 44.7155 260.319 -1.75292 305 0 
7.76745 0 0 0 0 262.539 258.441 -11.2007 -13.4485 44.7155 260.319 -1.75292 305 0 
7.77752 0 0 0 0 262.539 258.441 -11.2007 -13.4485 44.7155 260.319 -1.75292 305 0 
7.78759 0 0 0 0 262.539 258.441 -11.2007 -13.4485 44.7155 260.319 -1.75292 305 0 
7.79768 0 0 0 0 262.539 258.441 -11.2007 -13.4485 44.7155 260.319 -1.75292 305 0 
7.80776 0 0 0 0 262.539 258.441 -11.2007 -13.4485 44.7155 260.319 -1.75292 305 0 
7.81787 0 0 0 0 262.539 258.441 -11.2007 -13.4485 44.7155 260.319 -1.75292 305 0 
7.82795 0 0 0 0 262.539 258.441 -11.2007 -13.4485 44.7155 260.319 -1.75292 305 0 
7.83803 0 0 0 0 262.539 258.441 -11.2007 -13.4485 44.7155 260.319 -1.75292 305 0 
7.84812 0 0 0 0 262.539 258.441 -11.2007 -13.4485 44.7155 260.319 -1.75292 305 0 
7.85819 0 0 0 0 262.539 258.441 -11.2007 -13.4485 44.7155 260.319 -1.75292 305 0 
7.86827 0 0 0 0 262.539 258.441 -11.2007 -13.4485 44.7155 260.319 -1.75292 305 0 
7.87835 0 0 0 0 262.539 258.441 -11.2007 -13.4485 44.7155 260.319 -1.75292 305 0 
7.88842 0 0 0 0 262.539 258.441 -11.2007 -13.4485 44.7155 260.319 -1.75292 305 0 
7.8985 0 0 0 0 262.539 258.441 -11.2007 -13.4485 44.7155 260.319 -1.75292 305 0 
7.90858 0 0 0 0 262.539 258.441 -11.2007 -13.4485 44.7155 260.319 -1.75292 305 0 
7.91865 0 0 0 0 262.539 258.441 -11.2007 -13.4485 44.7155 260.319 -1.75292 305 0 
7.92873 0 0 0 0 262.539 258.441 -11.2007 -13.4485 44.7155 260.319 -1.75292 305 0 
7.93881 0 0 0 0 262.539 258.441 -11.2007 -13.4485 44.7155 260.319 -1.75292 305 0 
7.94888 0 0 0 0 262.539 258.441 -11.2007 -13.4485 44.7155 260.319 -1.75292 305 0 
7.95896 0 0 0 0 262.539 258.441 -11.2007 -13.4485 44.7155 260.319 -1.75292 305 0 
7.96905 0 0 0 0 262.539 258.441 -11.2007 -13.4485 44.7155 260.319 -1.75292 305 0 
7.97914 0 0 0 0 262.539 258.441 -11.2007 -13.4485 44.7155 260.319 -1.75292 305 0 
7.98921 0 0 0 0 262.539 258.441 -11.2007 -13.4485 44.7155 260.319 -1.75292 305 0 
7.99929 0 0 0 0 262.539 258.441 -11.2007 -13.4485 44.7155 260.319 -1.75292 305 0 
8.00937 0 0 0 0 262.539 258.441 -11.2007 -13.4485 44.7155 260.319 -1.75292 305 0 
8.01944 0 0 0 0 262.539 258.441 -11.2007 -13.4485 44.7155 260.319 -1.75292 305 0 
8.02952 0 0 0 0 262.539 258.441 -11.2007 -13.4485 44.7155 260.319 -1.75292 305 0 
8.03959 0 0 0 0 262.539 258.441 -11.2007 -13.4485 44.7155 260.319 -1.75292 305 0 
8.04967 0 0 0 0 262.539 258.441 -11.2007 -13.4485 44.7155 260.319 -1.75292 305 0 
8.05974 0 0 0 0 262.539 258.441 -11.2007 -13.4485 44.7155 260.319 -1.75292 305 0 
8.06982 0 0 0 0 262.539 258.441 -11.2007 -13.4485 44.7155 260.319 -1.75292 305 0 
8.0799 0 0 0 0 262.539 258.441 -11.2007 -13.4485 44.7155 260.319 -1.75292 305 0 
8.08997 0 0 0 0 262.539 258.441 -11.2007 -13.4485 44.7155 260.319 -1.75292 305 0 
8.10007 0 0 0 0 262.539 258.441 -11.2007 -13.4485 44.7155 260.319 -1.75292 305 0 
8.11015 0 0 0 0 262.539 258.441 -11.2007 -13.4485 44.7155 260.319 -1.75292 305 0 
8.12023 0 0 0 0 262.539 258.441 -11.2007 -13.4485 44.7155 260.319 -1.75292 305 0 
8.13031 0 0 0 0 262.539 258.441 -11.2007 -13.4485 44.7155 260.319 -1.75292 305 0 
8.14038 0 0 0 0 262.539 258.441 -11.2007 -13.4485 44.7155 260.319 -1.75292 305 0 
8.15046 0 0 0 0 262.539 258.441 -11.2007 -13.4485 44.7155 260.319 -1.75292 305 0 
8.16053 0 0 0 0 262.539 258.441 -11.2007 -13.4485 44.7155 260.319 -1.75292 305 0 
8.17061 0 0 0 0 262.539 258.441 -11.2007 -13.4485 44.7155 260.319 -1.75292 305 0 
8.18069 0 0 0 0 262.539 258.441 -11.2007 -13.4485 44.7155 260.319 -1.75292 305 0 
8.19077 0 0 0 0 262.539 258.441 -11.2007 -13.4485 44.7155 260.319 -1.75292 305 0 
8.20085 0 0 0 0 262.539 258.441 -11.2007 -13.4485 44.7155 260.319 -1.75292 305 0 
8.21093 0 0 0 0 262.539 258.441 -11.2007 -13.4485 44.7155 260.319 -1.75292 305 0 
8.22101 0 0 0 0 262.539 258.441 -11.2007 -13.4485 44.7155 260.319 -1.75292 305 0 
8.23109 0 0 0 0 262.539 258.441 -11.2007 -13.4485 44.7155 260.319 -1.75292 305 0 
8.24117 0 0 0 0 262.539 258.441 -11.2007 -13.4485 44.7155 260.319 -1.75292 305 0 
8.25125 0 0 0 0 262.539 258.441 -11.2007 -13.4485 44.7155 260.319 -1.75292 305 0 
8.26132 0 0 0 0 262.539 258.441 -11.2007 -13.4485 44.7155 260.319 -1.75292 305 0 
8.2714 0 0 0 0 262.539 258.441 -11.2007 -13.4485 44.7155 260.319 -1.75292 305 0 
8.28148 0 0 0 0 262.539 258.441 -11.2007 -13.4485 44.7155 260.319 -1.75292 305 0 
8.29155 0 0 0 0 262.539 258.441 -11.2007 -13.4485 44.7155 260.319 -1.75292 305 0 
8.30163 0 0 0 0 262.539 258.441 -11.2007 -13.4485 44.7155 260.319 -1.75292 305 0 
8.3117 0 0 0 0 262.539 258.441 -11.2007 -13.4485 44.7155 260.319 -1.75292 305 0 
8.32178 0 0 0 0 262.539 258.441 -11.2007 -13.4485 44.7155 260.319 -1.75292 305 0 
8.33186 0 0 0 0 262.539 258.441 -11.2007 -13.4485 44.7155 260.319 -1.75292 305 0 
8.34193 0 0 0 0 262.539 258.441 -11.2007 -13.4485 44.7155 260.319 -1.75292 305 0 
8.35201 0 0 0 0 262.539 258.441 -11.2007 -13.4485 44.7155 260.319 -1.75292 305 0 
8.36208 0 0 0 0 262.539 258.441 -11.2007 -13.4485 44.7155 260.319 -1.75292 305 0 
8.37219 0 0 0 0 262.539 258.441 -11.2007 -13.4485 44.7155 260.319 -1.75292 305 0 
8.38228 0 0 0 0 262.539 258.441 -11.2007 -13.4485 44.7155 260.319 -1.75292 305 0 
8.39236 0 0 0 0 262.539 258.441 -11.2007 -13.4485 44.7155 260.319 -1.75292 305 0 
8.40244 0 0 0 0 262.539 258.441 -11.2007 -13.4485 44.7155 260.319 -1.75292 305 0 
8.41252 0 0 0 0 262.539 258.441 -11.2007 -13.4485 44.7155 260.319 -1.75292 305 0 
8.42259 0 0 0 0 262.539 258.441 -11.2007 -13.4485 44.7155 260.319 -1.75292 305 0 
8.43267 0 0 0 0 262.539 258.441 -11.2007 -13.4485 44.7155 260.319 -1.75292 305 0 
8.44275 0 0 0 0 262.539 258.441 -11.2007 -13.4485 44.7155 260.319 -1.75292 305 0 
8.45282 0 0 0 0 262.539 258.441 -11.2007 -13.4485 44.7155 260.319 -1.75292 305 0 
8.46289 0 0 0 0 262.539 258.441 -11.2007 -13.4485 44.7155 260.319 -1.75292 305 0 
8.47297 0 0 0 0 262.539 258.441 -11.2007 -13.4485 44.7155 260.319 -1.75292 305 0 
8.48305 0 0 0 0 262.539 258.441 -11.2007 -13.4485 44.7155 260.319 -1.75292 305 0 
8.49312 0 0 0 0 262.539 258.441 -11.2007 -13.4485 44.7155 260.319 -1.75292 305 0 
8.5032 0 0 0 0 262.539 258.441 -11.2007 -13.4485 44.7155 260.319 -1.75292 305 0 
8.51328 0 0 0 0 262.539 258.441 -11.2007 -13.4485 44.7155 260.319 -1.75292 305 0 
8.52336 0 0 0 0 262.539 258.441 -11.2007 -13.4485 44.7155 260.319 -1.75292 305 0 
8.53343 0 0 0 0 262.539 258.441 -11.2007 -13.4485 44.7155 260.319 -1.75292 305 0 
8.54351 0 0 0 0 262.539 258.441 -11.2007 -13.4485 44.7155 260.319 -1.75292 305 0 
8.55358 0 0 0 0 262.539 258.441 -11.2007 -13.4485 44.7155 260.319 -1.75292 305 0 
8.56366 0 0 0 0 262.539 258.441 -11.2007 -13.4485 44.7155 260.319 -1.75292 305 0 
8.57373 0 0 0 0 262.539 258.441 -11.2007 -13.4485 44.7155 260.319 -1.75292 305 0 
8.58381 0 0 0 0 262.539 258.441 -11.2007 -13.4485 44.7155 260.319 -1.75292 305 0 
8.5939 0 0 0 0 262.539 258.441 -11.2007 -13.4485 44.7155 260.319 -1.75292 305 0 
8.60398 0 0 0 0 262.539 258.441 -11.2007 -13.4485 44.7155 260.319 -1.75292 305 0 
8.61406 0 0 0 0 262.539 258.441 -11.2007 -13.4485 44.7155 260.319 -1.75292 305 0 
8.62414 0 0 0 0 262.539 258.441 -11.2007 -13.4485 44.7155 260.319 -1.75292 305 0 
8.63421 0 0 0 0 262.539 258.441 -11.2007 -13.4485 44.7155 260.319 -1.75292 305 0 
8.6443 0 0 0 0 262.539 258.441 -11.2007 -13.4485 44.7155 260.319 -1.75292 305 0 
8.65438 0 0 0 0 262.539 258.441 -11.2007 -13.4485 44.7155 260.319 -1.75292 305 0 
8.66445 0 0 0 0 262.539 258.441 -11.2007 -13.4485 44.7155 260.319 -1.75292 305 0 
8.67455 0 0 0 0 262.539 258.441 -11.2007 -13.4485 44.7155 260.319 -1.75292 305 0 
8.68463 0 0 0 0 262.539 258.441 -11.2007 -13.4485 44.7155 260.319 -1.75292 305 0 
8.69471 0 0 0 0 262.539 258.441 -11.2007 -13.4485 44.7155 260.319 -1.75292 305 0 
8.70479 0 0 0 0 262.539 258.441 -11.2007 -13.4485 44.7155 260.319 -1.75292 305 0 
8.71486 0 0 0 0 262.539 258.441 -11.2007 -13.4485 44.7155 260.319 -1.75292 305 0 
8.72494 0 0 0 0 262.539 258.441 -11.2007 -13.4485 44.7155 260.319 -1.75292 305 0 
8.73502 0 0 0 0 262.539 258.441 -11.2007 -13.4485 44.7155 260.319 -1.75292 305 0 
8.7451 0 0 0 0 262.539 258.441 -11.2007 -13.4485 44.7155 260.319 -1.75292 305 0 
8.75517 0 0 0 0 262.539 258.441 -11.2007 -13.4485 44.7155 260.319 -1.75292 305 0 
8.76526 0 0 0 0 262.539 258.441 -11.2007 -13.4485 44.7155 260.319 -1.75292 305 0 
8.77535 0 0 0 0 262.539 258.441 -11.2007 -13.4485 44.7155 260.319 -1.75292 305 0 
8.78542 0 0 0 0 262.539 258.441 -11.2007 -13.4485 44.7155 260.319 -1.75292 305 0 
8.7955 0 0 0 0 262.539 258.441 -11.2007 -13.4485 44.7155 260.319 -1.75292 305 0 
8.80557 0 0 0 0 262.539 258.441 -11.2007 -13.4485 44.7155 260.319 -1.75292 305 0 
8.81565 0 0 0 0 262.539 258.441 -11.2007 -13.4485 44.7155 260.319 -1.75292 305 0 
8.82572 0 0 0 0 262.539 258.441 -11.2007 -13.4485 44.7155 260.319 -1.75292 305 0 
8.8358 0 0 0 0 262.539 258.441 -11.2007 -13.4485 44.7155 260.319 -1.75292 305 0 
8.84587 0 0 0 0 262.539 258.441 -11.2007 -13.4485 44.7155 260.319 -1.75292 305 0 
8.85595 0 0 0 0 262.539 258.441 -11.2007 -13.4485 44.7155 260.319 -1.75292 305 0 
8.86603 0 0 0 0 262.539 258.441 -11.2007 -13.4485 44.7155 260.319 -1.75292 305 0 
8.8761 0 0 0 0 262.539 258.441 -11.2007 -13.4485 44.7155 260.319 -1.75292 305 0 
8.88618 0 0 0 0 262.539 258.441 -11.2007 -13.4485 44.7155 260.319 -1.75292 305 0 
8.89626 0 0 0 0 262.539 258.441 -11.2007 -13.4485 44.7155 260.319 -1.75292 305 0 
8.90634 0 0 0 0 262.539 258.441 -11.2007 -13.4485 44.7155 260.319 -1.75292 305 0 
8.91642 0 0 0 0 262.539 258.441 -11.2007 -13.4485 44.7155 260.319 -1.75292 305 0 
8.9265 0 0 0 0 262.539 258.441 -11.2007 -13.4485 44.7155 260.319 -1.75292 305 0 
8.93658 0 0 0 0 262.539 258.441 -11.2007 -13.4485 44.7155 260.319 -1.75292 305 0 
8.94666 0 0 0 0 262.539 258.441 -11.2007 -13.4485 44.7155 260.319 -1.75292 305 0 
8.95674 0 0 0 0 262.539 258.441 -11.2007 -13.4485 44.7155 260.319 -1.75292 305 0 
8.96681 0 0 0 0 262.539 258.441 -11.2007 -13.4485 44.7155 260.319 -1.75292 305 0 
8.97689 0 0 0 0 262.539 258.441 -11.2007 -13.4485 44.7155 260.319 -1.75292 305 0 
8.98697 0 0 0 0 262.539 258.441 -11.2007 -13.4485 44.7155 260.319 -1.75292 305 0 
8.99706 0 0 0 0 262.539 258.441 -11.2007 -13.4485 44.7155 260.319 -1.75292 305 0 
9.00714 0 0 0 0 262.539 258.441 -11.2007 -13.4485 44.7155 260.319 -1.75292 305 0 
9.01722 0 0 0 0 262.539 258.441 -11.2007 -13.4485 44.7155 260.319 -1.75292 305 0 
9.02732 0 0 0 0 262.539 258.441 -11.2007 -13.4485 44.7155 260.319 -1.75292 305 0 
9.03741 0 0 0 0 262.539 258.441 -11.2007 -13.4485 44.7155 260.319 -1.75292 305 0 
9.04749 0 0 0 0 262.539 258.441 -11.2007 -13.4485 44.7155 260.319 -1.75292 305 0 
9.05756 0 0 0 0 262.539 258.441 -11.2007 -13.4485 44.7155 260.319 -1.75292 305 0 
9.06764 0 0 0 0 262.539 258.441 -11.2007 -13.4485 44.7155 260.319 -1.75292 305 0 
9.07771 0 0 0 0 262.539 258.441 -11.2007 -13.4485 44.7155 260.319 -1.75292 305 0 
9.08781 0 0 0 0 262.539 258.441 -11.2007 -13.4485 44.7155 260.319 -1.75292 305 0 
9.09789 0 0 0 0 262.539 258.441 -11.2007 -13.4485 44.7155 260.319 -1.75292 305 0 
9.10797 0 0 0 0 262.539 258.441 -11.2007 -13.4485 44.7155 260.319 -1.75292 305 0 
9.11809 0 0 0 0 262.539 258.441 -11.2007 -13.4485 44.7155 260.319 -1.75292 305 0 
9.12817 0 0 0 0 262.539 258.441 -11.2007 -13.4485 44.7155 260.319 -1.75292 305 0 
9.13824 0 0 0 0 262.539 258.441 -11.2007 -13.4485 44.7155 260.319 -1.75292 305 0 
9.14831 0 0 0 0 262.539 258.441 -11.2007 -13.4485 44.7155 260.319 -1.75292 305 0 
9.1584 0 0 0 0 262.539 258.441 -11.2007 -13.4485 44.7155 260.319 -1.75292 305 0 
9.16848 0 0 0 0 262.539 258.441 -11.2007 -13.4485 44.7155 260.319 -1.75292 305 0 
9.17855 0 0 0 0 262.539 258.441 -11.2007 -13.4485 44.7155 260.319 -1.75292 305 0 
9.18864 0 0 0 0 262.539 258.441 -11.2007 -13.4485 44.7155 260.319 -1.75292 305 0 
9.19872 0 0 0 0 262.539 258.441 -11.2007 -13.4485 44.7155 260.319 -1.75292 305 0 
9.2088 0 0 0 0 262.539 258.441 -11.2007 -13.4485 44.7155 260.319 -1.75292 305 0 
9.21889 0 0 0 0 262.539 258.441 -11.2007 -13.4485 44.7155 260.319 -1.75292 305 0 
9.22896 0 0 0 0 262.539 258.441 -11.2007 -13.4485 44.7155 260.319 -1.75292 305 0 
9.23904 0 0 0 0 262.539 258.441 -11.2007 -13.4485 44.7155 260.319 -1.75292 305 0 
9.24911 0 0 0 0 262.539 258.441 -11.2007 -13.4485 44.7155 260.319 -1.75292 305 0 
9.2592 0 0 0 0 262.539 258.441 -11.2007 -13.4485 44.7155 260.319 -1.75292 305 0 
9.26928 0 0 0 0 262.539 258.441 -11.2007 -13.4485 44.7155 260.319 -1.75292 305 0 
9.27937 0 0 0 0 262.539 258.441 -11.2007 -13.4485 44.7155 260.319 -1.75292 305 0 
9.28944 0 0 0 0 262.539 258.441 -11.2007 -13.4485 44.7155 260.319 -1.75292 305 0 
9.29952 0 0 0 0 262.539 258.441 -11.2007 -13.4485 44.7155 260.319 -1.75292 305 0 
9.3096 0 0 0 0 262.539 258.441 -11.2007 -13.4485 44.7155 260.319 -1.75292 305 0 
9.31968 0 0 0 0 262.539 258.441 -11.2007 -13.4485 44.7155 260.319 -1.75292 305 0 
9.32976 0 0 0 0 262.539 258.441 -11.2007 -13.4485 44.7155 260.319 -1.75292 305 0 
9.33985 0 0 0 0 262.539 258.441 -11.2007 -13.4485 44.7155 260.319 -1.75292 305 0 
9.34994 0 0 0 0 262.539 258.441 -11.2007 -13.4485 44.7155 260.319 -1.75292 305 0 
9.36002 0 0 0 0 262.539 258.441 -11.2007 -13.4485 44.7155 260.319 -1.75292 305 0 
9.3701 0 0 0 0 262.539 258.441 -11.2007 -13.4485 44.7155 260.319 -1.75292 305 0 
9.38018 0 0 0 0 262.539 258.441 -11.2007 -13.4485 44.7155 260.319 -1.75292 305 0 
9.39026 0 0 0 0 262.539 258.441 -11.2007 -13.4485 44.7155 260.319 -1.75292 305 0 
9.40033 0 0 0 0 262.539 258.441 -11.2007 -13.4485 44.7155 260.319 -1.75292 305 0 
9.41041 0 0 0 0 262.539 258.441 -11.2007 -13.4485 44.7155 260.319 -1.75292 305 0 
9.42049 0 0 0 0 262.539 258.441 -11.2007 -13.4485 44.7155 260.319 -1.75292 305 0 
9.43057 0 0 0 0 262.539 258.441 -11.2007 -13.4485 44.7155 260.319 -1.75292 305 0 
9.44064 0 0 0 0 262.539 258.441 -11.2007 -13.4485 44.7155 260.319 -1.75292 305 0 
9.45073 0 0 0 0 262.539 258.441 -11.2007 -13.4485 44.7155 260.319 -1.75292 305 0 
9.4608 0 0 0 0 262.539 258.441 -11.2007 -13.4485 44.7155 260.319 -1.75292 305 0 
9.47088 0 0 0 0 262.539 258.441 -11.2007 -13.4485 44.7155 260.319 -1.75292 305 0 
9.48096 0 0 0 0 262.539 258.441 -11.2007 -13.4485 44.7155 260.319 -1.75292 305 0 
9.49103 0 0 0 0 262.539 258.441 -11.2007 -13.4485 44.7155 260.319 -1.75292 305 0 
9.50111 0 0 0 0 262.539 258.441 -11.2007 -13.4485 44.7155 260.319 -1.75292 305 0 
9.51118 0 0 0 0 262.539 258.441 -11.2007 -13.4485 44.7155 260.319 -1.75292 305 0 
9.52126 0 0 0 0 262.539 258.441 -11.2007 -13.4485 44.7155 260.319 -1.75292 305 0 
9.53133 0 0 0 0 262.539 258.441 -11.2007 -13.4485 44.7155 260.319 -1.75292 305 0 
9.54141 0 0 0 0 262.539 258.441 -11.2007 -13.4485 44.7155 260.319 -1.75292 305 0 
9.55149 0 0 0 0 262.539 258.441 -11.2007 -13.4485 44.7155 260.319 -1.75292 305 0 
9.56157 0 0 0 0 262.539 258.441 -11.2007 -13.4485 44.7155 260.319 -1.75292 305 0 
9.57165 0 0 0 0 262.539 258.441 -11.2007 -13.4485 44.7155 260.319 -1.75292 305 0 
9.58173 0.00104167 0 2.28958 0 262.561 258.441 -11.2616 -13.5127 44.7047 260.33 -1.75509 305 0 
9.59181 0 0 0 0 262.606 258.441 -11.3833 -13.6412 44.683 260.352 -1.75946 305 0 
9.60189 0 0 0 0 262.65 258.441 -11.5051 -13.7697 44.6614 260.373 -1.76388 305 0 
9.61199 0 0 0 0 262.65 258.441 -11.5051 -13.7697 44.6614 260.373 -1.76388 305 0 
9.62207 0 0 0 0 262.65 258.441 -11.5051 -13.7697 44.6614 260.373 -1.76388 305 0 
9.63215 0 0 0 0 262.673 258.441 -11.566 -13.834 44.6505 260.384 -1.76611 305 0 
9.64224 0 0 0 0 262.673 258.441 -11.566 -13.834 44.6505 260.384 -1.76611 305 0 
9.65232 0 0 0 0 262.673 258.441 -11.566 -13.834 44.6505 260.384 -1.76611 305 0 
9.6624 0 0 0 0 262.673 258.441 -11.566 -13.834 44.6505 260.384 -1.76611 305 0 
9.67247 0 0 0 0 262.673 258.441 -11.566 -13.834 44.6505 260.384 -1.76611 305 0 
9.68255 0 0 0 0 262.673 258.441 -11.566 -13.834 44.6505 260.384 -1.76611 305 0 
9.69264 0 0 0 0 262.673 258.441 -11.566 -13.834 44.6505 260.384 -1.76611 305 0 
9.70272 0 0 0 0 262.673 258.441 -11.566 -13.834 44.6505 260.384 -1.76611 305 0 
9.71279 0 0 0 0 262.673 258.441 -11.566 -13.834 44.6505 260.384 -1.76611 305 0 
9.72287 0 0 0 0 262.673 258.441 -11.566 -13.834 44.6505 260.384 -1.76611 305 0 
9.73294 0 0 0 0 262.673 258.441 -11.566 -13.834 44.6505 260.384 -1.76611 305 0 
9.74303 0 0 0 0 262.673 258.441 -11.566 -13.834 44.6505 260.384 -1.76611 305 0 
9.75311 0 0 0 0 262.673 258.441 -11.566 -13.834 44.6505 260.384 -1.76611 305 0 
9.76319 0 0 0 0 262.673 258.441 -11.566 -13.834 44.6505 260.384 -1.76611 305 0 
9.77326 0 0 0 0 262.673 258.441 -11.566 -13.834 44.6505 260.384 -1.76611 305 0 
9.78334 0 0 0 0 262.673 258.441 -11.566 -13.834 44.6505 260.384 -1.76611 305 0 
9.79342 0 0 0 0 262.673 258.441 -11.566 -13.834 44.6505 260.384 -1.76611 305 0 
9.80349 0 0 0 0 262.673 258.441 -11.566 -13.834 44.6505 260.384 -1.76611 305 0 
9.81357 0 0 0 0 262.673 258.441 -11.566 -13.834 44.6505 260.384 -1.76611 305 0 
9.82365 0 0 0 0 262.673 258.441 -11.566 -13.834 44.6505 260.384 -1.76611 305 0 
9.83372 0 0 0 0 262.673 258.441 -11.566 -13.834 44.6505 260.384 -1.76611 305 0 
9.84381 0 0 0 0 262.673 258.441 -11.566 -13.834 44.6505 260.384 -1.76611 305 0 
9.85388 0 0 0 0 262.673 258.441 -11.566 -13.834 44.6505 260.384 -1.76611 305 0 
9.86396 0 0 0 0 262.673 258.441 -11.566 -13.834 44.6505 260.384 -1.76611 305 0 
9.87403 0 0 0 0 262.673 258.441 -11.566 -13.834 44.6505 260.384 -1.76611 305 0 
9.88411 0 0 0 0 262.673 258.441 -11.566 -13.834 44.6505 260.384 -1.76611 305 0 
9.89419 0 0 0 0 262.673 258.441 -11.566 -13.834 44.6505 260.384 -1.76611 305 0 
9.90427 0 0 0 0 262.673 258.441 -11.566 -13.834 44.6505 260.384 -1.76611 305 0 
9.91436 0 0 0 0 262.673 258.441 -11.566 -13.834 44.6505 260.384 -1.76611 305 0 
9.92443 0 0 0 0 262.673 258.441 -11.566 -13.834 44.6505 260.384 -1.76611 305 0 
9.93458 0 0 0 0 262.673 258.441 -11.566 -13.834 44.6505 260.384 -1.76611 305 0 
9.94465 0 0 0 0 262.673 258.441 -11.566 -13.834 44.6505 260.384 -1.76611 305 0 
9.95473 0 0 0 0 262.673 258.441 -11.566 -13.834 44.6505 260.384 -1.76611 305 0 
9.9648 0 0 0 0 262.673 258.441 -11.566 -13.834 44.6505 260.384 -1.76611 305 0 
9.97488 0 0 0 0 262.673 258.441 -11.566 -13.834 44.6505 260.384 -1.76611 305 0 
9.98496 0 0 0 0 262.673 258.441 -11.566 -13.834 44.6505 260.384 -1.76611 305 0 
9.99504 0 0 0 0 262.673 258.441 -11.566 -13.834 44.6505 260.384 -1.76611 305 0 
10.0051 0 0 0 0 262.673 258.441 -11.566 -13.834 44.6505 260.384 -1.76611 305 0 
10.0152 0 0 0 0 262.673 258.441 -11.566 -13.834 44.6505 260.384 -1.76611 305 0 
10.0253 0 0 0 0 262.673 258.441 -11.566 -13.834 44.6505 260.384 -1.76611 305 0 
10.0354 0 0 0 0 262.673 258.441 -11.566 -13.834 44.6505 260.384 -1.76611 305 0 
10.0455 0 0 0 0 262.673 258.441 -11.566 -13.834 44.6505 260.384 -1.76611 305 0 
10.0555 0 0 0 0 262.673 258.441 -11.566 -13.834 44.6505 260.384 -1.76611 305 0 
10.0656 0 0 0 0 262.673 258.441 -11.566 -13.834 44.6505 260.384 -1.76611 305 0 
10.0757 0 0 0 0 262.673 258.441 -11.566 -13.834 44.6505 260.384 -1.76611 305 0 
10.0858 0 0 0 0 262.673 258.441 -11.566 -13.834 44.6505 260.384 -1.76611 305 0 
10.0959 0 0 0 0 262.673 258.441 -11.566 -13.834 44.6505 260.384 -1.76611 305 0 
10.106 0 0 0 0 262.673 258.441 -11.566 -13.834 44.6505 260.384 -1.76611 305 0 
10.116 0 0 0 0 262.673 258.441 -11.566 -13.834 44.6505 260.384 -1.76611 305 0 
