0 0 0 0 0 0 0 0 0 0 0 0 0 0
0.01 0 0 0 0 0 0 0 0 305 0 0 305 0 
0.04831 0.00208333 0.00208333 4.57917 4.57917 0.0445434 0.0445434 0 0 304.955 0.0446 0 305 0 
0.058406 0.00208333 0.00208333 4.57917 4.57917 0.0890869 0.0890869 0 0 304.911 0.0892 0 305 0 
0.068485 0.00208333 0.00208333 4.57917 4.57917 0.13363 0.13363 0 0 304.866 0.1338 0 305 0 
0.07859 0.00208333 0.00104167 4.57917 2.28958 0.178174 0.155902 -0.0608735 -0.0608769 304.833 0.16725 -1.77604e-05 305 0 
0.088771 0.003125 0.00416667 6.86875 9.15833 0.244989 0.244989 0 -1.11358e-05 304.755 0.2453 -5.92012e-05 305 0 
0.09888 0.00520833 0.00416667 11.4479 9.15833 0.356347 0.334076 -0.0608735 -0.0608947 304.654 0.34565 -0.000112482 305 0 
0.108982 0.00416667 0.00520833 9.15833 11.4479 0.445434 0.445434 0 -3.12009e-05 304.554 0.446 -0.000165763 305 0 
0.119061 0.00416667 0.00520833 9.15833 11.4479 0.534521 0.556793 0.0608735 0.0608523 304.454 0.54635 -0.000112482 305 0 
0.129147 0.00520833 0.00625 11.4479 13.7375 0.668151 0.690423 0.0608735 0.0608791 304.32 0.68015 2.96006e-05 305 0 
0.139242 0.00625 0.00625 13.7375 13.7375 0.801782 0.824053 0.0608735 0.0609059 304.186 0.81395 0.000171683 305 0 
0.149355 0.00625 0.00729167 13.7375 16.0271 0.935412 0.979955 0.121747 0.121823 304.041 0.9589 0.000402568 305 0 
0.159476 0.00729167 0.00729167 16.0271 16.0271 1.09131 1.13586 0.121747 0.121886 303.885 1.115 0.000734094 305 0 
0.169577 0.00729167 0.00833333 16.0271 18.3167 1.24722 1.31403 0.182621 0.182843 303.718 1.28225 0.0011781 305 0 
0.179683 0.00833333 0.00833333 18.3167 18.3167 1.42539 1.4922 0.182621 0.18295 303.539 1.46065 0.00174643 305 0 
0.189779 0.00833333 0.00833333 18.3167 18.3167 1.60356 1.67038 0.182621 0.183058 303.361 1.63905 0.00231476 305 0 
0.199878 0.0104167 0.0104167 22.8958 22.8958 1.82628 1.8931 0.182621 0.183193 303.138 1.86205 0.00302518 305 0 
0.209972 0.0104167 0.0104167 22.8958 22.8958 2.049 2.11581 0.182621 0.183327 302.915 2.08504 0.00373559 305 0 
0.220065 0.0104167 0.0104167 22.8958 22.8958 2.27171 2.33853 0.182621 0.183463 302.692 2.30804 0.004446 305 0 
0.230169 0.0114583 0.0114583 25.1854 25.1854 2.5167 2.58352 0.182621 0.183611 302.447 2.55334 0.00522746 305 0 
0.240267 0.0114583 0.0104167 25.1854 22.8958 2.76169 2.82851 0.182621 0.18376 302.201 2.79864 0.00600891 305 0 
0.250364 0.0104167 0.0125 22.8958 27.475 2.98441 3.09577 0.304368 0.305706 301.956 3.04394 0.00705085 305 0 
0.260463 0.0114583 0.0114583 25.1854 25.1854 3.25167 3.34076 0.243494 0.245067 301.7 3.30039 0.00827631 305 0 
0.270561 0.0114583 0.0104167 25.1854 22.8958 3.49666 3.58575 0.243494 0.245266 301.454 3.54568 0.00931825 305 0 
0.280664 0.0104167 0.0125 22.8958 27.475 3.74165 3.87528 0.365241 0.367285 301.187 3.81328 0.0107391 305 0 
0.290764 0.0114583 0.0135417 25.1854 29.7646 4.00891 4.16481 0.426115 0.428527 300.908 4.09202 0.0126631 305 0 
0.300887 0.0135417 0.0145833 29.7646 32.0542 4.32071 4.47661 0.426115 0.428972 300.596 4.40421 0.0149838 305 0 
0.311916 0.0135417 0.0135417 29.7646 29.7646 4.61024 4.76615 0.426115 0.429386 300.306 4.69411 0.0171387 305 0 
0.322022 0.0125 0.0125 27.475 27.475 4.89978 5.05568 0.426115 0.429801 300.016 4.984 0.0192936 305 0 
0.332118 0.0145833 0.0135417 32.0542 29.7646 5.21158 5.36748 0.426115 0.430249 299.704 5.29619 0.0216142 305 0 
0.342221 0.0145833 0.0135417 32.0542 29.7646 5.52339 5.67929 0.426115 0.430698 299.392 5.60838 0.0239349 305 0 
0.352323 0.0135417 0.0145833 29.7646 32.0542 5.81292 6.01336 0.547862 0.552958 299.079 5.92057 0.0265871 305 0 
0.362424 0.0135417 0.0145833 29.7646 32.0542 6.12472 6.34744 0.608735 0.614463 298.756 6.2439 0.029849 305 0 
0.372526 0.0145833 0.015625 32.0542 34.3438 6.4588 6.68151 0.608735 0.615151 298.422 6.57838 0.033401 305 0 
0.382624 0.0145833 0.0145833 32.0542 32.0542 6.7706 7.01559 0.669609 0.676725 298.098 6.90171 0.0370063 305 0 
0.392719 0.0145833 0.0166667 32.0542 36.6333 7.08241 7.37194 0.791356 0.799301 297.764 7.23619 0.0412687 305 0 
0.402823 0.015625 0.015625 34.3438 34.3438 7.43875 7.70601 0.730482 0.739321 297.418 7.58181 0.0458566 305 0 
0.41292 0.015625 0.0145833 34.3438 32.0542 7.77283 8.04009 0.730482 0.740153 297.084 7.91628 0.050119 305 0 
0.423019 0.0145833 0.015625 32.0542 34.3438 8.1069 8.41871 0.852229 0.862863 296.727 8.27305 0.0550444 305 0 
0.433126 0.015625 0.0166667 34.3438 36.6333 8.46325 8.79733 0.913103 0.924846 296.359 8.64095 0.0607097 305 0 
0.443298 0.015625 0.0166667 34.3438 36.6333 8.8196 9.15368 0.913103 0.925961 296.002 8.99771 0.0663928 305 0 
0.453408 0.015625 0.0177083 34.3438 38.9229 9.19822 9.55457 0.973976 0.988097 295.612 9.3879 0.0728158 305 0 
0.463509 0.0166667 0.0166667 36.6333 36.6333 9.57684 9.91091 0.913103 0.928417 295.244 9.7558 0.0788718 305 0 
0.473606 0.0166667 0.0177083 36.6333 38.9229 9.93318 10.3118 1.03485 1.05144 294.865 10.1348 0.0853126 305 0 
0.483695 0.0114583 0.0104167 25.1854 22.8958 10.2004 10.5345 0.913103 0.930513 294.62 10.3801 0.0894802 305 0 
0.493804 0.0166667 0.0166667 36.6333 36.6333 10.5568 10.9354 1.03485 1.05354 294.241 10.7592 0.0959209 305 0 
0.503908 0.0177083 0.0177083 38.9229 38.9229 10.9577 11.314 0.973976 0.994023 293.851 11.1493 0.102758 305 0 
0.514016 0.0166667 0.0177083 36.6333 38.9229 11.314 11.7149 1.09572 1.11713 293.472 11.5284 0.109602 305 0 
0.524117 0.0166667 0.0177083 36.6333 38.9229 11.7149 12.1158 1.09572 1.11866 293.07 11.9297 0.117274 305 0 
0.534218 0.0177083 0.0177083 38.9229 38.9229 12.1158 12.5167 1.09572 1.1202 292.669 12.331 0.124946 305 0 
0.544328 0.01875 0.01875 41.2125 41.2125 12.5167 12.9399 1.1566 1.18269 292.257 12.7435 0.13305 305 0 
0.554432 0.01875 0.01875 41.2125 41.2125 12.9176 13.3408 1.1566 1.18432 291.855 13.1448 0.141148 305 0 
0.56453 0.01875 0.0197917 41.2125 43.5021 13.3185 13.7639 1.21747 1.24691 291.443 13.5573 0.14969 305 0 
0.574634 0.01875 0.01875 41.2125 41.2125 13.7194 14.1871 1.27834 1.3096 291.03 13.9697 0.15867 305 0 
0.584736 0.01875 0.0197917 41.2125 43.5021 14.1203 14.6102 1.33922 1.37237 290.618 14.3822 0.168088 305 0 
0.594852 0.01875 0.01875 41.2125 41.2125 14.5212 15.0334 1.40009 1.43524 290.205 14.7946 0.177944 305 0 
0.604953 0.01875 0.0197917 41.2125 43.5021 14.922 15.4566 1.46096 1.4982 289.793 15.207 0.188238 305 0 
0.615057 0.0177083 0.01875 38.9229 41.2125 15.3229 15.8797 1.52184 1.56125 289.381 15.6194 0.19897 305 0 
0.625164 0.01875 0.01875 41.2125 41.2125 15.7684 16.3029 1.46096 1.50268 288.946 16.0542 0.210282 305 0 
0.635261 0.01875 0.01875 41.2125 41.2125 16.1693 16.7261 1.52184 1.56575 288.534 16.4666 0.221014 305 0 
0.645362 0.0197917 0.0197917 43.5021 43.5021 16.6147 17.1715 1.52184 1.56817 288.088 16.9124 0.232853 305 0 
0.655551 0.01875 0.0208333 41.2125 45.7917 17.0156 17.6169 1.64359 1.69232 287.664 17.3359 0.24455 305 0 
0.665648 0.01875 0.0197917 41.2125 43.5021 17.461 18.0401 1.58271 1.63396 287.229 17.7706 0.256785 305 0 
0.675752 0.0197917 0.01875 43.5021 41.2125 17.9065 18.4633 1.52184 1.57552 286.795 18.2053 0.268559 305 0 
0.685858 0.0208333 0.01875 45.7917 41.2125 18.3519 18.9087 1.52184 1.57797 286.349 18.6512 0.280398 305 0 
0.695959 0.0208333 0.0197917 45.7917 43.5021 18.7973 19.3764 1.58271 1.64142 285.892 19.1081 0.292775 305 0 
0.706059 0.0197917 0.0197917 43.5021 43.5021 19.2205 19.8218 1.64359 1.70484 285.457 19.5428 0.30501 305 0 
0.716165 0.0197917 0.0208333 43.5021 45.7917 19.6659 20.2895 1.70446 1.76849 285 19.9998 0.318358 305 0 
0.726267 0.0197917 0.0208333 43.5021 45.7917 20.1114 20.735 1.70446 1.77126 284.555 20.4456 0.331617 305 0 
0.736364 0.0197917 0.0208333 43.5021 45.7917 20.5568 21.1804 1.70446 1.77404 284.109 20.8914 0.344877 305 0 
0.746463 0.0208333 0.0208333 45.7917 45.7917 21.0245 21.6481 1.70446 1.77697 283.641 21.3595 0.358799 305 0 
0.756561 0.0208333 0.0197917 45.7917 43.5021 21.4699 22.0935 1.70446 1.77977 283.195 21.8053 0.372058 305 0 
0.766662 0.0208333 0.0208333 45.7917 45.7917 21.9154 22.5612 1.76533 1.84357 282.738 22.2622 0.385891 305 0 
0.776764 0.0197917 0.0208333 43.5021 45.7917 22.3608 23.0067 1.76533 1.84648 282.292 22.708 0.399623 305 0 
0.786873 0.0197917 0.0208333 43.5021 45.7917 22.8285 23.4744 1.76533 1.84955 281.824 23.1761 0.414043 305 0 
0.796982 0.0197917 0.0208333 43.5021 45.7917 23.2739 23.9421 1.82621 1.91348 281.367 23.633 0.428361 305 0 
0.80709 0.0208333 0.0208333 45.7917 45.7917 23.7416 24.3875 1.76533 1.85567 280.91 24.0899 0.442679 305 0 
0.817194 0.0208333 0.01875 45.7917 41.2125 24.1871 24.8107 1.70446 1.79762 280.476 24.5246 0.455838 305 0 
0.827293 0.0208333 0.0208333 45.7917 45.7917 24.6548 25.2784 1.70446 1.80063 280.008 24.9927 0.46976 305 0 
0.837436 0.0208333 0.0208333 45.7917 45.7917 25.1225 25.7461 1.70446 1.80365 279.54 25.4608 0.483682 305 0 
0.847523 0.0208333 0.0208333 45.7917 45.7917 25.5679 26.2138 1.76533 1.86752 279.083 25.9177 0.497515 305 0 
0.857606 0.0208333 0.021875 45.7917 48.0812 26.0134 26.6815 1.82621 1.93151 278.626 26.3746 0.511834 305 0 
0.867691 0.01875 0.01875 41.2125 41.2125 26.4365 27.1047 1.82621 1.93445 278.202 26.7981 0.525329 305 0 
0.877778 0.0125 0.0125 27.475 27.475 26.7261 27.3719 1.76533 1.87549 277.924 27.0767 0.53406 305 0 
0.887881 0.0208333 0.021875 45.7917 48.0812 27.1938 27.8619 1.82621 1.93965 277.445 27.5559 0.549077 305 0 
0.897991 0.0208333 0.021875 45.7917 48.0812 27.6392 28.3296 1.88708 2.00378 276.988 28.0129 0.56388 305 0 
0.908119 0.0208333 0.0208333 45.7917 45.7917 28.1069 28.7973 1.88708 2.00717 276.52 28.4809 0.579294 305 0 
0.918224 0.0208333 0.021875 45.7917 48.0812 28.5746 29.2873 1.94795 2.07158 276.041 28.9601 0.595328 305 0 
0.928336 0.0197917 0.021875 43.5021 48.0812 29.02 29.755 2.00883 2.13594 275.584 29.417 0.611102 305 0 
0.938452 0.0208333 0.021875 45.7917 48.0812 29.51 30.245 2.00883 2.13975 275.093 29.9073 0.628291 305 0 
0.948648 0.0208333 0.0208333 45.7917 45.7917 29.9555 30.7127 2.0697 2.20424 274.637 30.3641 0.64455 305 0 
0.958764 0.0208333 0.0208333 45.7917 45.7917 30.4454 31.2027 2.0697 2.20818 274.146 30.8544 0.662259 305 0 
0.968876 0.0166667 0.0166667 36.6333 36.6333 30.8018 31.5813 2.13057 2.27206 273.779 31.2221 0.675736 305 0 
0.97898 0.021875 0.0208333 48.0812 45.7917 31.2918 32.0267 2.00883 2.1541 273.311 31.6901 0.69264 305 0 
0.989097 0.0208333 0.0208333 45.7917 45.7917 31.7372 32.5167 2.13057 2.27965 272.843 32.1581 0.709545 305 0 
0.999207 0.0208333 0.021875 45.7917 48.0812 32.2049 33.0067 2.19145 2.34459 272.364 32.6372 0.727614 305 0 
1.00931 0.0208333 0.021875 45.7917 48.0812 32.6726 33.4744 2.19145 2.34863 271.896 33.1052 0.745512 305 0 
1.01942 0.0208333 0.0208333 45.7917 45.7917 33.118 33.9421 2.25232 2.41351 271.439 33.562 0.763227 305 0 
1.02953 0.021875 0.0208333 48.0812 45.7917 33.608 34.4321 2.25232 2.41787 270.949 34.0522 0.782498 305 0 
1.03964 0.0208333 0.021875 45.7917 48.0812 34.0535 34.9221 2.37407 2.54391 270.481 34.5201 0.80139 305 0 
1.04975 0.0208333 0.021875 45.7917 48.0812 34.5434 35.412 2.37407 2.54853 269.991 35.0103 0.821702 305 0 
1.05987 0.0208333 0.0208333 45.7917 45.7917 34.9889 35.902 2.49581 2.67481 269.523 35.4782 0.841587 305 0 
1.06998 0.01875 0.0208333 41.2125 45.7917 35.4343 36.392 2.61756 2.80132 269.055 35.946 0.862467 305 0 
1.08013 0.0208333 0.0177083 45.7917 38.9229 35.8797 36.7929 2.49581 2.68389 268.632 36.3693 0.881357 305 0 
1.09024 0.0208333 0.021875 45.7917 48.0812 36.3474 37.2829 2.55669 2.74962 268.153 36.8483 0.902479 305 0 
1.10034 0.0208333 0.021875 45.7917 48.0812 36.8151 37.7506 2.55669 2.75443 267.685 37.3161 0.923359 305 0 
1.11045 0.0208333 0.0208333 45.7917 45.7917 37.2829 38.2183 2.55669 2.75925 267.218 37.7839 0.944238 305 0 
1.12058 0.0208333 0.0208333 45.7917 45.7917 37.7506 38.7082 2.61756 2.82514 266.739 38.2629 0.965869 305 0 
1.13069 0.021875 0.021875 48.0812 48.0812 38.2405 39.1982 2.61756 2.83034 266.249 38.753 0.988263 305 0 
1.14079 0.021875 0.0208333 48.0812 45.7917 38.7082 39.6437 2.55669 2.77428 265.792 39.2097 1.00889 305 0 
1.1509 0.0208333 0.021875 45.7917 48.0812 39.1759 40.1336 2.61756 2.84022 265.313 39.6886 1.03052 305 0 
1.16102 0.021875 0.021875 48.0812 48.0812 39.6659 40.6236 2.61756 2.84548 264.823 40.1787 1.05291 305 0 
1.17113 0.021875 0.021875 48.0812 48.0812 40.1559 41.1136 2.61756 2.85076 264.333 40.6688 1.07531 305 0 
1.18124 0.021875 0.0208333 48.0812 45.7917 40.6236 41.5813 2.61756 2.85582 263.866 41.1366 1.09668 305 0 
1.19134 0.0208333 0.0208333 45.7917 45.7917 41.0913 42.0713 2.67843 2.92194 263.387 41.6156 1.11882 305 0 
1.20146 0.021875 0.0208333 48.0812 45.7917 41.559 42.5612 2.73931 2.9882 262.908 42.0945 1.14147 305 0 
1.21157 0.021875 0.0208333 48.0812 45.7917 42.049 43.0512 2.73931 2.99378 262.418 42.5845 1.1649 305 0 
1.22167 0.0208333 0.021875 45.7917 48.0812 42.5167 43.5412 2.80018 3.06019 261.939 43.0634 1.18806 305 0 
1.23178 0.021875 0.0229167 48.0812 50.3708 43.0067 44.0312 2.80018 3.06593 261.449 43.5534 1.21202 305 0 
1.24189 0.021875 0.021875 48.0812 48.0812 43.4744 44.4989 2.80018 3.07143 260.982 44.0212 1.23488 305 0 
1.25201 0.0208333 0.0208333 45.7917 45.7917 43.9421 44.9666 2.80018 3.07694 260.514 44.4889 1.25775 305 0 
1.26211 0.021875 0.0208333 48.0812 45.7917 44.4321 45.4566 2.80018 3.08275 260.024 44.9789 1.2817 305 0 
1.2722 0.0229167 0.0208333 50.3708 45.7917 44.9221 45.9465 2.80018 3.08857 259.534 45.4689 1.30566 305 0 
1.28229 0.021875 0.021875 48.0812 48.0812 45.3898 46.4365 2.86106 3.15521 259.056 45.9478 1.32932 305 0 
1.29243 0.0208333 0.0229167 45.7917 50.3708 45.8575 46.9265 2.92193 3.22199 258.577 46.4266 1.3535 305 0 
1.30254 0.0208333 0.0229167 45.7917 50.3708 46.3474 47.4165 2.92193 3.22811 258.087 46.9166 1.37849 305 0 
1.31266 0.0208333 0.0229167 45.7917 50.3708 46.8151 47.9065 2.9828 3.29505 257.608 47.3954 1.40317 305 0 
1.32279 0.0208333 0.0229167 45.7917 50.3708 47.2829 48.3964 3.04368 3.36212 257.13 47.8742 1.42836 305 0 
1.33294 0.021875 0.021875 48.0812 48.0812 47.7728 48.8641 2.9828 3.30747 256.651 48.353 1.45355 305 0 
1.34305 0.0208333 0.0208333 45.7917 45.7917 48.2183 49.3318 3.04368 3.37429 256.195 48.8095 1.47757 305 0 
1.35316 0.0208333 0.0208333 45.7917 45.7917 48.7082 49.8218 3.04368 3.38076 255.705 49.2994 1.50361 305 0 
1.36324 0.021875 0.021875 48.0812 48.0812 49.1759 50.3118 3.10455 3.44804 255.226 49.7782 1.52931 305 0 
1.37333 0.0208333 0.021875 45.7917 48.0812 49.6437 50.8018 3.16542 3.51546 254.748 50.2569 1.55552 305 0 
1.38344 0.021875 0.021875 48.0812 48.0812 50.1114 51.2918 3.2263 3.58301 254.269 50.7356 1.58223 305 0 
1.39354 0.0208333 0.021875 45.7917 48.0812 50.5791 51.7817 3.28717 3.65071 253.791 51.2143 1.60945 305 0 
1.40365 0.0208333 0.0208333 45.7917 45.7917 51.069 52.2717 3.28717 3.65777 253.301 51.7041 1.63757 305 0 
1.41376 0.021875 0.0208333 48.0812 45.7917 51.5367 52.7617 3.34804 3.72564 252.823 52.1827 1.6653 305 0 
1.42387 0.0208333 0.01875 45.7917 41.2125 52.0045 53.2071 3.28717 3.67145 252.367 52.6391 1.69175 305 0 
1.43399 0.0208333 0.0208333 45.7917 45.7917 52.4722 53.6971 3.34804 3.73937 251.888 53.1178 1.71948 305 0 
1.44409 0.021875 0.021875 48.0812 48.0812 52.9621 54.1871 3.34804 3.74666 251.399 53.6075 1.74812 305 0 
1.45426 0.0145833 0.0135417 32.0542 29.7646 53.2739 54.4989 3.34804 3.75131 251.087 53.9192 1.76634 305 0 
1.46439 0.0208333 0.021875 45.7917 48.0812 53.7416 55.0111 3.46979 3.88052 250.598 54.4089 1.7955 305 0 
1.47449 0.021875 0.021875 48.0812 48.0812 54.2094 55.5011 3.53066 3.94888 250.119 54.8875 1.82475 305 0 
1.4846 0.0208333 0.0229167 45.7917 50.3708 54.6771 56.0134 3.65241 4.0785 249.63 55.3771 1.85547 305 0 
1.49471 0.0208333 0.0229167 45.7917 50.3708 55.167 56.5033 3.65241 4.08653 249.14 55.8667 1.88671 305 0 
1.50483 0.021875 0.0229167 48.0812 50.3708 55.657 57.0379 3.77416 4.21682 248.629 56.3785 1.91991 305 0 
1.51495 0.021875 0.0229167 48.0812 50.3708 56.147 57.5278 3.77416 4.22515 248.14 56.8681 1.95218 305 0 
1.52505 0.0208333 0.0229167 45.7917 50.3708 56.5924 58.0178 3.89591 4.355 247.673 57.3353 1.98349 305 0 
1.53517 0.021875 0.021875 48.0812 48.0812 57.0824 58.5078 3.89591 4.36363 247.183 57.8248 2.01681 305 0 
1.54528 0.0208333 0.0229167 45.7917 50.3708 57.5278 58.9978 4.01765 4.49377 246.717 58.292 2.04911 305 0 
1.55539 0.0208333 0.0229167 45.7917 50.3708 58.0178 59.4878 4.01765 4.50271 246.227 58.7814 2.08346 305 0 
1.5655 0.021875 0.0229167 48.0812 50.3708 58.4855 59.9777 4.07853 4.57242 245.749 59.2596 2.11729 305 0 
1.57561 0.021875 0.0229167 48.0812 50.3708 58.9755 60.4677 4.07853 4.58156 245.26 59.749 2.15217 305 0 
1.58572 0.0208333 0.0229167 45.7917 50.3708 59.4432 60.9577 4.1394 4.65146 244.783 60.2272 2.1865 305 0 
1.59585 0.0208333 0.0229167 45.7917 50.3708 59.9332 61.4477 4.1394 4.66079 244.294 60.7165 2.2219 305 0 
1.60598 0.021875 0.021875 48.0812 48.0812 60.4232 61.9376 4.1394 4.67016 243.805 61.2059 2.25729 305 0 
1.61608 0.021875 0.0229167 48.0812 50.3708 60.9354 62.4722 4.20027 4.74114 243.282 61.7285 2.29538 305 0 
1.62618 0.021875 0.0229167 48.0812 50.3708 61.4254 62.9621 4.20027 4.75071 242.793 62.2178 2.33129 305 0 
1.63629 0.021875 0.021875 48.0812 48.0812 61.9154 63.4521 4.20027 4.76032 242.304 62.7071 2.36721 305 0 
1.64643 0.021875 0.021875 48.0812 48.0812 62.4053 63.9644 4.26115 4.83112 241.804 63.2075 2.40421 305 0 
1.65656 0.0208333 0.021875 45.7917 48.0812 62.8731 64.4543 4.32202 4.90164 241.327 63.6856 2.44007 305 0 
1.66667 0.0208333 0.021875 45.7917 48.0812 63.363 64.9443 4.32202 4.91162 240.838 64.1748 2.47702 305 0 
1.67678 0.021875 0.021875 48.0812 48.0812 63.853 65.4343 4.32202 4.92163 240.349 64.664 2.51397 305 0 
1.68688 0.021875 0.021875 48.0812 48.0812 64.343 65.9243 4.32202 4.93168 239.86 65.1532 2.55093 305 0 
1.69699 0.021875 0.021875 48.0812 48.0812 64.833 66.4143 4.32202 4.94178 239.372 65.6424 2.58788 305 0 
1.70712 0.021875 0.0229167 48.0812 50.3708 65.3229 66.9265 4.38289 5.01308 238.872 66.1427 2.62594 305 0 
1.71723 0.021875 0.0229167 48.0812 50.3708 65.8129 67.4165 4.38289 5.02339 238.383 66.6319 2.66341 305 0 
1.72733 0.021875 0.0229167 48.0812 50.3708 66.3029 67.9065 4.38289 5.03373 237.894 67.121 2.70089 305 0 
1.73746 0.0229167 0.0229167 50.3708 50.3708 66.8151 68.3964 4.32202 4.98342 237.394 67.6214 2.73895 305 0 
1.74757 0.0208333 0.021875 45.7917 48.0812 67.2829 68.8864 4.38289 5.05443 236.917 68.0994 2.77531 305 0 
1.75767 0.0208333 0.021875 45.7917 48.0812 67.7728 69.3764 4.38289 5.0649 236.428 68.5886 2.81279 305 0 
1.76777 0.021875 0.021875 48.0812 48.0812 68.2628 69.8664 4.38289 5.07542 235.939 69.0778 2.85026 305 0 
1.77788 0.021875 0.021875 48.0812 48.0812 68.7305 70.3563 4.44377 5.14668 235.462 69.5558 2.88714 305 0 
1.78799 0.0208333 0.021875 45.7917 48.0812 69.1982 70.8463 4.50464 5.2181 234.984 70.0338 2.92452 305 0 
1.7981 0.0208333 0.021875 45.7917 48.0812 69.6882 71.3363 4.50464 5.229 234.496 70.5229 2.96303 305 0 
1.80821 0.021875 0.021875 48.0812 48.0812 70.1782 71.8263 4.50464 5.23995 234.007 71.0119 3.00154 305 0 
1.81831 0.0229167 0.0229167 50.3708 50.3708 70.6682 72.3385 4.56551 5.31213 233.508 71.5121 3.0412 305 0 
1.82841 0.0229167 0.0229167 50.3708 50.3708 71.1581 72.8508 4.62639 5.38449 233.008 72.0123 3.08138 305 0 
1.83853 0.021875 0.0229167 48.0812 50.3708 71.6258 73.3408 4.68726 5.45652 232.531 72.4901 3.12029 305 0 
1.84865 0.021875 0.0229167 48.0812 50.3708 72.1158 73.8307 4.68726 5.46803 232.042 72.9791 3.16036 305 0 
1.85875 0.021875 0.021875 48.0812 48.0812 72.6058 74.3207 4.68726 5.4796 231.554 73.4681 3.20043 305 0 
1.86885 0.0208333 0.0208333 45.7917 45.7917 73.0735 74.8107 4.74813 5.55189 231.077 73.9459 3.23984 305 0 
1.87896 0.0208333 0.021875 45.7917 48.0812 73.5635 75.3229 4.80901 5.62489 230.577 74.4459 3.28162 305 0 
1.88907 0.021875 0.0229167 48.0812 50.3708 74.0535 75.8352 4.86988 5.69808 230.078 74.9459 3.32393 305 0 
1.89919 0.0197917 0.0229167 43.5021 50.3708 74.4989 76.3252 4.99163 5.83155 229.612 75.4124 3.36416 305 0 
1.9093 0.021875 0.0229167 48.0812 50.3708 74.9889 76.8151 4.99163 5.84402 229.124 75.9012 3.40682 305 0 
1.91941 0.0229167 0.0229167 50.3708 50.3708 75.4788 77.3274 5.0525 5.91776 228.625 76.401 3.45072 305 0 
1.92953 0.0166667 0.0166667 36.6333 36.6333 75.8352 77.706 5.11338 5.9882 228.259 76.7675 3.48331 305 0 
1.93964 0.0229167 0.0229167 50.3708 50.3708 76.3252 78.196 5.11338 6.00108 227.771 77.2561 3.52701 305 0 
1.94975 0.0229167 0.021875 50.3708 48.0812 76.8151 78.686 5.11338 6.01401 227.283 77.7448 3.57071 305 0 
1.95989 0.021875 0.021875 48.0812 48.0812 77.2829 79.1982 5.23512 6.14887 226.795 78.2334 3.61493 305 0 
1.96999 0.0208333 0.021875 45.7917 48.0812 77.7506 79.6882 5.296 6.22281 226.319 78.7108 3.65891 305 0 
1.9801 0.021875 0.021875 48.0812 48.0812 78.2405 80.1782 5.296 6.2363 225.831 79.1993 3.70417 305 0 
1.99021 0.0229167 0.0229167 50.3708 50.3708 78.7305 80.6904 5.35687 6.3111 225.332 79.6989 3.75073 305 0 
2.00032 0.021875 0.0229167 48.0812 50.3708 79.1982 81.1804 5.41774 6.38547 224.856 80.1763 3.79572 305 0 
2.01042 0.021875 0.0229167 48.0812 50.3708 79.6882 81.6704 5.41774 6.39941 224.368 80.6647 3.84202 305 0 
2.02051 0.021875 0.0229167 48.0812 50.3708 80.1782 82.1604 5.41774 6.4134 223.881 81.1531 3.88831 305 0 
2.03059 0.021875 0.0229167 48.0812 50.3708 80.6682 82.6503 5.41774 6.42745 223.393 81.6415 3.93461 305 0 
2.04068 0.021875 0.021875 48.0812 48.0812 81.1581 83.118 5.35687 6.38031 222.917 82.1188 3.9796 305 0 
2.05084 0.0229167 0.0239583 50.3708 52.6604 81.6704 83.6526 5.41774 6.45626 222.396 82.6406 4.02878 305 0 
2.06095 0.021875 0.0229167 48.0812 50.3708 82.1604 84.1425 5.41774 6.4705 221.908 83.129 4.07508 305 0 
2.07106 0.021875 0.0229167 48.0812 50.3708 82.6726 84.6548 5.41774 6.48546 221.399 83.6396 4.12348 305 0 
2.08117 0.0229167 0.0229167 50.3708 50.3708 83.1849 85.167 5.41774 6.50049 220.889 84.1502 4.17188 305 0 
2.09128 0.0229167 0.0229167 50.3708 50.3708 83.6748 85.657 5.41774 6.51493 220.402 84.6386 4.21818 305 0 
2.10139 0.0229167 0.021875 50.3708 48.0812 84.1648 86.147 5.41774 6.52943 219.914 85.127 4.26447 305 0 
2.11149 0.0229167 0.021875 50.3708 48.0812 84.6548 86.637 5.41774 6.544 219.427 85.6154 4.31077 305 0 
2.12159 0.0229167 0.021875 50.3708 48.0812 85.1448 87.1269 5.41774 6.55863 218.94 86.1038 4.35707 305 0 
2.13169 0.021875 0.021875 48.0812 48.0812 85.6347 87.6392 5.47862 6.6346 218.441 86.6033 4.40468 305 0 
2.14179 0.021875 0.021875 48.0812 48.0812 86.1247 88.1515 5.53949 6.71079 217.943 87.1028 4.45283 305 0 
2.15189 0.021875 0.0229167 48.0812 50.3708 86.637 88.6414 5.47862 6.66529 217.444 87.6022 4.50097 305 0 
2.162 0.021875 0.0229167 48.0812 50.3708 87.1269 89.1314 5.47862 6.68033 216.957 88.0905 4.54779 305 0 
2.17211 0.0229167 0.021875 50.3708 48.0812 87.6392 89.6214 5.41774 6.63484 216.459 88.59 4.59541 305 0 
2.18223 0.021875 0.021875 48.0812 48.0812 88.1292 90.1336 5.47862 6.71116 215.96 89.0895 4.64302 305 0 
2.19239 0.0229167 0.0229167 50.3708 50.3708 88.6414 90.6459 5.47862 6.7271 215.451 89.6001 4.69196 305 0 
2.2025 0.0208333 0.0229167 45.7917 50.3708 89.1091 91.1359 5.53949 6.80301 214.975 90.0773 4.73797 305 0 
2.21261 0.021875 0.0229167 48.0812 50.3708 89.5991 91.6258 5.53949 6.81854 214.488 90.5656 4.7853 305 0 
2.22272 0.021875 0.021875 48.0812 48.0812 90.0891 92.1158 5.53949 6.83413 214.001 91.0539 4.83264 305 0 
2.23285 0.021875 0.021875 48.0812 48.0812 90.5791 92.6058 5.53949 6.8498 213.514 91.5423 4.87997 305 0 
2.24295 0.021875 0.0208333 48.0812 45.7917 91.0468 93.0958 5.60036 6.92612 213.038 92.0194 4.92649 305 0 
2.25306 0.021875 0.0229167 48.0812 50.3708 91.5368 93.6303 5.72211 7.06468 212.528 92.5298 4.97706 305 0 
2.26316 0.021875 0.0229167 48.0812 50.3708 92.0267 94.1203 5.72211 7.08099 212.042 93.018 5.02595 305 0 
2.27326 0.0208333 0.0229167 45.7917 50.3708 92.4944 94.6102 5.78298 7.15794 211.566 93.495 5.07398 305 0 
2.28337 0.021875 0.021875 48.0812 48.0812 93.0067 95.1002 5.72211 7.11396 211.068 93.9943 5.12424 305 0 
2.29347 0.0208333 0.021875 45.7917 48.0812 93.4744 95.6125 5.84386 7.25238 210.581 94.4824 5.17365 305 0 
2.30358 0.021875 0.021875 48.0812 48.0812 93.9644 96.1024 5.84386 7.26927 210.095 94.9704 5.22358 305 0 
2.31369 0.021875 0.021875 48.0812 48.0812 94.4543 96.5924 5.84386 7.28624 209.608 95.4585 5.27351 305 0 
2.32379 0.021875 0.0229167 48.0812 50.3708 94.9443 97.1047 5.90473 7.36462 209.11 95.9576 5.32483 305 0 
2.33395 0.021875 0.0229167 48.0812 50.3708 95.4343 97.5947 5.90473 7.38189 208.624 96.4456 5.37528 305 0 
2.34405 0.0229167 0.021875 50.3708 48.0812 95.9243 98.0846 5.90473 7.39925 208.137 96.9336 5.42572 305 0 
2.35416 0.021875 0.0229167 48.0812 50.3708 96.392 98.5969 6.02648 7.53857 207.651 97.4215 5.47668 305 0 
2.36426 0.021875 0.0229167 48.0812 50.3708 96.882 99.1091 6.08735 7.61772 207.153 97.9205 5.5296 305 0 
2.37436 0.021875 0.0229167 48.0812 50.3708 97.3719 99.5991 6.08735 7.63575 206.667 98.4083 5.5816 305 0 
2.38446 0.021875 0.021875 48.0812 48.0812 97.8619 100.111 6.14823 7.71523 206.17 98.9072 5.63505 305 0 
2.39456 0.021875 0.0229167 48.0812 50.3708 98.3519 100.624 6.2091 7.79494 205.673 99.4061 5.68902 305 0 
2.40466 0.0208333 0.0229167 45.7917 50.3708 98.8196 101.114 6.26997 7.87404 205.198 99.8827 5.7411 305 0 
2.41476 0.0125 0.0135417 27.475 29.7646 99.1091 101.425 6.33085 7.94649 204.899 100.182 5.77412 305 0 
2.42487 0.021875 0.021875 48.0812 48.0812 99.5991 101.915 6.33085 7.9655 204.414 100.67 5.8282 305 0 
2.43497 0.0229167 0.021875 50.3708 48.0812 100.089 102.428 6.39172 8.04599 203.917 101.168 5.88376 305 0 
2.44508 0.0229167 0.021875 50.3708 48.0812 100.579 102.918 6.39172 8.06533 203.431 101.656 5.93835 305 0 
2.4552 0.0229167 0.0229167 50.3708 50.3708 101.069 103.43 6.45259 8.14615 202.934 102.154 5.99444 305 0 
2.46531 0.0229167 0.0229167 50.3708 50.3708 101.559 103.92 6.45259 8.16582 202.449 102.642 6.04955 305 0 
2.47543 0.021875 0.021875 48.0812 48.0812 102.049 104.41 6.45259 8.18559 201.963 103.129 6.10466 305 0 
2.48553 0.0229167 0.0229167 50.3708 50.3708 102.561 104.944 6.51347 8.26777 201.444 103.65 6.1638 305 0 
2.49564 0.0229167 0.0229167 50.3708 50.3708 103.073 105.434 6.45259 8.22739 200.948 104.149 6.22042 305 0 
2.50574 0.0229167 0.021875 50.3708 48.0812 103.563 105.947 6.51347 8.30886 200.451 104.647 6.27704 305 0 
2.51584 0.021875 0.0229167 48.0812 50.3708 104.053 106.459 6.57434 8.39059 199.955 105.146 6.3342 305 0 
2.52594 0.021875 0.0229167 48.0812 50.3708 104.543 106.949 6.57434 8.41115 199.469 105.633 6.39034 305 0 
2.53606 0.0208333 0.0229167 45.7917 50.3708 105.033 107.439 6.57434 8.43182 198.984 106.12 6.44648 305 0 
2.54616 0.021875 0.021875 48.0812 48.0812 105.546 107.929 6.51347 8.3921 198.488 106.619 6.50363 305 0 
2.55626 0.021875 0.0229167 48.0812 50.3708 106.036 108.419 6.51347 8.41282 198.002 107.106 6.55926 305 0 
2.56635 0.021875 0.0229167 48.0812 50.3708 106.526 108.909 6.51347 8.43364 197.517 107.594 6.61488 305 0 
2.57646 0.0229167 0.0229167 50.3708 50.3708 107.038 109.399 6.45259 8.39409 197.021 108.092 6.6715 305 0 
2.58656 0.0229167 0.0229167 50.3708 50.3708 107.528 109.889 6.45259 8.41497 196.535 108.58 6.72661 305 0 
2.59664 0.0229167 0.0229167 50.3708 50.3708 108.018 110.401 6.51347 8.49738 196.039 109.078 6.78323 305 0 
2.60672 0.0229167 0.021875 50.3708 48.0812 108.53 110.891 6.45259 8.45816 195.543 109.577 6.83986 305 0 
2.61682 0.0229167 0.021875 50.3708 48.0812 109.042 111.381 6.39172 8.41889 195.046 110.075 6.89595 305 0 
2.62694 0.0229167 0.0229167 50.3708 50.3708 109.555 111.893 6.39172 8.441 194.539 110.585 6.95302 305 0 
2.63705 0.0229167 0.0229167 50.3708 50.3708 110.067 112.383 6.33085 8.4018 194.043 111.084 7.00858 305 0 
2.64716 0.0229167 0.021875 50.3708 48.0812 110.557 112.873 6.33085 8.42302 193.557 111.571 7.06265 305 0 
2.65727 0.0229167 0.021875 50.3708 48.0812 111.047 113.363 6.33085 8.44434 193.072 112.059 7.11673 305 0 
2.66739 0.0229167 0.0208333 50.3708 45.7917 111.537 113.853 6.33085 8.46578 192.587 112.547 7.1708 305 0 
2.67749 0.0229167 0.021875 50.3708 48.0812 112.027 114.365 6.39172 8.54876 192.091 113.045 7.22636 305 0 
2.6876 0.021875 0.0229167 48.0812 50.3708 112.517 114.878 6.45259 8.63202 191.595 113.544 7.28246 305 0 
2.69771 0.0229167 0.0229167 50.3708 50.3708 113.007 115.367 6.45259 8.6541 191.109 114.031 7.33756 305 0 
2.70781 0.021875 0.021875 48.0812 48.0812 113.497 115.857 6.45259 8.67628 190.624 114.519 7.39267 305 0 
2.71792 0.021875 0.021875 48.0812 48.0812 113.987 116.347 6.45259 8.69858 190.14 115.006 7.44777 305 0 
2.72802 0.021875 0.021875 48.0812 48.0812 114.499 116.86 6.45259 8.72202 189.633 115.516 7.50539 305 0 
2.73812 0.021875 0.021875 48.0812 48.0812 114.989 117.35 6.45259 8.74456 189.148 116.004 7.56049 305 0 
2.74822 0.021875 0.0229167 48.0812 50.3708 115.479 117.862 6.51347 8.82868 188.652 116.502 7.61712 305 0 
2.75833 0.0229167 0.0229167 50.3708 50.3708 115.991 118.352 6.45259 8.79117 188.156 117.001 7.67374 305 0 
2.76843 0.0229167 0.0229167 50.3708 50.3708 116.481 118.864 6.51347 8.87554 187.66 117.499 7.73036 305 0 
2.77853 0.021875 0.0229167 48.0812 50.3708 116.971 119.376 6.57434 8.96019 187.164 117.998 7.78752 305 0 
2.78864 0.021875 0.0229167 48.0812 50.3708 117.461 119.866 6.57434 8.98365 186.68 118.485 7.84366 305 0 
2.79875 0.021875 0.0239583 48.0812 52.6604 117.973 120.401 6.63521 9.06979 186.162 119.006 7.9039 305 0 
2.80887 0.0229167 0.0229167 50.3708 50.3708 118.486 120.891 6.57434 9.03324 185.667 119.504 7.96158 305 0 
2.81897 0.021875 0.021875 48.0812 48.0812 118.976 121.381 6.57434 9.05708 185.182 119.991 8.01773 305 0 
2.82909 0.0208333 0.0229167 45.7917 50.3708 119.465 121.915 6.69609 9.20404 184.676 120.501 8.07696 305 0 
2.8392 0.021875 0.0229167 48.0812 50.3708 119.978 122.405 6.63521 9.16805 184.18 120.999 8.13517 305 0 
2.8493 0.021875 0.0229167 48.0812 50.3708 120.468 122.895 6.63521 9.19243 183.696 121.487 8.19183 305 0 
2.85941 0.021875 0.0229167 48.0812 50.3708 120.958 123.385 6.63521 9.21694 183.212 121.974 8.24849 305 0 
2.86951 0.021875 0.021875 48.0812 48.0812 121.448 123.875 6.63521 9.24158 182.728 122.461 8.30515 305 0 
2.87962 0.0229167 0.021875 50.3708 48.0812 121.96 124.365 6.57434 9.20596 182.232 122.96 8.36283 305 0 
2.88972 0.0229167 0.021875 50.3708 48.0812 122.45 124.878 6.63521 9.29222 181.737 123.458 8.42051 305 0 
2.89982 0.0166667 0.0166667 36.6333 36.6333 122.806 125.256 6.69609 9.37193 181.374 123.824 8.4632 305 0 
2.90992 0.0229167 0.0239583 50.3708 52.6604 123.318 125.768 6.69609 9.39839 180.868 124.333 8.52298 305 0 
2.92005 0.0229167 0.0229167 50.3708 50.3708 123.831 126.281 6.69609 9.42499 180.362 124.842 8.58275 305 0 
2.93016 0.0229167 0.0239583 50.3708 52.6604 124.343 126.793 6.69609 9.45175 179.856 125.352 8.64253 305 0 
2.94026 0.0229167 0.0229167 50.3708 50.3708 124.855 127.305 6.69609 9.47866 179.35 125.861 8.7023 305 0 
2.95036 0.021875 0.021875 48.0812 48.0812 125.345 127.795 6.69609 9.50454 178.866 126.348 8.75948 305 0 
2.96046 0.021875 0.021875 48.0812 48.0812 125.857 128.307 6.69609 9.53174 178.36 126.858 8.81926 305 0 
2.97058 0.0229167 0.0229167 50.3708 50.3708 126.37 128.82 6.69609 9.5591 177.855 127.367 8.87903 305 0 
2.98068 0.0229167 0.021875 50.3708 48.0812 126.86 129.31 6.69609 9.58542 177.371 127.854 8.93621 305 0 
2.99078 0.021875 0.021875 48.0812 48.0812 127.35 129.8 6.69609 9.61188 176.887 128.342 8.99338 305 0 
3.00089 0.021875 0.0229167 48.0812 50.3708 127.84 130.312 6.75696 9.70006 176.392 128.84 9.05212 305 0 
3.01099 0.0229167 0.0229167 50.3708 50.3708 128.374 130.824 6.69609 9.66786 175.876 129.36 9.11348 305 0 
3.02109 0.0229167 0.0229167 50.3708 50.3708 128.864 131.314 6.69609 9.69477 175.392 129.848 9.17065 305 0 
3.03119 0.0229167 0.0229167 50.3708 50.3708 129.376 131.849 6.75696 9.78465 174.876 130.368 9.232 305 0 
3.0413 0.0229167 0.0229167 50.3708 50.3708 129.889 132.339 6.69609 9.75171 174.381 130.866 9.29074 305 0 
3.0514 0.0239583 0.021875 52.6604 48.0812 130.423 132.829 6.57434 9.65841 173.876 131.376 9.34998 305 0 
3.06151 0.0229167 0.0229167 50.3708 50.3708 130.913 133.363 6.69609 9.80877 173.37 131.885 9.40921 305 0 
3.07162 0.021875 0.0229167 48.0812 50.3708 131.403 133.853 6.69609 9.83647 172.887 132.373 9.46639 305 0 
3.08175 0.021875 0.0229167 48.0812 50.3708 131.915 134.365 6.69609 9.8656 172.381 132.882 9.52617 305 0 
3.09185 0.0229167 0.0229167 50.3708 50.3708 132.428 134.878 6.69609 9.89489 171.876 133.391 9.58594 305 0 
3.10196 0.0229167 0.0229167 50.3708 50.3708 132.918 135.367 6.69609 9.92307 171.393 133.879 9.64312 305 0 
3.11208 0.021875 0.0229167 48.0812 50.3708 133.408 135.88 6.75696 10.013 170.899 134.377 9.70186 305 0 
3.12218 0.0229167 0.0229167 50.3708 50.3708 133.92 136.392 6.75696 10.043 170.393 134.886 9.76217 305 0 
3.13228 0.0229167 0.0229167 50.3708 50.3708 134.432 136.882 6.69609 10.0116 169.899 135.385 9.82091 305 0 
3.14239 0.0229167 0.0229167 50.3708 50.3708 134.922 137.394 6.75696 10.102 169.405 135.883 9.87965 305 0 
3.15249 0.0229167 0.0229167 50.3708 50.3708 135.434 137.906 6.75696 10.1325 168.9 136.392 9.93997 305 0 
3.16259 0.0229167 0.0229167 50.3708 50.3708 135.947 138.396 6.69609 10.1016 168.406 136.891 9.99871 305 0 
3.17268 0.0229167 0.0229167 50.3708 50.3708 136.437 138.886 6.69609 10.131 167.923 137.378 10.0559 305 0 
3.18279 0.0229167 0.0229167 50.3708 50.3708 136.949 139.399 6.69609 10.1618 167.419 137.887 10.1157 305 0 
3.19288 0.0229167 0.0229167 50.3708 50.3708 137.461 139.911 6.69609 10.1929 166.914 138.397 10.1754 305 0 
3.20299 0.0229167 0.0229167 50.3708 50.3708 137.951 140.401 6.69609 10.2228 166.431 138.884 10.2326 305 0 
3.2131 0.021875 0.0229167 48.0812 50.3708 138.441 140.913 6.75696 10.3145 165.937 139.382 10.2914 305 0 
3.2232 0.0229167 0.0229167 50.3708 50.3708 138.975 141.425 6.69609 10.286 165.422 139.903 10.3527 305 0 
3.23334 0.0229167 0.0229167 50.3708 50.3708 139.465 141.938 6.75696 10.3781 164.928 140.401 10.4114 305 0 
3.24342 0.0229167 0.0229167 50.3708 50.3708 139.955 142.45 6.81783 10.4706 164.434 140.899 10.4707 305 0 
3.25351 0.0229167 0.0229167 50.3708 50.3708 140.468 142.962 6.81783 10.5032 163.93 141.409 10.5316 305 0 
3.26369 0.0229167 0.0229167 50.3708 50.3708 140.98 143.474 6.81783 10.5359 163.426 141.918 10.5924 305 0 
3.27385 0.0229167 0.0229167 50.3708 50.3708 141.47 143.964 6.81783 10.5675 162.944 142.405 10.6506 305 0 
3.28397 0.0229167 0.0229167 50.3708 50.3708 141.96 144.477 6.87871 10.6609 162.45 142.903 10.7104 305 0 
3.29409 0.021875 0.0229167 48.0812 50.3708 142.45 144.989 6.93958 10.7547 161.957 143.401 10.7708 305 0 
3.30419 0.021875 0.0229167 48.0812 50.3708 142.962 145.479 6.87871 10.727 161.464 143.899 10.8311 305 0 
3.31434 0.0229167 0.0229167 50.3708 50.3708 143.474 145.991 6.87871 10.761 160.96 144.409 10.8925 305 0 
3.32444 0.0229167 0.0229167 50.3708 50.3708 143.964 146.503 6.93958 10.8554 160.468 144.907 10.9528 305 0 
3.33456 0.021875 0.0229167 48.0812 50.3708 144.477 147.016 6.93958 10.89 159.964 145.416 11.0148 305 0 
3.34467 0.0229167 0.0229167 50.3708 50.3708 144.989 147.528 6.93958 10.9248 159.46 145.925 11.0767 305 0 
3.35477 0.0229167 0.0239583 50.3708 52.6604 145.501 148.062 7.00045 11.0216 158.946 146.445 11.1403 305 0 
3.36488 0.0229167 0.0229167 50.3708 50.3708 146.013 148.552 6.93958 10.9953 158.453 146.943 11.2011 305 0 
3.37499 0.0208333 0.0208333 45.7917 45.7917 146.481 149.042 7.00045 11.0894 157.983 147.419 11.2593 305 0 
3.38509 0.0166667 0.0145833 36.6333 32.0542 146.837 149.354 6.87871 10.9909 157.654 147.751 11.2997 305 0 
3.39519 0.0229167 0.0229167 50.3708 50.3708 147.35 149.889 6.93958 11.0883 157.14 148.271 11.3627 305 0 
3.4053 0.0229167 0.0229167 50.3708 50.3708 147.862 150.379 6.87871 11.0626 156.648 148.769 11.423 305 0 
3.41542 0.0229167 0.021875 50.3708 48.0812 148.352 150.869 6.87871 11.0972 156.166 149.257 11.4817 305 0 
3.42552 0.021875 0.0229167 48.0812 50.3708 148.842 151.403 7.00045 11.2555 155.663 149.766 11.5437 305 0 
3.43566 0.0229167 0.0229167 50.3708 50.3708 149.376 151.893 6.87871 11.1705 155.16 150.275 11.6056 305 0 
3.44578 0.0229167 0.0229167 50.3708 50.3708 149.866 152.405 6.93958 11.2675 154.668 150.773 11.6659 305 0 
3.45592 0.0208333 0.0229167 45.7917 50.3708 150.356 152.918 7.00045 11.3649 154.176 151.271 11.7268 305 0 
3.46603 0.0229167 0.0229167 50.3708 50.3708 150.869 153.43 7.00045 11.4026 153.673 151.78 11.7893 305 0 
3.47614 0.0239583 0.0229167 52.6604 50.3708 151.403 153.942 6.93958 11.3803 153.159 152.3 11.8528 305 0 
3.48625 0.0229167 0.0239583 50.3708 52.6604 151.893 154.454 7.00045 11.4785 152.667 152.798 11.9137 305 0 
3.49636 0.0229167 0.0229167 50.3708 50.3708 152.405 154.967 7.00045 11.5169 152.165 153.307 11.9762 305 0 
3.50646 0.021875 0.0229167 48.0812 50.3708 152.895 155.457 7.00045 11.5539 151.684 153.794 12.0359 305 0 
3.51657 0.021875 0.021875 48.0812 48.0812 153.385 155.969 7.06133 11.653 151.192 154.292 12.0973 305 0 
3.52674 0.0229167 0.0229167 50.3708 50.3708 153.898 156.481 7.06133 11.6923 150.69 154.801 12.1603 305 0 
3.53685 0.0229167 0.0229167 50.3708 50.3708 154.388 156.993 7.1222 11.7921 150.199 155.299 12.2223 305 0 
3.54696 0.0229167 0.0229167 50.3708 50.3708 154.878 157.506 7.18308 11.8923 149.708 155.797 12.2847 305 0 
3.55707 0.021875 0.0229167 48.0812 50.3708 155.367 157.996 7.18308 11.9311 149.228 156.284 12.346 305 0 
3.56718 0.021875 0.0229167 48.0812 50.3708 155.857 158.508 7.24395 12.0321 148.737 156.782 12.409 305 0 
3.57728 0.021875 0.021875 48.0812 48.0812 156.37 158.998 7.18308 12.0115 148.246 157.279 12.472 305 0 
3.58739 0.021875 0.0229167 48.0812 50.3708 156.86 159.51 7.24395 12.113 147.755 157.777 12.5349 305 0 
3.59749 0.0229167 0.0229167 50.3708 50.3708 157.372 160 7.18308 12.093 147.265 158.275 12.5979 305 0 
3.60767 0.0229167 0.021875 50.3708 48.0812 157.862 160.49 7.18308 12.1331 146.785 158.762 12.6592 305 0 
3.61777 0.0229167 0.021875 50.3708 48.0812 158.352 161.002 7.24395 12.2354 146.295 159.26 12.7222 305 0 
3.62789 0.021875 0.0229167 48.0812 50.3708 158.842 161.514 7.30482 12.3381 145.804 159.757 12.7857 305 0 
3.638 0.021875 0.0229167 48.0812 50.3708 159.354 162.004 7.24395 12.3194 145.314 160.255 12.8492 305 0 
3.64812 0.0229167 0.0229167 50.3708 50.3708 159.866 162.539 7.30482 12.4247 144.802 160.775 12.9155 305 0 
3.65824 0.0229167 0.0229167 50.3708 50.3708 160.356 163.029 7.30482 12.4666 144.323 161.261 12.9778 305 0 
3.66836 0.0229167 0.0229167 50.3708 50.3708 160.869 163.563 7.3657 12.5726 143.812 161.781 13.0447 305 0 
3.67848 0.0229167 0.0229167 50.3708 50.3708 161.381 164.053 7.30482 12.5553 143.322 162.279 13.1088 305 0 
3.68859 0.0229167 0.021875 50.3708 48.0812 161.871 164.543 7.30482 12.5981 142.843 162.765 13.1711 305 0 
3.6987 0.0229167 0.021875 50.3708 48.0812 162.361 165.056 7.3657 12.7031 142.354 163.263 13.2351 305 0 
3.7088 0.0229167 0.021875 50.3708 48.0812 162.851 165.546 7.3657 12.7467 141.875 163.75 13.298 305 0 
3.71891 0.0229167 0.0229167 50.3708 50.3708 163.341 166.058 7.42657 12.8525 141.386 164.247 13.3625 305 0 
3.72901 0.0229167 0.0229167 50.3708 50.3708 163.831 166.548 7.42657 12.8969 140.907 164.734 13.4259 305 0 
3.73913 0.0229167 0.021875 50.3708 48.0812 164.321 167.038 7.42657 12.9416 140.429 165.22 13.4893 305 0 
3.74923 0.021875 0.021875 48.0812 48.0812 164.811 167.55 7.48744 13.0486 139.94 165.718 13.5544 305 0 
3.75934 0.021875 0.0229167 48.0812 50.3708 165.323 168.062 7.48744 13.0961 139.441 166.226 13.6212 305 0 
3.76942 0.0229167 0.0239583 50.3708 52.6604 165.835 168.575 7.48744 13.1441 138.941 166.735 13.688 305 0 
3.7795 0.0229167 0.0229167 50.3708 50.3708 166.325 169.087 7.54832 13.2523 138.453 167.232 13.7536 305 0 
3.78959 0.0229167 0.0229167 50.3708 50.3708 166.837 169.577 7.48744 13.239 137.964 167.73 13.8192 305 0 
3.7997 0.0229167 0.021875 50.3708 48.0812 167.35 170.089 7.48744 13.288 137.465 168.238 13.886 305 0 
3.80981 0.0229167 0.0229167 50.3708 50.3708 167.862 170.601 7.48744 13.3373 136.966 168.747 13.9528 305 0 
3.81992 0.0229167 0.0229167 50.3708 50.3708 168.374 171.091 7.42657 13.3249 136.478 169.244 14.0179 305 0 
3.83003 0.0229167 0.0229167 50.3708 50.3708 168.864 171.581 7.42657 13.3726 136 169.731 14.0813 305 0 
3.84016 0.021875 0.0229167 48.0812 50.3708 169.354 172.071 7.42657 13.4205 135.523 170.217 14.1447 305 0 
3.85028 0.021875 0.021875 48.0812 48.0812 169.866 172.584 7.42657 13.4711 135.024 170.726 14.2109 305 0 
3.8604 0.0166667 0.015625 36.6333 34.3438 170.245 172.94 7.3657 13.4466 134.666 171.091 14.2583 305 0 
3.8705 0.0239583 0.0229167 52.6604 50.3708 170.78 173.43 7.24395 13.3755 134.167 171.599 14.3235 305 0 
3.8806 0.0229167 0.0229167 50.3708 50.3708 171.269 173.92 7.24395 13.4242 133.69 172.086 14.3853 305 0 
3.89071 0.0229167 0.021875 50.3708 48.0812 171.782 174.41 7.18308 13.4133 133.202 172.584 14.4483 305 0 
3.90081 0.0229167 0.0208333 50.3708 45.7917 172.294 174.9 7.1222 13.4026 132.714 173.082 14.5107 305 0 
3.91092 0.0239583 0.021875 52.6604 48.0812 172.829 175.412 7.06133 13.3942 132.204 173.602 14.5754 305 0 
3.92103 0.0229167 0.021875 50.3708 48.0812 173.318 175.902 7.06133 13.4436 131.727 174.089 14.6357 305 0 
3.93118 0.021875 0.0229167 48.0812 50.3708 173.808 176.414 7.1222 13.5556 131.239 174.587 14.6976 305 0 
3.9413 0.021875 0.0229167 48.0812 50.3708 174.298 176.904 7.1222 13.6059 130.762 175.073 14.7584 305 0 
3.95142 0.0208333 0.0229167 45.7917 50.3708 174.788 177.394 7.1222 13.6567 130.285 175.56 14.8192 305 0 
3.96153 0.021875 0.0229167 48.0812 50.3708 175.301 177.884 7.06133 13.648 129.798 176.058 14.8811 305 0 
3.97166 0.0229167 0.0229167 50.3708 50.3708 175.813 178.374 7.00045 13.6395 129.31 176.556 14.9425 305 0 
3.98179 0.0229167 0.021875 50.3708 48.0812 176.303 178.864 7.00045 13.6909 128.833 177.043 15.0022 305 0 
3.99191 0.021875 0.021875 48.0812 48.0812 176.793 179.376 7.06133 13.8049 128.346 177.541 15.0636 305 0 
4.00201 0.021875 0.0229167 48.0812 50.3708 177.305 179.889 7.06133 13.8598 127.848 178.05 15.1266 305 0 
4.01211 0.0229167 0.0229167 50.3708 50.3708 177.817 180.379 7.00045 13.8529 127.361 178.548 15.188 305 0 
4.02221 0.021875 0.0229167 48.0812 50.3708 178.307 180.869 7.00045 13.9059 126.885 179.035 15.2478 305 0 
4.03231 0.021875 0.021875 48.0812 48.0812 178.82 181.359 6.93958 13.8996 126.397 179.533 15.3086 305 0 
4.04243 0.0229167 0.0229167 50.3708 50.3708 179.332 181.871 6.93958 13.9556 125.9 180.042 15.3706 305 0 
4.05253 0.0229167 0.021875 50.3708 48.0812 179.822 182.361 6.93958 14.0097 125.424 180.529 15.4298 305 0 
4.06263 0.021875 0.0229167 48.0812 50.3708 180.312 182.873 7.00045 14.1264 124.937 181.027 15.4907 305 0 
4.07273 0.0229167 0.0229167 50.3708 50.3708 180.824 183.363 6.93958 14.1218 124.45 181.525 15.5515 305 0 
4.08285 0.0229167 0.0229167 50.3708 50.3708 181.336 183.898 7.00045 14.2419 123.942 182.045 15.6151 305 0 
4.09296 0.0229167 0.0229167 50.3708 50.3708 181.826 184.388 7.00045 14.2979 123.467 182.532 15.6749 305 0 
4.10306 0.0229167 0.0229167 50.3708 50.3708 182.339 184.9 7.00045 14.3569 122.97 183.041 15.7373 305 0 
4.11316 0.0229167 0.0229167 50.3708 50.3708 182.851 185.412 7.00045 14.4164 122.473 183.551 15.7998 305 0 
4.12327 0.0229167 0.0229167 50.3708 50.3708 183.341 185.902 7.00045 14.4738 121.998 184.038 15.8596 305 0 
4.13337 0.021875 0.021875 48.0812 48.0812 183.831 186.392 7.00045 14.5316 121.523 184.524 15.9193 305 0 
4.14347 0.021875 0.0229167 48.0812 50.3708 184.321 186.904 7.06133 14.6522 121.037 185.022 15.9807 305 0 
4.15359 0.021875 0.0229167 48.0812 50.3708 184.833 187.416 7.06133 14.7138 120.541 185.531 16.0437 305 0 
4.16371 0.0229167 0.0229167 50.3708 50.3708 185.345 187.906 7.00045 14.7137 120.056 186.029 16.1051 305 0 
4.17383 0.0229167 0.0229167 50.3708 50.3708 185.835 188.396 7.00045 14.7734 119.581 186.516 16.1649 305 0 
4.18395 0.0229167 0.0229167 50.3708 50.3708 186.347 188.909 7.00045 14.8363 119.085 187.025 16.2274 305 0 
4.19404 0.0229167 0.0229167 50.3708 50.3708 186.86 189.421 7.00045 14.8998 118.59 187.535 16.2899 305 0 
4.20414 0.0229167 0.0229167 50.3708 50.3708 187.35 189.933 7.06133 15.0233 118.105 188.033 16.3512 305 0 
4.21427 0.0229167 0.0229167 50.3708 50.3708 187.884 190.445 7.00045 15.0285 117.599 188.553 16.4154 305 0 
4.22439 0.0239583 0.0229167 52.6604 50.3708 188.419 190.98 7.00045 15.0964 117.082 189.084 16.4805 305 0 
4.23449 0.0229167 0.021875 50.3708 48.0812 188.909 191.47 7.00045 15.1592 116.608 189.571 16.5403 305 0 
4.24459 0.0229167 0.0229167 50.3708 50.3708 189.421 192.004 7.06133 15.2879 116.103 190.091 16.6044 305 0 
4.25469 0.021875 0.0229167 48.0812 50.3708 189.911 192.494 7.06133 15.352 115.629 190.578 16.6647 305 0 
4.26482 0.0229167 0.021875 50.3708 48.0812 190.423 192.984 7.00045 15.3571 115.146 191.076 16.7261 305 0 
4.27495 0.021875 0.021875 48.0812 48.0812 190.913 193.497 7.06133 15.4845 114.662 191.574 16.7875 305 0 
4.28507 0.0229167 0.0229167 50.3708 50.3708 191.448 194.009 7.00045 15.4937 114.157 192.094 16.8516 305 0 
4.29518 0.0229167 0.0239583 50.3708 52.6604 191.938 194.521 7.06133 15.6222 113.673 192.592 16.913 305 0 
4.30529 0.0229167 0.0229167 50.3708 50.3708 192.45 195.033 7.06133 15.6922 113.18 193.101 16.976 305 0 
4.3154 0.0229167 0.0239583 50.3708 52.6604 192.962 195.568 7.1222 15.8252 112.675 193.621 17.0407 305 0 
4.32552 0.0229167 0.0239583 50.3708 52.6604 193.497 196.08 7.06133 15.8372 112.171 194.141 17.1053 305 0 
4.33564 0.0229167 0.0229167 50.3708 50.3708 193.987 196.592 7.1222 15.9685 111.688 194.639 17.1672 305 0 
4.34575 0.0145833 0.0145833 32.0542 32.0542 194.343 196.926 7.06133 15.9564 111.356 194.982 17.2099 305 0 
4.35585 0.0229167 0.0229167 50.3708 50.3708 194.833 197.439 7.1222 16.0887 110.874 195.48 17.2718 305 0 
4.36595 0.0229167 0.0229167 50.3708 50.3708 195.323 197.973 7.24395 16.2845 110.381 195.989 17.3359 305 0 
4.37605 0.021875 0.0229167 48.0812 50.3708 195.813 198.463 7.24395 16.3562 109.91 196.475 17.3977 305 0 
4.38616 0.0229167 0.0229167 50.3708 50.3708 196.303 198.975 7.30482 16.4912 109.429 196.973 17.4612 305 0 
4.39626 0.0229167 0.0229167 50.3708 50.3708 196.793 199.488 7.3657 16.6271 108.948 197.471 17.5253 305 0 
4.40637 0.0229167 0.0229167 50.3708 50.3708 197.283 200 7.42657 16.764 108.467 197.968 17.5898 305 0 
4.41648 0.0229167 0.0229167 50.3708 50.3708 197.773 200.512 7.48744 16.9018 107.987 198.466 17.6549 305 0 
4.4266 0.0229167 0.0229167 50.3708 50.3708 198.263 201.002 7.48744 16.9778 107.518 198.952 17.7188 305 0 
4.43672 0.021875 0.0229167 48.0812 50.3708 198.753 201.537 7.60919 17.18 107.028 199.461 17.7861 305 0 
4.44684 0.021875 0.0229167 48.0812 50.3708 199.243 202.027 7.60919 17.2579 106.559 199.947 17.8511 305 0 
4.45695 0.021875 0.0229167 48.0812 50.3708 199.755 202.539 7.60919 17.3401 106.069 200.455 17.919 305 0 
4.46704 0.021875 0.0229167 48.0812 50.3708 200.245 203.051 7.67006 17.4823 105.59 200.953 17.9856 305 0 
4.47718 0.0229167 0.0229167 50.3708 50.3708 200.757 203.563 7.67006 17.5663 105.101 201.461 18.0541 305 0 
4.48728 0.0229167 0.0229167 50.3708 50.3708 201.247 204.076 7.73094 17.7102 104.623 201.958 18.1212 305 0 
4.49738 0.021875 0.0239583 48.0812 52.6604 201.737 204.588 7.79181 17.8552 104.145 202.455 18.189 305 0 
4.50748 0.021875 0.0229167 48.0812 50.3708 202.227 205.1 7.85268 18.0012 103.668 202.952 18.2572 305 0 
4.51758 0.021875 0.0229167 48.0812 50.3708 202.717 205.612 7.91356 18.1484 103.191 203.449 18.326 305 0 
4.52773 0.021875 0.0229167 48.0812 50.3708 203.207 206.125 7.97443 18.2966 102.714 203.946 18.3953 305 0 
4.53784 0.0208333 0.0229167 45.7917 50.3708 203.697 206.637 8.03531 18.4458 102.238 204.443 18.4652 305 0 
4.54794 0.021875 0.0229167 48.0812 50.3708 204.209 207.149 8.03531 18.5372 101.752 204.951 18.5368 305 0 
4.55804 0.021875 0.0229167 48.0812 50.3708 204.699 207.639 8.03531 18.6255 101.287 205.437 18.6054 305 0 
4.56816 0.0208333 0.0208333 45.7917 45.7917 205.167 208.107 8.03531 18.7104 100.843 205.901 18.6708 305 0 
4.57826 0.0208333 0.0229167 45.7917 50.3708 205.657 208.619 8.09618 18.8633 100.368 206.397 18.7412 305 0 
4.58837 0.021875 0.0229167 48.0812 50.3708 206.169 209.109 8.03531 18.8954 99.893 206.894 18.8115 305 0 
4.59847 0.021875 0.0229167 48.0812 50.3708 206.659 209.621 8.09618 19.05 99.4185 207.391 18.8819 305 0 
4.60857 0.021875 0.0229167 48.0812 50.3708 207.149 210.134 8.15705 19.2059 98.9444 207.888 18.9528 305 0 
4.61868 0.0229167 0.0229167 50.3708 50.3708 207.661 210.624 8.09618 19.2409 98.4706 208.384 19.0237 305 0 
4.62878 0.0229167 0.0229167 50.3708 50.3708 208.151 211.158 8.21793 19.4618 97.9867 208.892 19.0964 305 0 
4.63889 0.0229167 0.0229167 50.3708 50.3708 208.641 211.648 8.21793 19.5578 97.5242 209.378 19.1665 305 0 
4.649 0.021875 0.0229167 48.0812 50.3708 209.154 212.183 8.2788 19.7224 97.0306 209.896 19.2416 305 0 
4.6591 0.0229167 0.0229167 50.3708 50.3708 209.666 212.673 8.21793 19.7619 96.5583 210.393 19.3136 305 0 
4.66923 0.021875 0.0229167 48.0812 50.3708 210.156 213.207 8.33967 19.9874 96.076 210.9 19.3874 305 0 
4.67935 0.0208333 0.0229167 45.7917 50.3708 210.646 213.697 8.33967 20.0879 95.615 211.386 19.4585 305 0 
4.68947 0.021875 0.021875 48.0812 48.0812 211.158 214.187 8.2788 20.1306 95.1438 211.882 19.531 305 0 
4.69958 0.021875 0.021875 48.0812 48.0812 211.648 214.677 8.2788 20.2328 94.6833 212.368 19.6016 305 0 
4.70969 0.0229167 0.021875 50.3708 48.0812 212.16 215.189 8.2788 20.3407 94.2022 212.875 19.6754 305 0 
4.7198 0.0229167 0.0229167 50.3708 50.3708 212.65 215.702 8.33967 20.5083 93.732 213.372 19.7479 305 0 
4.7299 0.0229167 0.0229167 50.3708 50.3708 213.14 216.192 8.33967 20.6139 93.2726 213.857 19.819 305 0 
4.74001 0.021875 0.0229167 48.0812 50.3708 213.63 216.682 8.33967 20.7205 92.8135 214.343 19.8901 305 0 
4.75012 0.021875 0.021875 48.0812 48.0812 214.143 217.194 8.33967 20.8331 92.3339 214.85 19.9645 305 0 
4.76022 0.0229167 0.0229167 50.3708 50.3708 214.655 217.706 8.33967 20.9469 91.8547 215.358 20.0388 305 0 
4.77033 0.0229167 0.0229167 50.3708 50.3708 215.145 218.196 8.33967 21.0569 91.3967 215.843 20.11 305 0 
4.78044 0.0229167 0.0229167 50.3708 50.3708 215.657 218.686 8.2788 21.1095 90.9285 216.34 20.1824 305 0 
4.79055 0.021875 0.0229167 48.0812 50.3708 216.147 219.198 8.33967 21.2849 90.4606 216.836 20.2549 305 0 
4.80063 0.0208333 0.021875 45.7917 48.0812 216.615 219.688 8.40055 21.4567 90.0141 217.31 20.3247 305 0 
4.81072 0.0208333 0.0229167 45.7917 50.3708 217.105 220.2 8.46142 21.6352 89.5474 217.807 20.3982 305 0 
4.82083 0.021875 0.0229167 48.0812 50.3708 217.595 220.69 8.46142 21.7516 89.0915 218.292 20.4704 305 0 
4.83096 0.0177083 0.015625 38.9229 34.3438 217.996 221.025 8.2788 21.6566 88.7496 218.656 20.5239 305 0 
4.84107 0.0229167 0.021875 50.3708 48.0812 218.486 221.514 8.2788 21.7741 88.2938 219.142 20.5945 305 0 
4.85119 0.0229167 0.021875 50.3708 48.0812 218.975 222.027 8.33967 21.9566 87.8281 219.638 20.667 305 0 
4.8613 0.0229167 0.0208333 50.3708 45.7917 219.465 222.494 8.2788 22.0131 87.3835 220.113 20.7362 305 0 
4.87142 0.0229167 0.0229167 50.3708 50.3708 219.955 222.984 8.2788 22.1343 86.9288 220.598 20.8068 305 0 
4.88154 0.0229167 0.0229167 50.3708 50.3708 220.445 223.474 8.2788 22.2568 86.4745 221.084 20.8774 305 0 
4.89165 0.0229167 0.021875 50.3708 48.0812 220.935 223.964 8.2788 22.3805 86.0207 221.569 20.948 305 0 
4.90176 0.0229167 0.021875 50.3708 48.0812 221.425 224.454 8.2788 22.5056 85.5672 222.054 21.0186 305 0 
4.91187 0.0229167 0.021875 50.3708 48.0812 221.915 224.967 8.33967 22.696 85.1039 222.551 21.0911 305 0 
4.92197 0.021875 0.0229167 48.0812 50.3708 222.405 225.479 8.40055 22.8881 84.6413 223.047 21.1641 305 0 
4.93207 0.021875 0.0229167 48.0812 50.3708 222.918 225.969 8.33967 22.9598 84.1791 223.544 21.2371 305 0 
4.94218 0.021875 0.0229167 48.0812 50.3708 223.408 226.481 8.40055 23.1548 83.7174 224.04 21.3101 305 0 
4.95228 0.0229167 0.0229167 50.3708 50.3708 223.92 226.993 8.40055 23.2937 83.2461 224.548 21.385 305 0 
4.96241 0.0229167 0.0229167 50.3708 50.3708 224.41 227.483 8.40055 23.4279 82.7956 225.033 21.4566 305 0 
4.97252 0.0229167 0.0229167 50.3708 50.3708 224.9 227.996 8.46142 23.6278 82.3355 225.529 21.5302 305 0 
4.98263 0.0229167 0.021875 50.3708 48.0812 225.39 228.486 8.46142 23.7654 81.8863 226.015 21.6023 305 0 
4.99275 0.021875 0.021875 48.0812 48.0812 225.88 228.975 8.46142 23.9045 81.4375 226.5 21.6745 305 0 
5.00287 0.0208333 0.0229167 45.7917 50.3708 226.37 229.488 8.52229 24.1094 80.9791 226.996 21.7485 305 0 
5.01298 0.021875 0.0229167 48.0812 50.3708 226.86 229.978 8.52229 24.252 80.5315 227.481 21.8212 305 0 
5.02309 0.021875 0.0229167 48.0812 50.3708 227.35 230.468 8.52229 24.3961 80.0844 227.966 21.8939 305 0 
5.0332 0.021875 0.0229167 48.0812 50.3708 227.84 230.958 8.52229 24.5419 79.6378 228.452 21.9665 305 0 
5.0433 0.021875 0.0229167 48.0812 50.3708 228.33 231.448 8.52229 24.6894 79.1917 228.937 22.0392 305 0 
5.0534 0.021875 0.0229167 48.0812 50.3708 228.842 231.938 8.46142 24.7808 78.736 229.433 22.1133 305 0 
5.0635 0.0229167 0.021875 50.3708 48.0812 229.354 232.428 8.40055 24.8737 78.2806 229.929 22.1868 305 0 
5.07361 0.0229167 0.0229167 50.3708 50.3708 229.844 232.962 8.52229 25.1547 77.8157 230.437 22.2622 305 0 
5.08377 0.0229167 0.0229167 50.3708 50.3708 230.379 233.452 8.40055 25.1941 77.3515 230.944 22.3377 305 0 
5.09388 0.0229167 0.0208333 50.3708 45.7917 230.869 233.942 8.40055 25.3497 76.9078 231.429 22.4093 305 0 
5.10398 0.0229167 0.021875 50.3708 48.0812 231.381 234.454 8.40055 25.5142 76.4445 231.937 22.4842 305 0 
5.11408 0.0229167 0.0229167 50.3708 50.3708 231.893 234.967 8.40055 25.6808 75.9819 232.444 22.5591 305 0 
5.12419 0.0229167 0.021875 50.3708 48.0812 232.383 235.434 8.33967 25.7774 75.55 232.919 22.6288 305 0 
5.13429 0.021875 0.021875 48.0812 48.0812 232.873 235.924 8.33967 25.9401 75.1085 233.404 22.7 305 0 
5.1444 0.021875 0.021875 48.0812 48.0812 233.363 236.414 8.33967 26.1048 74.6675 233.889 22.7711 305 0 
5.15451 0.0229167 0.0229167 50.3708 50.3708 233.898 236.926 8.2788 26.2218 74.1971 234.408 22.8468 305 0 
5.16462 0.0229167 0.0229167 50.3708 50.3708 234.388 237.416 8.2788 26.3902 73.7573 234.893 22.9174 305 0 
5.17472 0.0229167 0.0229167 50.3708 50.3708 234.9 237.906 8.21793 26.5035 73.308 235.39 22.9893 305 0 
5.18483 0.0229167 0.0229167 50.3708 50.3708 235.412 238.396 8.15705 26.6185 72.8591 235.887 23.0607 305 0 
5.19494 0.0229167 0.021875 50.3708 48.0812 235.902 238.886 8.15705 26.7924 72.4208 236.372 23.1303 305 0 
5.20505 0.0229167 0.021875 50.3708 48.0812 236.414 239.376 8.09618 26.9114 71.9731 236.869 23.2012 305 0 
5.21517 0.0229167 0.021875 50.3708 48.0812 236.926 239.866 8.03531 27.0323 71.5259 237.366 23.2716 305 0 
5.22529 0.0229167 0.021875 50.3708 48.0812 237.416 240.379 8.09618 27.2771 71.0794 237.863 23.3419 305 0 
5.23542 0.021875 0.0229167 48.0812 50.3708 237.906 240.891 8.15705 27.5247 70.6339 238.359 23.4128 305 0 
5.24554 0.021875 0.0229167 48.0812 50.3708 238.396 241.381 8.15705 27.7098 70.1991 238.845 23.4824 305 0 
5.25565 0.021875 0.0229167 48.0812 50.3708 238.909 241.871 8.09618 27.8404 69.7551 239.342 23.5533 305 0 
5.26576 0.021875 0.021875 48.0812 48.0812 239.399 242.361 8.09618 28.0298 69.3216 239.827 23.6224 305 0 
5.27586 0.021875 0.021875 48.0812 48.0812 239.889 242.851 8.09618 28.2215 68.8889 240.313 23.6914 305 0 
5.28596 0.0229167 0.021875 50.3708 48.0812 240.401 243.363 8.09618 28.4246 68.4373 240.821 23.7636 305 0 
5.29606 0.0229167 0.021875 50.3708 48.0812 240.891 243.853 8.09618 28.6213 68.0062 241.307 23.8327 305 0 
5.30617 0.0229167 0.0229167 50.3708 50.3708 241.381 244.365 8.15705 28.8862 67.5663 241.803 23.9036 305 0 
5.32435 0.01875 0.01875 41.2125 41.2125 241.804 244.811 8.21793 29.1264 67.1859 242.234 23.9655 305 0 
5.33454 0.021875 0.0229167 48.0812 50.3708 242.294 245.345 8.33967 29.4629 66.7385 242.741 24.0393 305 0 
5.34464 0.021875 0.0229167 48.0812 50.3708 242.784 245.835 8.33967 29.6714 66.3118 243.227 24.1104 305 0 
5.35473 0.021875 0.0229167 48.0812 50.3708 243.274 246.325 8.33967 29.8826 65.8859 243.712 24.1815 305 0 
5.36481 0.021875 0.0229167 48.0812 50.3708 243.764 246.815 8.33967 30.0966 65.4609 244.198 24.2526 305 0 
5.3749 0.0229167 0.0239583 50.3708 52.6604 244.276 247.35 8.40055 30.3893 65.0081 244.716 24.3289 305 0 
5.38503 0.0229167 0.0229167 50.3708 50.3708 244.766 247.84 8.40055 30.6095 64.5853 245.201 24.4005 305 0 
5.39514 0.021875 0.021875 48.0812 48.0812 245.256 248.33 8.40055 30.8326 64.1635 245.687 24.4722 305 0 
5.40525 0.021875 0.021875 48.0812 48.0812 245.746 248.842 8.46142 31.1248 63.7332 246.183 24.5457 305 0 
5.41539 0.021875 0.0229167 48.0812 50.3708 246.258 249.354 8.46142 31.3648 63.2947 246.69 24.6211 305 0 
5.42553 0.021875 0.0229167 48.0812 50.3708 246.748 249.844 8.46142 31.5975 62.8762 247.176 24.6933 305 0 
5.43565 0.0208333 0.0229167 45.7917 50.3708 247.216 250.334 8.52229 31.889 62.4684 247.65 24.764 305 0 
5.44576 0.0208333 0.0208333 45.7917 45.7917 248.33 251.448 8.52229 32.4376 61.5243 248.753 24.9292 305 0 
5.45587 0.0197917 0.0177083 43.5021 38.9229 249.399 252.472 8.40055 32.8462 60.6416 249.789 25.0833 305 0 
5.46597 0.0197917 0.01875 43.5021 41.2125 250.401 253.497 8.46142 33.4349 59.7918 250.793 25.232 305 0 
5.47607 0.0177083 0.0166667 38.9229 36.6333 251.915 255.011 8.46142 34.2528 58.5321 252.293 25.455 305 0 
5.4862 0.0145833 0.0145833 32.0542 32.0542 253.229 256.303 8.40055 34.9236 57.4579 253.583 25.6462 305 0 
5.49631 0.0125 0.0125 27.475 27.475 254.388 257.416 8.2788 35.4609 56.5282 254.709 25.8111 305 0 
5.50642 0.0125 0.0104167 27.475 22.8958 255.457 258.441 8.15705 35.964 55.677 255.746 25.9608 305 0 
5.51652 0.0104167 0.009375 22.8958 20.6063 256.347 259.31 8.09618 36.442 54.966 256.618 26.0853 305 0 
5.52662 0.009375 0.00833333 20.6063 18.3167 257.127 260.045 7.97443 36.7943 54.3573 257.369 26.1912 305 0 
5.53672 0.00729167 0.00729167 16.0271 16.0271 257.773 260.646 7.85268 37.0699 53.8581 257.987 26.2771 305 0 
5.54683 0.00520833 0.00416667 11.4479 9.15833 258.241 261.047 7.67006 37.1673 53.5113 258.418 26.3358 305 0 
5.55693 0.003125 0.00416667 6.86875 9.15833 258.619 261.448 7.73094 37.4823 53.2008 258.805 26.3881 305 0 
5.56704 0.003125 0.00416667 6.86875 9.15833 258.886 261.715 7.73094 37.6584 52.9887 259.07 26.4241 305 0 
5.57714 0.00104167 0.00208333 2.28958 4.57917 259.02 261.849 7.73094 37.747 52.8828 259.203 26.4421 305 0 
5.58727 0 0 0 0 259.042 261.893 7.79181 37.8301 52.8564 259.236 26.4466 305 0 
5.59739 0 0 0 0 259.042 261.893 7.79181 37.8301 52.8564 259.236 26.4466 305 0 
5.60749 0 0 0 0 259.02 261.893 7.85268 37.8835 52.8652 259.225 26.4451 305 0 
5.61759 0 0 0 0 259.02 261.893 7.85268 37.8835 52.8652 259.225 26.4451 305 0 
5.6277 0 0 0 0 259.02 261.893 7.85268 37.8835 52.8652 259.225 26.4451 305 0 
5.63782 0 0 0 0 259.02 261.893 7.85268 37.8835 52.8652 259.225 26.4451 305 0 
5.64795 0 0 0 0 259.02 261.893 7.85268 37.8835 52.8652 259.225 26.4451 305 0 
5.65806 0 0 0 0 259.02 261.893 7.85268 37.8835 52.8652 259.225 26.4451 305 0 
5.66817 0 0 0 0 259.02 261.893 7.85268 37.8835 52.8652 259.225 26.4451 305 0 
5.67827 0 0 0 0 259.02 261.893 7.85268 37.8835 52.8652 259.225 26.4451 305 0 
5.68838 0 0 0 0 259.02 261.893 7.85268 37.8835 52.8652 259.225 26.4451 305 0 
5.69853 0 0 0 0 259.02 261.893 7.85268 37.8835 52.8652 259.225 26.4451 305 0 
5.70864 0 0 0 0 259.02 261.893 7.85268 37.8835 52.8652 259.225 26.4451 305 0 
5.7188 0 0 0 0 259.02 261.893 7.85268 37.8835 52.8652 259.225 26.4451 305 0 
5.72893 0 0 0 0 259.02 261.893 7.85268 37.8835 52.8652 259.225 26.4451 305 0 
5.73903 0 0 0 0 259.02 261.893 7.85268 37.8835 52.8652 259.225 26.4451 305 0 
5.74914 0 0 0 0 259.02 261.893 7.85268 37.8835 52.8652 259.225 26.4451 305 0 
5.75925 0 0 0 0 259.02 261.893 7.85268 37.8835 52.8652 259.225 26.4451 305 0 
5.7694 0 0 0 0 259.02 261.893 7.85268 37.8835 52.8652 259.225 26.4451 305 0 
5.7795 0 0 0 0 259.02 261.893 7.85268 37.8835 52.8652 259.225 26.4451 305 0 
5.78965 0 0 0 0 259.02 261.893 7.85268 37.8835 52.8652 259.225 26.4451 305 0 
5.79993 0 0 0 0 259.02 261.893 7.85268 37.8835 52.8652 259.225 26.4451 305 0 
5.81004 0 0 0 0 259.02 261.893 7.85268 37.8835 52.8652 259.225 26.4451 305 0 
5.82014 0 0 0 0 259.02 261.893 7.85268 37.8835 52.8652 259.225 26.4451 305 0 
5.83024 0 0 0 0 259.02 261.893 7.85268 37.8835 52.8652 259.225 26.4451 305 0 
5.84035 0 0 0 0 259.02 261.893 7.85268 37.8835 52.8652 259.225 26.4451 305 0 
5.85045 0 0 0 0 259.02 261.893 7.85268 37.8835 52.8652 259.225 26.4451 305 0 
5.86054 0 0 0 0 259.02 261.893 7.85268 37.8835 52.8652 259.225 26.4451 305 0 
5.87066 0 0 0 0 259.02 261.893 7.85268 37.8835 52.8652 259.225 26.4451 305 0 
5.88076 0 0 0 0 259.02 261.893 7.85268 37.8835 52.8652 259.225 26.4451 305 0 
5.89086 0 0 0 0 259.02 261.893 7.85268 37.8835 52.8652 259.225 26.4451 305 0 
5.90097 0 0 0 0 259.02 261.893 7.85268 37.8835 52.8652 259.225 26.4451 305 0 
5.91112 0 0 0 0 259.02 261.893 7.85268 37.8835 52.8652 259.225 26.4451 305 0 
5.92122 0 0 0 0 259.02 261.893 7.85268 37.8835 52.8652 259.225 26.4451 305 0 
5.93135 0 0 0 0 259.02 261.893 7.85268 37.8835 52.8652 259.225 26.4451 305 0 
5.94148 0 0 0 0 259.02 261.893 7.85268 37.8835 52.8652 259.225 26.4451 305 0 
5.95158 0 0 0 0 259.02 261.893 7.85268 37.8835 52.8652 259.225 26.4451 305 0 
5.96169 0 0 0 0 259.02 261.893 7.85268 37.8835 52.8652 259.225 26.4451 305 0 
5.9718 0 0 0 0 259.02 261.893 7.85268 37.8835 52.8652 259.225 26.4451 305 0 
5.98189 0 0 0 0 259.02 261.893 7.85268 37.8835 52.8652 259.225 26.4451 305 0 
5.99201 0 0 0 0 259.02 261.893 7.85268 37.8835 52.8652 259.225 26.4451 305 0 
6.00227 0 0 0 0 259.02 261.893 7.85268 37.8835 52.8652 259.225 26.4451 305 0 
6.01243 0 0 0 0 259.02 261.893 7.85268 37.8835 52.8652 259.225 26.4451 305 0 
6.02253 0 0 0 0 259.02 261.893 7.85268 37.8835 52.8652 259.225 26.4451 305 0 
6.03263 0 0 0 0 259.02 261.893 7.85268 37.8835 52.8652 259.225 26.4451 305 0 
6.04277 0 0 0 0 259.02 261.893 7.85268 37.8835 52.8652 259.225 26.4451 305 0 
6.05287 0 0 0 0 259.02 261.893 7.85268 37.8835 52.8652 259.225 26.4451 305 0 
6.06298 0 0 0 0 259.02 261.893 7.85268 37.8835 52.8652 259.225 26.4451 305 0 
6.07311 0 0 0 0 259.02 261.893 7.85268 37.8835 52.8652 259.225 26.4451 305 0 
6.08321 0 0 0 0 259.02 261.893 7.85268 37.8835 52.8652 259.225 26.4451 305 0 
6.09332 0 0 0 0 259.02 261.893 7.85268 37.8835 52.8652 259.225 26.4451 305 0 
6.10347 0 0 0 0 259.02 261.893 7.85268 37.8835 52.8652 259.225 26.4451 305 0 
6.11357 0 0 0 0 259.02 261.893 7.85268 37.8835 52.8652 259.225 26.4451 305 0 
6.12368 0 0 0 0 259.02 261.893 7.85268 37.8835 52.8652 259.225 26.4451 305 0 
6.13379 0 0 0 0 259.02 261.893 7.85268 37.8835 52.8652 259.225 26.4451 305 0 
6.1439 0 0 0 0 259.02 261.893 7.85268 37.8835 52.8652 259.225 26.4451 305 0 
6.15401 0 0 0 0 259.02 261.893 7.85268 37.8835 52.8652 259.225 26.4451 305 0 
6.16411 0 0 0 0 259.02 261.893 7.85268 37.8835 52.8652 259.225 26.4451 305 0 
6.17422 0 0 0 0 259.02 261.893 7.85268 37.8835 52.8652 259.225 26.4451 305 0 
6.1844 0 0 0 0 259.02 261.893 7.85268 37.8835 52.8652 259.225 26.4451 305 0 
6.19452 0 0 0 0 259.02 261.893 7.85268 37.8835 52.8652 259.225 26.4451 305 0 
6.20462 0 0 0 0 259.02 261.893 7.85268 37.8835 52.8652 259.225 26.4451 305 0 
6.21473 0 0 0 0 259.02 261.893 7.85268 37.8835 52.8652 259.225 26.4451 305 0 
6.22487 0 0 0 0 259.02 261.893 7.85268 37.8835 52.8652 259.225 26.4451 305 0 
6.23499 0 0 0 0 259.02 261.893 7.85268 37.8835 52.8652 259.225 26.4451 305 0 
6.24509 0 0 0 0 259.02 261.893 7.85268 37.8835 52.8652 259.225 26.4451 305 0 
6.2552 0 0 0 0 259.02 261.893 7.85268 37.8835 52.8652 259.225 26.4451 305 0 
6.26531 0 0 0 0 259.02 261.893 7.85268 37.8835 52.8652 259.225 26.4451 305 0 
6.27544 0 0 0 0 259.02 261.893 7.85268 37.8835 52.8652 259.225 26.4451 305 0 
6.28555 0 0 0 0 259.02 261.893 7.85268 37.8835 52.8652 259.225 26.4451 305 0 
6.29565 0 0 0 0 259.02 261.893 7.85268 37.8835 52.8652 259.225 26.4451 305 0 
6.3058 0 0 0 0 259.02 261.893 7.85268 37.8835 52.8652 259.225 26.4451 305 0 
6.31591 0 0 0 0 259.02 261.893 7.85268 37.8835 52.8652 259.225 26.4451 305 0 
6.32602 0 0 0 0 259.02 261.893 7.85268 37.8835 52.8652 259.225 26.4451 305 0 
6.33613 0 0 0 0 259.02 261.893 7.85268 37.8835 52.8652 259.225 26.4451 305 0 
6.34623 0 0 0 0 259.02 261.893 7.85268 37.8835 52.8652 259.225 26.4451 305 0 
6.35634 0 0 0 0 259.02 261.893 7.85268 37.8835 52.8652 259.225 26.4451 305 0 
6.36645 0 0 0 0 259.02 261.893 7.85268 37.8835 52.8652 259.225 26.4451 305 0 
6.37656 0 0 0 0 259.02 261.893 7.85268 37.8835 52.8652 259.225 26.4451 305 0 
6.3867 0 0 0 0 259.02 261.893 7.85268 37.8835 52.8652 259.225 26.4451 305 0 
6.3968 0 0 0 0 259.02 261.893 7.85268 37.8835 52.8652 259.225 26.4451 305 0 
6.40691 0 0 0 0 259.02 261.893 7.85268 37.8835 52.8652 259.225 26.4451 305 0 
6.41702 0 0 0 0 259.02 261.893 7.85268 37.8835 52.8652 259.225 26.4451 305 0 
6.42712 0 0 0 0 259.02 261.893 7.85268 37.8835 52.8652 259.225 26.4451 305 0 
6.43726 0 0 0 0 259.02 261.893 7.85268 37.8835 52.8652 259.225 26.4451 305 0 
6.44737 0 0 0 0 259.02 261.893 7.85268 37.8835 52.8652 259.225 26.4451 305 0 
6.45747 0 0 0 0 259.02 261.893 7.85268 37.8835 52.8652 259.225 26.4451 305 0 
6.46757 0 0 0 0 259.02 261.893 7.85268 37.8835 52.8652 259.225 26.4451 305 0 
6.47767 0 0 0 0 259.02 261.893 7.85268 37.8835 52.8652 259.225 26.4451 305 0 
6.48779 0 0 0 0 259.02 261.893 7.85268 37.8835 52.8652 259.225 26.4451 305 0 
6.4979 0 0 0 0 259.02 261.893 7.85268 37.8835 52.8652 259.225 26.4451 305 0 
6.50809 0 0 0 0 259.02 261.893 7.85268 37.8835 52.8652 259.225 26.4451 305 0 
6.51823 0 0 0 0 259.02 261.893 7.85268 37.8835 52.8652 259.225 26.4451 305 0 
6.52833 0 0 0 0 259.02 261.893 7.85268 37.8835 52.8652 259.225 26.4451 305 0 
6.53845 0 0 0 0 259.02 261.893 7.85268 37.8835 52.8652 259.225 26.4451 305 0 
6.54859 0 0 0 0 259.02 261.893 7.85268 37.8835 52.8652 259.225 26.4451 305 0 
6.55871 0 0 0 0 259.02 261.893 7.85268 37.8835 52.8652 259.225 26.4451 305 0 
6.56881 0 0 0 0 259.02 261.893 7.85268 37.8835 52.8652 259.225 26.4451 305 0 
6.57891 0 0 0 0 259.02 261.893 7.85268 37.8835 52.8652 259.225 26.4451 305 0 
6.58902 0 0 0 0 259.02 261.893 7.85268 37.8835 52.8652 259.225 26.4451 305 0 
6.59913 0 0 0 0 259.02 261.893 7.85268 37.8835 52.8652 259.225 26.4451 305 0 
6.60924 0 0 0 0 259.02 261.893 7.85268 37.8835 52.8652 259.225 26.4451 305 0 
6.61936 0 0 0 0 259.02 261.893 7.85268 37.8835 52.8652 259.225 26.4451 305 0 
6.6295 0 0 0 0 259.02 261.893 7.85268 37.8835 52.8652 259.225 26.4451 305 0 
6.63961 0 0 0 0 259.02 261.893 7.85268 37.8835 52.8652 259.225 26.4451 305 0 
6.64972 0 0 0 0 259.02 261.893 7.85268 37.8835 52.8652 259.225 26.4451 305 0 
6.65982 0 0 0 0 259.02 261.893 7.85268 37.8835 52.8652 259.225 26.4451 305 0 
6.66994 0 0 0 0 259.02 261.893 7.85268 37.8835 52.8652 259.225 26.4451 305 0 
6.68005 0 0 0 0 259.02 261.893 7.85268 37.8835 52.8652 259.225 26.4451 305 0 
6.69016 0 0 0 0 259.02 261.893 7.85268 37.8835 52.8652 259.225 26.4451 305 0 
6.70026 0 0 0 0 259.02 261.893 7.85268 37.8835 52.8652 259.225 26.4451 305 0 
6.71039 0 0 0 0 259.02 261.893 7.85268 37.8835 52.8652 259.225 26.4451 305 0 
6.7205 0 0 0 0 259.02 261.893 7.85268 37.8835 52.8652 259.225 26.4451 305 0 
6.7306 0 0 0 0 259.02 261.893 7.85268 37.8835 52.8652 259.225 26.4451 305 0 
6.74071 0 0 0 0 259.02 261.893 7.85268 37.8835 52.8652 259.225 26.4451 305 0 
6.75081 0 0 0 0 259.02 261.893 7.85268 37.8835 52.8652 259.225 26.4451 305 0 
6.76097 0 0 0 0 259.02 261.893 7.85268 37.8835 52.8652 259.225 26.4451 305 0 
6.7711 0 0 0 0 259.02 261.893 7.85268 37.8835 52.8652 259.225 26.4451 305 0 
6.7812 0 0 0 0 259.02 261.893 7.85268 37.8835 52.8652 259.225 26.4451 305 0 
6.7913 0 0 0 0 259.02 261.893 7.85268 37.8835 52.8652 259.225 26.4451 305 0 
6.80142 0 0 0 0 259.02 261.893 7.85268 37.8835 52.8652 259.225 26.4451 305 0 
6.81151 0 0 0 0 259.02 261.893 7.85268 37.8835 52.8652 259.225 26.4451 305 0 
6.82161 0 0 0 0 259.02 261.893 7.85268 37.8835 52.8652 259.225 26.4451 305 0 
6.83172 0 0 0 0 259.02 261.893 7.85268 37.8835 52.8652 259.225 26.4451 305 0 
6.84183 0 0 0 0 259.02 261.893 7.85268 37.8835 52.8652 259.225 26.4451 305 0 
6.85192 0 0 0 0 259.02 261.893 7.85268 37.8835 52.8652 259.225 26.4451 305 0 
6.86205 0 0 0 0 259.02 261.893 7.85268 37.8835 52.8652 259.225 26.4451 305 0 
6.87215 0 0 0 0 259.02 261.893 7.85268 37.8835 52.8652 259.225 26.4451 305 0 
6.88226 0 0 0 0 259.02 261.893 7.85268 37.8835 52.8652 259.225 26.4451 305 0 
6.89235 0 0 0 0 259.02 261.893 7.85268 37.8835 52.8652 259.225 26.4451 305 0 
6.90245 0 0 0 0 259.02 261.893 7.85268 37.8835 52.8652 259.225 26.4451 305 0 
6.91258 0 0 0 0 259.02 261.893 7.85268 37.8835 52.8652 259.225 26.4451 305 0 
6.92269 0 0 0 0 259.02 261.893 7.85268 37.8835 52.8652 259.225 26.4451 305 0 
6.93279 0 0 0 0 259.02 261.893 7.85268 37.8835 52.8652 259.225 26.4451 305 0 
6.94289 0 0 0 0 259.02 261.893 7.85268 37.8835 52.8652 259.225 26.4451 305 0 
6.95299 0 0 0 0 259.02 261.893 7.85268 37.8835 52.8652 259.225 26.4451 305 0 
6.96308 0 0 0 0 259.02 261.893 7.85268 37.8835 52.8652 259.225 26.4451 305 0 
6.97319 0 0 0 0 259.02 261.893 7.85268 37.8835 52.8652 259.225 26.4451 305 0 
6.98328 0 0 0 0 259.02 261.893 7.85268 37.8835 52.8652 259.225 26.4451 305 0 
6.99338 0 0 0 0 259.02 261.893 7.85268 37.8835 52.8652 259.225 26.4451 305 0 
7.00348 0 0 0 0 259.02 261.893 7.85268 37.8835 52.8652 259.225 26.4451 305 0 
7.01357 0 0 0 0 259.02 261.893 7.85268 37.8835 52.8652 259.225 26.4451 305 0 
7.02367 0 0 0 0 259.02 261.893 7.85268 37.8835 52.8652 259.225 26.4451 305 0 
7.03377 0 0 0 0 259.02 261.893 7.85268 37.8835 52.8652 259.225 26.4451 305 0 
7.04393 0 0 0 0 259.02 261.893 7.85268 37.8835 52.8652 259.225 26.4451 305 0 
7.05403 0 0 0 0 259.02 261.893 7.85268 37.8835 52.8652 259.225 26.4451 305 0 
7.06421 0 0 0 0 259.02 261.893 7.85268 37.8835 52.8652 259.225 26.4451 305 0 
7.07438 0 0 0 0 259.02 261.893 7.85268 37.8835 52.8652 259.225 26.4451 305 0 
7.08448 0 0 0 0 259.02 261.893 7.85268 37.8835 52.8652 259.225 26.4451 305 0 
7.09458 0 0 0 0 259.02 261.893 7.85268 37.8835 52.8652 259.225 26.4451 305 0 
7.10468 0 0 0 0 259.02 261.893 7.85268 37.8835 52.8652 259.225 26.4451 305 0 
7.11478 0 0 0 0 259.02 261.893 7.85268 37.8835 52.8652 259.225 26.4451 305 0 
7.12493 0 0 0 0 259.02 261.893 7.85268 37.8835 52.8652 259.225 26.4451 305 0 
7.1351 0 0 0 0 259.02 261.893 7.85268 37.8835 52.8652 259.225 26.4451 305 0 
7.1452 0 0 0 0 259.02 261.893 7.85268 37.8835 52.8652 259.225 26.4451 305 0 
7.1553 0 0 0 0 259.02 261.893 7.85268 37.8835 52.8652 259.225 26.4451 305 0 
7.1654 0 0 0 0 259.02 261.893 7.85268 37.8835 52.8652 259.225 26.4451 305 0 
7.17549 0 0 0 0 259.02 261.893 7.85268 37.8835 52.8652 259.225 26.4451 305 0 
7.18559 0 0 0 0 259.02 261.893 7.85268 37.8835 52.8652 259.225 26.4451 305 0 
7.19569 0 0 0 0 259.02 261.893 7.85268 37.8835 52.8652 259.225 26.4451 305 0 
7.20579 0 0 0 0 259.02 261.893 7.85268 37.8835 52.8652 259.225 26.4451 305 0 
7.2159 0 0 0 0 259.02 261.893 7.85268 37.8835 52.8652 259.225 26.4451 305 0 
7.226 0 0 0 0 259.02 261.893 7.85268 37.8835 52.8652 259.225 26.4451 305 0 
7.23609 0 0 0 0 259.02 261.893 7.85268 37.8835 52.8652 259.225 26.4451 305 0 
7.2462 0 0 0 0 259.02 261.893 7.85268 37.8835 52.8652 259.225 26.4451 305 0 
7.25633 0 0 0 0 259.02 261.893 7.85268 37.8835 52.8652 259.225 26.4451 305 0 
7.26643 0 0 0 0 259.02 261.893 7.85268 37.8835 52.8652 259.225 26.4451 305 0 
7.27653 0 0 0 0 259.02 261.893 7.85268 37.8835 52.8652 259.225 26.4451 305 0 
7.28664 0 0 0 0 259.02 261.893 7.85268 37.8835 52.8652 259.225 26.4451 305 0 
7.29675 0 0 0 0 259.02 261.893 7.85268 37.8835 52.8652 259.225 26.4451 305 0 
7.30685 0 0 0 0 259.02 261.893 7.85268 37.8835 52.8652 259.225 26.4451 305 0 
7.317 0 0 0 0 259.02 261.893 7.85268 37.8835 52.8652 259.225 26.4451 305 0 
7.32712 0 0 0 0 259.02 261.893 7.85268 37.8835 52.8652 259.225 26.4451 305 0 
7.33721 0 0 0 0 259.02 261.893 7.85268 37.8835 52.8652 259.225 26.4451 305 0 
7.34731 0 0 0 0 259.02 261.893 7.85268 37.8835 52.8652 259.225 26.4451 305 0 
7.35741 0 0 0 0 259.02 261.893 7.85268 37.8835 52.8652 259.225 26.4451 305 0 
7.36751 0 0 0 0 259.02 261.893 7.85268 37.8835 52.8652 259.225 26.4451 305 0 
7.37761 0 0 0 0 259.02 261.893 7.85268 37.8835 52.8652 259.225 26.4451 305 0 
7.38777 0 0 0 0 259.02 261.893 7.85268 37.8835 52.8652 259.225 26.4451 305 0 
7.39789 0 0 0 0 259.02 261.893 7.85268 37.8835 52.8652 259.225 26.4451 305 0 
7.40799 0 0 0 0 259.02 261.893 7.85268 37.8835 52.8652 259.225 26.4451 305 0 
7.41809 0 0 0 0 259.02 261.893 7.85268 37.8835 52.8652 259.225 26.4451 305 0 
7.42818 0 0 0 0 259.02 261.893 7.85268 37.8835 52.8652 259.225 26.4451 305 0 
7.43828 0 0 0 0 259.02 261.893 7.85268 37.8835 52.8652 259.225 26.4451 305 0 
7.44838 0 0 0 0 259.02 261.893 7.85268 37.8835 52.8652 259.225 26.4451 305 0 
7.45848 0 0 0 0 259.02 261.893 7.85268 37.8835 52.8652 259.225 26.4451 305 0 
7.46858 0 0 0 0 259.02 261.893 7.85268 37.8835 52.8652 259.225 26.4451 305 0 
7.47869 0 0 0 0 259.02 261.893 7.85268 37.8835 52.8652 259.225 26.4451 305 0 
7.4888 0 0 0 0 259.02 261.893 7.85268 37.8835 52.8652 259.225 26.4451 305 0 
7.49892 0 0 0 0 259.02 261.893 7.85268 37.8835 52.8652 259.225 26.4451 305 0 
7.50902 0 0 0 0 259.02 261.893 7.85268 37.8835 52.8652 259.225 26.4451 305 0 
7.51912 0 0 0 0 259.02 261.893 7.85268 37.8835 52.8652 259.225 26.4451 305 0 
7.52923 0 0 0 0 259.02 261.893 7.85268 37.8835 52.8652 259.225 26.4451 305 0 
7.53933 0 0 0 0 259.02 261.893 7.85268 37.8835 52.8652 259.225 26.4451 305 0 
7.54943 0 0 0 0 259.02 261.893 7.85268 37.8835 52.8652 259.225 26.4451 305 0 
7.55954 0 0 0 0 259.02 261.893 7.85268 37.8835 52.8652 259.225 26.4451 305 0 
7.56964 0 0 0 0 259.02 261.893 7.85268 37.8835 52.8652 259.225 26.4451 305 0 
7.57976 0 0 0 0 259.02 261.893 7.85268 37.8835 52.8652 259.225 26.4451 305 0 
7.58986 0 0 0 0 259.02 261.893 7.85268 37.8835 52.8652 259.225 26.4451 305 0 
7.59996 0 0 0 0 259.02 261.893 7.85268 37.8835 52.8652 259.225 26.4451 305 0 
7.61006 0 0 0 0 259.02 261.893 7.85268 37.8835 52.8652 259.225 26.4451 305 0 
7.62016 0 0 0 0 259.02 261.893 7.85268 37.8835 52.8652 259.225 26.4451 305 0 
7.63026 0 0 0 0 259.02 261.893 7.85268 37.8835 52.8652 259.225 26.4451 305 0 
7.64037 0 0 0 0 259.02 261.893 7.85268 37.8835 52.8652 259.225 26.4451 305 0 
7.65046 0 0 0 0 259.02 261.893 7.85268 37.8835 52.8652 259.225 26.4451 305 0 
7.66056 0 0 0 0 259.02 261.893 7.85268 37.8835 52.8652 259.225 26.4451 305 0 
7.67066 0 0 0 0 259.02 261.893 7.85268 37.8835 52.8652 259.225 26.4451 305 0 
7.68082 0 0 0 0 259.02 261.893 7.85268 37.8835 52.8652 259.225 26.4451 305 0 
7.69092 0 0 0 0 259.02 261.893 7.85268 37.8835 52.8652 259.225 26.4451 305 0 
7.70112 0 0 0 0 259.02 261.893 7.85268 37.8835 52.8652 259.225 26.4451 305 0 
7.71123 0 0 0 0 259.02 261.893 7.85268 37.8835 52.8652 259.225 26.4451 305 0 
7.72132 0 0 0 0 259.02 261.893 7.85268 37.8835 52.8652 259.225 26.4451 305 0 
7.73151 0 0 0 0 259.02 261.893 7.85268 37.8835 52.8652 259.225 26.4451 305 0 
7.74162 0 0 0 0 259.02 261.893 7.85268 37.8835 52.8652 259.225 26.4451 305 0 
7.75173 0 0 0 0 259.02 261.893 7.85268 37.8835 52.8652 259.225 26.4451 305 0 
7.76184 0 0 0 0 259.02 261.893 7.85268 37.8835 52.8652 259.225 26.4451 305 0 
7.77194 0 0 0 0 259.02 261.893 7.85268 37.8835 52.8652 259.225 26.4451 305 0 
7.78204 0 0 0 0 259.02 261.893 7.85268 37.8835 52.8652 259.225 26.4451 305 0 
7.79214 0 0 0 0 259.02 261.893 7.85268 37.8835 52.8652 259.225 26.4451 305 0 
7.80234 0 0 0 0 259.02 261.893 7.85268 37.8835 52.8652 259.225 26.4451 305 0 
7.81247 0 0 0 0 259.02 261.893 7.85268 37.8835 52.8652 259.225 26.4451 305 0 
7.82259 0 0 0 0 259.02 261.893 7.85268 37.8835 52.8652 259.225 26.4451 305 0 
7.8328 0 0 0 0 259.02 261.893 7.85268 37.8835 52.8652 259.225 26.4451 305 0 
7.84296 0 0 0 0 259.02 261.893 7.85268 37.8835 52.8652 259.225 26.4451 305 0 
7.85306 0 0 0 0 259.02 261.893 7.85268 37.8835 52.8652 259.225 26.4451 305 0 
7.86316 0 0 0 0 259.02 261.893 7.85268 37.8835 52.8652 259.225 26.4451 305 0 
7.87327 0 0 0 0 259.02 261.893 7.85268 37.8835 52.8652 259.225 26.4451 305 0 
7.88337 0 0 0 0 259.02 261.893 7.85268 37.8835 52.8652 259.225 26.4451 305 0 
7.89348 0 0 0 0 259.02 261.893 7.85268 37.8835 52.8652 259.225 26.4451 305 0 
7.90358 0 0 0 0 259.02 261.893 7.85268 37.8835 52.8652 259.225 26.4451 305 0 
7.91368 0 0 0 0 259.02 261.893 7.85268 37.8835 52.8652 259.225 26.4451 305 0 
7.92379 0 0 0 0 259.02 261.893 7.85268 37.8835 52.8652 259.225 26.4451 305 0 
7.93389 0 0 0 0 259.02 261.893 7.85268 37.8835 52.8652 259.225 26.4451 305 0 
7.944 0 0 0 0 259.02 261.893 7.85268 37.8835 52.8652 259.225 26.4451 305 0 
7.9541 0 0 0 0 259.02 261.893 7.85268 37.8835 52.8652 259.225 26.4451 305 0 
7.9642 0 0 0 0 259.02 261.893 7.85268 37.8835 52.8652 259.225 26.4451 305 0 
7.97433 0 0 0 0 259.02 261.893 7.85268 37.8835 52.8652 259.225 26.4451 305 0 
7.98443 0 0 0 0 259.02 261.893 7.85268 37.8835 52.8652 259.225 26.4451 305 0 
7.99452 0 0 0 0 259.02 261.893 7.85268 37.8835 52.8652 259.225 26.4451 305 0 
8.00463 0 0 0 0 259.02 261.893 7.85268 37.8835 52.8652 259.225 26.4451 305 0 
8.01475 0 0 0 0 259.02 261.893 7.85268 37.8835 52.8652 259.225 26.4451 305 0 
8.02487 0 0 0 0 259.02 261.893 7.85268 37.8835 52.8652 259.225 26.4451 305 0 
8.03497 0 0 0 0 259.02 261.893 7.85268 37.8835 52.8652 259.225 26.4451 305 0 
8.04508 0 0 0 0 259.02 261.893 7.85268 37.8835 52.8652 259.225 26.4451 305 0 
8.0552 0 0 0 0 259.02 261.893 7.85268 37.8835 52.8652 259.225 26.4451 305 0 
8.06529 0 0 0 0 259.02 261.893 7.85268 37.8835 52.8652 259.225 26.4451 305 0 
8.07542 0 0 0 0 259.02 261.893 7.85268 37.8835 52.8652 259.225 26.4451 305 0 
8.08553 0 0 0 0 259.02 261.893 7.85268 37.8835 52.8652 259.225 26.4451 305 0 
8.09564 0 0 0 0 259.02 261.893 7.85268 37.8835 52.8652 259.225 26.4451 305 0 
8.10574 0 0 0 0 259.02 261.893 7.85268 37.8835 52.8652 259.225 26.4451 305 0 
8.11585 0 0 0 0 259.02 261.893 7.85268 37.8835 52.8652 259.225 26.4451 305 0 
8.12602 0 0 0 0 259.02 261.893 7.85268 37.8835 52.8652 259.225 26.4451 305 0 
8.13612 0 0 0 0 259.02 261.893 7.85268 37.8835 52.8652 259.225 26.4451 305 0 
8.14622 0 0 0 0 259.02 261.893 7.85268 37.8835 52.8652 259.225 26.4451 305 0 
8.15633 0 0 0 0 259.02 261.893 7.85268 37.8835 52.8652 259.225 26.4451 305 0 
8.16644 0 0 0 0 259.02 261.893 7.85268 37.8835 52.8652 259.225 26.4451 305 0 
8.17654 0 0 0 0 259.02 261.893 7.85268 37.8835 52.8652 259.225 26.4451 305 0 
8.18665 0 0 0 0 259.02 261.893 7.85268 37.8835 52.8652 259.225 26.4451 305 0 
8.19678 0 0 0 0 259.02 261.893 7.85268 37.8835 52.8652 259.225 26.4451 305 0 
8.20688 0 0 0 0 259.02 261.893 7.85268 37.8835 52.8652 259.225 26.4451 305 0 
8.21699 0 0 0 0 259.02 261.893 7.85268 37.8835 52.8652 259.225 26.4451 305 0 
8.22709 0 0 0 0 259.02 261.893 7.85268 37.8835 52.8652 259.225 26.4451 305 0 
8.23719 0 0 0 0 259.02 261.893 7.85268 37.8835 52.8652 259.225 26.4451 305 0 
8.24729 0 0 0 0 259.02 261.893 7.85268 37.8835 52.8652 259.225 26.4451 305 0 
8.25738 0 0 0 0 259.02 261.893 7.85268 37.8835 52.8652 259.225 26.4451 305 0 
8.26749 0 0 0 0 259.02 261.893 7.85268 37.8835 52.8652 259.225 26.4451 305 0 
8.27759 0 0 0 0 259.02 261.893 7.85268 37.8835 52.8652 259.225 26.4451 305 0 
8.28771 0 0 0 0 259.02 261.893 7.85268 37.8835 52.8652 259.225 26.4451 305 0 
8.29781 0 0 0 0 259.02 261.893 7.85268 37.8835 52.8652 259.225 26.4451 305 0 
8.30792 0 0 0 0 259.02 261.893 7.85268 37.8835 52.8652 259.225 26.4451 305 0 
8.31803 0 0 0 0 259.02 261.893 7.85268 37.8835 52.8652 259.225 26.4451 305 0 
8.32818 0 0 0 0 259.02 261.893 7.85268 37.8835 52.8652 259.225 26.4451 305 0 
8.3383 0 0 0 0 259.02 261.893 7.85268 37.8835 52.8652 259.225 26.4451 305 0 
8.34841 0 0 0 0 259.02 261.893 7.85268 37.8835 52.8652 259.225 26.4451 305 0 
8.35851 0 0 0 0 259.02 261.893 7.85268 37.8835 52.8652 259.225 26.4451 305 0 
8.36861 0 0 0 0 259.02 261.893 7.85268 37.8835 52.8652 259.225 26.4451 305 0 
8.37871 0 0 0 0 259.02 261.893 7.85268 37.8835 52.8652 259.225 26.4451 305 0 
8.38882 0 0 0 0 259.02 261.893 7.85268 37.8835 52.8652 259.225 26.4451 305 0 
8.39892 0 0 0 0 259.02 261.893 7.85268 37.8835 52.8652 259.225 26.4451 305 0 
8.40913 0 0 0 0 259.02 261.893 7.85268 37.8835 52.8652 259.225 26.4451 305 0 
8.41923 0 0 0 0 259.02 261.893 7.85268 37.8835 52.8652 259.225 26.4451 305 0 
8.42935 0 0 0 0 259.02 261.893 7.85268 37.8835 52.8652 259.225 26.4451 305 0 
8.43946 0 0 0 0 259.02 261.893 7.85268 37.8835 52.8652 259.225 26.4451 305 0 
8.44961 0 0 0 0 259.02 261.893 7.85268 37.8835 52.8652 259.225 26.4451 305 0 
8.45971 0 0 0 0 259.02 261.893 7.85268 37.8835 52.8652 259.225 26.4451 305 0 
8.46984 0 0 0 0 259.02 261.893 7.85268 37.8835 52.8652 259.225 26.4451 305 0 
8.47993 0 0 0 0 259.02 261.893 7.85268 37.8835 52.8652 259.225 26.4451 305 0 
8.49003 0 0 0 0 259.02 261.893 7.85268 37.8835 52.8652 259.225 26.4451 305 0 
8.50014 0 0 0 0 259.02 261.893 7.85268 37.8835 52.8652 259.225 26.4451 305 0 
8.51024 0 0 0 0 259.02 261.893 7.85268 37.8835 52.8652 259.225 26.4451 305 0 
8.52034 0 0 0 0 259.02 261.893 7.85268 37.8835 52.8652 259.225 26.4451 305 0 
8.53056 0 0 0 0 259.02 261.893 7.85268 37.8835 52.8652 259.225 26.4451 305 0 
8.54068 0 0 0 0 259.02 261.893 7.85268 37.8835 52.8652 259.225 26.4451 305 0 
8.55079 0 0 0 0 259.02 261.893 7.85268 37.8835 52.8652 259.225 26.4451 305 0 
8.56088 0 0 0 0 259.02 261.893 7.85268 37.8835 52.8652 259.225 26.4451 305 0 
8.57101 0 0 0 0 259.02 261.893 7.85268 37.8835 52.8652 259.225 26.4451 305 0 
8.58111 0 0 0 0 259.02 261.893 7.85268 37.8835 52.8652 259.225 26.4451 305 0 
8.59121 0 0 0 0 259.02 261.893 7.85268 37.8835 52.8652 259.225 26.4451 305 0 
8.60137 0 0 0 0 259.02 261.893 7.85268 37.8835 52.8652 259.225 26.4451 305 0 
8.61147 0 0 0 0 259.02 261.893 7.85268 37.8835 52.8652 259.225 26.4451 305 0 
8.62157 0 0 0 0 259.02 261.893 7.85268 37.8835 52.8652 259.225 26.4451 305 0 
8.63168 0 0 0 0 259.02 261.893 7.85268 37.8835 52.8652 259.225 26.4451 305 0 
8.64179 0 0 0 0 259.02 261.893 7.85268 37.8835 52.8652 259.225 26.4451 305 0 
8.65188 0 0 0 0 259.02 261.893 7.85268 37.8835 52.8652 259.225 26.4451 305 0 
8.66199 0 0 0 0 259.02 261.893 7.85268 37.8835 52.8652 259.225 26.4451 305 0 
8.67211 0 0 0 0 259.02 261.893 7.85268 37.8835 52.8652 259.225 26.4451 305 0 
8.68222 0 0 0 0 259.02 261.893 7.85268 37.8835 52.8652 259.225 26.4451 305 0 
8.69234 0 0 0 0 259.02 261.893 7.85268 37.8835 52.8652 259.225 26.4451 305 0 
8.70247 0 0 0 0 259.02 261.893 7.85268 37.8835 52.8652 259.225 26.4451 305 0 
8.71257 0 0 0 0 259.02 261.893 7.85268 37.8835 52.8652 259.225 26.4451 305 0 
8.72276 0 0 0 0 259.02 261.893 7.85268 37.8835 52.8652 259.225 26.4451 305 0 
8.73287 0 0 0 0 259.02 261.893 7.85268 37.8835 52.8652 259.225 26.4451 305 0 
8.74308 0 0 0 0 259.02 261.893 7.85268 37.8835 52.8652 259.225 26.4451 305 0 
8.75317 0 0 0 0 259.02 261.893 7.85268 37.8835 52.8652 259.225 26.4451 305 0 
8.76328 0 0 0 0 259.02 261.893 7.85268 37.8835 52.8652 259.225 26.4451 305 0 
8.77338 0 0 0 0 259.02 261.893 7.85268 37.8835 52.8652 259.225 26.4451 305 0 
8.78349 0 0 0 0 259.02 261.893 7.85268 37.8835 52.8652 259.225 26.4451 305 0 
8.79361 0 0 0 0 259.02 261.893 7.85268 37.8835 52.8652 259.225 26.4451 305 0 
8.80371 0 0 0 0 259.02 261.871 7.79181 37.8152 52.874 259.214 26.4436 305 0 
8.81382 0 0 0 0 259.02 261.849 7.73094 37.747 52.8828 259.203 26.442 305 0 
8.82394 0 0.00104167 0 2.28958 259.02 261.826 7.67006 37.6787 52.8916 259.191 26.4406 305 0 
8.83405 0 0 0 0 259.02 261.804 7.60919 37.6105 52.9004 259.18 26.4391 305 0 
8.84416 0 0 0 0 259.02 261.804 7.60919 37.6105 52.9004 259.18 26.4391 305 0 
8.85437 0 0 0 0 259.02 261.804 7.60919 37.6105 52.9004 259.18 26.4391 305 0 
8.86448 0 0 0 0 259.02 261.804 7.60919 37.6105 52.9004 259.18 26.4391 305 0 
8.87458 0 0 0 0 259.02 261.804 7.60919 37.6105 52.9004 259.18 26.4391 305 0 
8.8847 0 0 0 0 259.02 261.804 7.60919 37.6105 52.9004 259.18 26.4391 305 0 
8.89482 0 0 0 0 259.02 261.804 7.60919 37.6105 52.9004 259.18 26.4391 305 0 
8.90494 0 0 0 0 259.02 261.804 7.60919 37.6105 52.9004 259.18 26.4391 305 0 
8.91504 0 0 0 0 259.02 261.804 7.60919 37.6105 52.9004 259.18 26.4391 305 0 
8.92516 0 0 0 0 259.02 261.804 7.60919 37.6105 52.9004 259.18 26.4391 305 0 
8.93527 0 0 0 0 259.02 261.804 7.60919 37.6105 52.9004 259.18 26.4391 305 0 
8.94537 0 0 0 0 259.02 261.804 7.60919 37.6105 52.9004 259.18 26.4391 305 0 
8.95549 0 0 0 0 259.02 261.804 7.60919 37.6105 52.9004 259.18 26.4391 305 0 
8.9656 0 0 0 0 259.02 261.804 7.60919 37.6105 52.9004 259.18 26.4391 305 0 
8.97571 0 0 0 0 259.02 261.804 7.60919 37.6105 52.9004 259.18 26.4391 305 0 
8.98582 0 0 0 0 259.02 261.804 7.60919 37.6105 52.9004 259.18 26.4391 305 0 
8.99593 0 0 0 0 259.02 261.804 7.60919 37.6105 52.9004 259.18 26.4391 305 0 
9.00605 0 0 0 0 259.02 261.804 7.60919 37.6105 52.9004 259.18 26.4391 305 0 
9.01617 0 0 0 0 259.02 261.804 7.60919 37.6105 52.9004 259.18 26.4391 305 0 
9.02628 0 0 0 0 259.02 261.804 7.60919 37.6105 52.9004 259.18 26.4391 305 0 
9.03651 0 0 0 0 259.02 261.804 7.60919 37.6105 52.9004 259.18 26.4391 305 0 
9.04662 0 0 0 0 259.02 261.804 7.60919 37.6105 52.9004 259.18 26.4391 305 0 
9.05676 0 0 0 0 259.02 261.804 7.60919 37.6105 52.9004 259.18 26.4391 305 0 
9.06686 0 0 0 0 259.02 261.804 7.60919 37.6105 52.9004 259.18 26.4391 305 0 
9.07699 0 0 0 0 259.02 261.804 7.60919 37.6105 52.9004 259.18 26.4391 305 0 
9.0871 0 0 0 0 259.02 261.804 7.60919 37.6105 52.9004 259.18 26.4391 305 0 
9.09721 0 0 0 0 259.02 261.804 7.60919 37.6105 52.9004 259.18 26.4391 305 0 
9.10732 0 0 0 0 259.02 261.804 7.60919 37.6105 52.9004 259.18 26.4391 305 0 
9.11741 0 0 0 0 259.02 261.804 7.60919 37.6105 52.9004 259.18 26.4391 305 0 
9.12759 0 0 0 0 259.02 261.804 7.60919 37.6105 52.9004 259.18 26.4391 305 0 
9.13769 0 0 0 0 259.02 261.804 7.60919 37.6105 52.9004 259.18 26.4391 305 0 
9.14789 0 0 0 0 259.02 261.804 7.60919 37.6105 52.9004 259.18 26.4391 305 0 
9.158 0 0 0 0 259.02 261.804 7.60919 37.6105 52.9004 259.18 26.4391 305 0 
9.1681 0 0 0 0 259.02 261.804 7.60919 37.6105 52.9004 259.18 26.4391 305 0 
9.17821 0 0 0 0 259.02 261.804 7.60919 37.6105 52.9004 259.18 26.4391 305 0 
9.18831 0 0 0 0 259.02 261.804 7.60919 37.6105 52.9004 259.18 26.4391 305 0 
9.19841 0 0 0 0 259.02 261.804 7.60919 37.6105 52.9004 259.18 26.4391 305 0 
9.20855 0 0 0 0 259.02 261.804 7.60919 37.6105 52.9004 259.18 26.4391 305 0 
9.21865 0 0 0 0 259.02 261.804 7.60919 37.6105 52.9004 259.18 26.4391 305 0 
9.22876 0 0 0 0 259.02 261.804 7.60919 37.6105 52.9004 259.18 26.4391 305 0 
9.23887 0 0 0 0 259.02 261.804 7.60919 37.6105 52.9004 259.18 26.4391 305 0 
9.249 0 0 0 0 259.02 261.804 7.60919 37.6105 52.9004 259.18 26.4391 305 0 
9.2591 0 0 0 0 259.02 261.804 7.60919 37.6105 52.9004 259.18 26.4391 305 0 
9.26922 0 0 0 0 259.02 261.804 7.60919 37.6105 52.9004 259.18 26.4391 305 0 
9.27933 0 0 0 0 259.02 261.804 7.60919 37.6105 52.9004 259.18 26.4391 305 0 
9.28943 0 0 0 0 259.02 261.804 7.60919 37.6105 52.9004 259.18 26.4391 305 0 
9.29952 0 0 0 0 259.02 261.804 7.60919 37.6105 52.9004 259.18 26.4391 305 0 
9.30967 0 0 0 0 259.02 261.804 7.60919 37.6105 52.9004 259.18 26.4391 305 0 
9.31978 0 0 0 0 259.02 261.804 7.60919 37.6105 52.9004 259.18 26.4391 305 0 
9.32989 0 0 0 0 259.02 261.804 7.60919 37.6105 52.9004 259.18 26.4391 305 0 
9.33998 0 0 0 0 259.02 261.804 7.60919 37.6105 52.9004 259.18 26.4391 305 0 
9.35008 0 0 0 0 259.02 261.804 7.60919 37.6105 52.9004 259.18 26.4391 305 0 
9.3602 0 0 0 0 259.02 261.804 7.60919 37.6105 52.9004 259.18 26.4391 305 0 
9.37029 0 0 0 0 259.02 261.804 7.60919 37.6105 52.9004 259.18 26.4391 305 0 
9.38039 0 0 0 0 259.02 261.804 7.60919 37.6105 52.9004 259.18 26.4391 305 0 
9.3905 0 0 0 0 259.02 261.804 7.60919 37.6105 52.9004 259.18 26.4391 305 0 
9.4006 0 0 0 0 259.02 261.804 7.60919 37.6105 52.9004 259.18 26.4391 305 0 
9.4107 0 0 0 0 259.02 261.804 7.60919 37.6105 52.9004 259.18 26.4391 305 0 
9.4208 0 0 0 0 259.02 261.804 7.60919 37.6105 52.9004 259.18 26.4391 305 0 
9.4309 0 0 0 0 259.02 261.804 7.60919 37.6105 52.9004 259.18 26.4391 305 0 
9.441 0 0 0 0 259.02 261.804 7.60919 37.6105 52.9004 259.18 26.4391 305 0 
9.45118 0 0 0 0 259.02 261.804 7.60919 37.6105 52.9004 259.18 26.4391 305 0 
9.46128 0 0 0 0 259.02 261.804 7.60919 37.6105 52.9004 259.18 26.4391 305 0 
9.47139 0 0 0 0 259.02 261.804 7.60919 37.6105 52.9004 259.18 26.4391 305 0 
9.48149 0 0 0 0 259.02 261.804 7.60919 37.6105 52.9004 259.18 26.4391 305 0 
9.49161 0 0 0 0 259.02 261.804 7.60919 37.6105 52.9004 259.18 26.4391 305 0 
9.50172 0 0 0 0 259.02 261.804 7.60919 37.6105 52.9004 259.18 26.4391 305 0 
9.51182 0 0 0 0 259.02 261.804 7.60919 37.6105 52.9004 259.18 26.4391 305 0 
9.52194 0 0 0 0 259.02 261.804 7.60919 37.6105 52.9004 259.18 26.4391 305 0 
9.53216 0 0 0 0 259.02 261.804 7.60919 37.6105 52.9004 259.18 26.4391 305 0 
9.54226 0 0 0 0 259.02 261.804 7.60919 37.6105 52.9004 259.18 26.4391 305 0 
9.55237 0 0 0 0 259.02 261.804 7.60919 37.6105 52.9004 259.18 26.4391 305 0 
9.56248 0 0 0 0 259.02 261.804 7.60919 37.6105 52.9004 259.18 26.4391 305 0 
9.57258 0 0 0 0 259.02 261.804 7.60919 37.6105 52.9004 259.18 26.4391 305 0 
9.58267 0 0 0 0 259.02 261.804 7.60919 37.6105 52.9004 259.18 26.4391 305 0 
9.5928 0 0 0 0 259.02 261.804 7.60919 37.6105 52.9004 259.18 26.4391 305 0 
9.60289 0 0 0 0 259.02 261.804 7.60919 37.6105 52.9004 259.18 26.4391 305 0 
9.61299 0 0 0 0 259.02 261.804 7.60919 37.6105 52.9004 259.18 26.4391 305 0 
9.62309 0 0 0 0 259.02 261.804 7.60919 37.6105 52.9004 259.18 26.4391 305 0 
9.63319 0 0 0 0 259.02 261.804 7.60919 37.6105 52.9004 259.18 26.4391 305 0 
9.64328 0 0 0 0 259.02 261.804 7.60919 37.6105 52.9004 259.18 26.4391 305 0 
9.65339 0 0 0 0 259.02 261.804 7.60919 37.6105 52.9004 259.18 26.4391 305 0 
9.66349 0 0 0 0 259.02 261.804 7.60919 37.6105 52.9004 259.18 26.4391 305 0 
9.67358 0 0 0 0 259.02 261.804 7.60919 37.6105 52.9004 259.18 26.4391 305 0 
9.68368 0 0 0 0 259.02 261.804 7.60919 37.6105 52.9004 259.18 26.4391 305 0 
9.69379 0 0 0 0 259.02 261.804 7.60919 37.6105 52.9004 259.18 26.4391 305 0 
9.7039 0 0 0 0 259.02 261.804 7.60919 37.6105 52.9004 259.18 26.4391 305 0 
9.714 0 0 0 0 259.02 261.804 7.60919 37.6105 52.9004 259.18 26.4391 305 0 
9.72411 0 0 0 0 259.02 261.804 7.60919 37.6105 52.9004 259.18 26.4391 305 0 
9.73423 0 0 0 0 259.02 261.804 7.60919 37.6105 52.9004 259.18 26.4391 305 0 
9.74439 0 0 0 0 259.02 261.804 7.60919 37.6105 52.9004 259.18 26.4391 305 0 
9.7545 0 0 0 0 259.02 261.804 7.60919 37.6105 52.9004 259.18 26.4391 305 0 
9.76461 0 0 0 0 259.02 261.804 7.60919 37.6105 52.9004 259.18 26.4391 305 0 
9.77472 0 0 0 0 259.02 261.804 7.60919 37.6105 52.9004 259.18 26.4391 305 0 
9.78492 0 0 0 0 259.02 261.804 7.60919 37.6105 52.9004 259.18 26.4391 305 0 
9.79502 0 0 0 0 259.02 261.804 7.60919 37.6105 52.9004 259.18 26.4391 305 0 
9.80513 0 0 0 0 259.02 261.804 7.60919 37.6105 52.9004 259.18 26.4391 305 0 
9.81524 0 0 0 0 259.02 261.804 7.60919 37.6105 52.9004 259.18 26.4391 305 0 
9.82536 0 0 0 0 259.02 261.804 7.60919 37.6105 52.9004 259.18 26.4391 305 0 
9.83547 0 0 0 0 259.02 261.804 7.60919 37.6105 52.9004 259.18 26.4391 305 0 
9.84558 0 0 0 0 259.02 261.804 7.60919 37.6105 52.9004 259.18 26.4391 305 0 
9.85569 0 0 0 0 259.02 261.804 7.60919 37.6105 52.9004 259.18 26.4391 305 0 
9.86588 0 0 0 0 259.02 261.804 7.60919 37.6105 52.9004 259.18 26.4391 305 0 
9.87599 0 0 0 0 259.02 261.804 7.60919 37.6105 52.9004 259.18 26.4391 305 0 
9.8861 0 0 0 0 259.02 261.804 7.60919 37.6105 52.9004 259.18 26.4391 305 0 
9.8962 0 0 0 0 259.02 261.804 7.60919 37.6105 52.9004 259.18 26.4391 305 0 
9.9063 0 0 0 0 259.02 261.804 7.60919 37.6105 52.9004 259.18 26.4391 305 0 
9.91641 0 0 0 0 259.02 261.804 7.60919 37.6105 52.9004 259.18 26.4391 305 0 
9.92651 0 0 0 0 259.02 261.804 7.60919 37.6105 52.9004 259.18 26.4391 305 0 
9.9366 0 0 0 0 259.02 261.804 7.60919 37.6105 52.9004 259.18 26.4391 305 0 
9.94671 0 0 0 0 259.02 261.804 7.60919 37.6105 52.9004 259.18 26.4391 305 0 
9.95681 0 0 0 0 259.02 261.804 7.60919 37.6105 52.9004 259.18 26.4391 305 0 
9.96691 0 0 0 0 259.02 261.804 7.60919 37.6105 52.9004 259.18 26.4391 305 0 
9.97702 0 0 0 0 259.02 261.804 7.60919 37.6105 52.9004 259.18 26.4391 305 0 
9.98713 0 0 0 0 259.02 261.804 7.60919 37.6105 52.9004 259.18 26.4391 305 0 
9.99723 0 0 0 0 259.02 261.804 7.60919 37.6105 52.9004 259.18 26.4391 305 0 
10.0073 0 0 0 0 259.02 261.804 7.60919 37.6105 52.9004 259.18 26.4391 305 0 
10.0175 0 0 0 0 259.02 261.804 7.60919 37.6105 52.9004 259.18 26.4391 305 0 
10.0276 0 0 0 0 259.02 261.804 7.60919 37.6105 52.9004 259.18 26.4391 305 0 
10.0377 0 0 0 0 259.02 261.804 7.60919 37.6105 52.9004 259.18 26.4391 305 0 
10.0478 0 0 0 0 259.02 261.804 7.60919 37.6105 52.9004 259.18 26.4391 305 0 
10.0579 0 0 0 0 259.02 261.804 7.60919 37.6105 52.9004 259.18 26.4391 305 0 
10.068 0 0 0 0 259.02 261.804 7.60919 37.6105 52.9004 259.18 26.4391 305 0 
10.0782 0 0 0 0 259.02 261.804 7.60919 37.6105 52.9004 259.18 26.4391 305 0 
10.0883 0 0 0 0 259.02 261.804 7.60919 37.6105 52.9004 259.18 26.4391 305 0 
10.0984 0 0 0 0 259.02 261.804 7.60919 37.6105 52.9004 259.18 26.4391 305 0 
10.1085 0 0 0 0 259.02 261.804 7.60919 37.6105 52.9004 259.18 26.4391 305 0 
10.1186 0 0 0 0 259.02 261.804 7.60919 37.6105 52.9004 259.18 26.4391 305 0 
10.1287 0 0 0 0 259.02 261.804 7.60919 37.6105 52.9004 259.18 26.4391 305 0 
10.1389 0 0 0 0 259.02 261.804 7.60919 37.6105 52.9004 259.18 26.4391 305 0 
10.149 0 0 0 0 259.02 261.804 7.60919 37.6105 52.9004 259.18 26.4391 305 0 
