0 0 0 0 0 0 0 0 0 0 0 0 0 0
0.01 0 0 0 0 0 0 0 0 305 0 0 305 0 
0.045699 0.00416667 0.00104167 9.15833 2.28958 0.111359 0.0222717 -0.243494 -0.243521 304.933 0.0668998 -0.000142083 305 0 
0.055859 0.00416667 0.003125 9.15833 6.86875 0.200445 0.0890869 -0.304368 -0.304464 304.855 0.144949 -0.000515049 305 0 
0.065938 0.00625 0.003125 13.7375 6.86875 0.334076 0.155902 -0.486988 -0.487215 304.755 0.245296 -0.0012077 305 0 
0.076018 0.00625 0.00520833 13.7375 11.4479 0.467706 0.267261 -0.547862 -0.548297 304.632 0.367941 -0.00231474 305 0 
0.086097 0.00729167 0.00625 16.0271 13.7375 0.623608 0.400891 -0.608735 -0.609446 304.487 0.512884 -0.00377699 305 0 
0.096179 0.00833333 0.00625 18.3167 13.7375 0.801782 0.534521 -0.730482 -0.731537 304.331 0.668973 -0.00560034 305 0 
0.10626 0.009375 0.00833333 20.6063 18.3167 1.00223 0.712695 -0.791356 -0.792886 304.141 0.858507 -0.00811632 305 0 
0.116348 0.009375 0.00833333 20.6063 18.3167 1.20267 0.890869 -0.852229 -0.854272 303.952 1.04804 -0.0108336 305 0 
0.12643 0.0114583 0.0104167 25.1854 22.8958 1.44766 1.11359 -0.913103 -0.915828 303.718 1.28216 -0.0144388 305 0 
0.136512 0.0104167 0.0104167 22.8958 22.8958 1.67038 1.3363 -0.913103 -0.916501 303.495 1.50513 -0.0179907 305 0 
0.146591 0.0104167 0.0104167 22.8958 22.8958 1.8931 1.55902 -0.913103 -0.917175 303.272 1.7281 -0.0215426 305 0 
0.156692 0.0104167 0.0114583 22.8958 25.1854 2.11581 1.80401 -0.852229 -0.856986 303.038 1.96223 -0.0251478 305 0 
0.166785 0.0145833 0.0135417 32.0542 29.7646 2.42762 2.09354 -0.913103 -0.918742 302.737 2.26324 -0.0297831 305 0 
0.176874 0.00729167 0.0104167 16.0271 22.8958 2.58352 2.31626 -0.730482 -0.73664 302.547 2.45277 -0.0325003 305 0 
0.186988 0.0145833 0.0145833 32.0542 32.0542 2.89532 2.62806 -0.730482 -0.737401 302.235 2.76494 -0.0364785 305 0 
0.197095 0.0145833 0.015625 32.0542 34.3438 3.20713 2.96214 -0.669609 -0.677285 301.912 3.08827 -0.0404272 305 0 
0.207187 0.0166667 0.015625 36.6333 34.3438 3.56347 3.29621 -0.730482 -0.738969 301.566 3.43389 -0.0446481 305 0 
0.217284 0.0166667 0.0177083 36.6333 38.9229 3.91982 3.67483 -0.669609 -0.678961 301.198 3.80182 -0.0491414 305 0 
0.227367 0.0177083 0.0177083 38.9229 38.9229 4.29844 4.05345 -0.669609 -0.679817 300.819 4.18089 -0.0535695 305 0 
0.237453 0.0177083 0.0177083 38.9229 38.9229 4.67706 4.43207 -0.669609 -0.680675 300.44 4.55997 -0.0579977 305 0 
0.247536 0.01875 0.0177083 41.2125 38.9229 5.07795 4.81069 -0.730482 -0.742473 300.05 4.95019 -0.0627632 305 0 
0.257617 0.01875 0.01875 41.2125 41.2125 5.47884 5.21158 -0.730482 -0.743468 299.648 5.35155 -0.0678781 305 0 
0.267696 0.01875 0.0208333 41.2125 45.7917 5.87973 5.65702 -0.608735 -0.622687 299.225 5.77522 -0.0728272 305 0 
0.277777 0.0208333 0.01875 45.7917 41.2125 6.32517 6.05791 -0.730482 -0.745404 298.801 6.1989 -0.0777763 305 0 
0.287859 0.0208333 0.0208333 45.7917 45.7917 6.7706 6.50334 -0.730482 -0.746518 298.355 6.64486 -0.0834595 305 0 
0.297939 0.0208333 0.0208333 45.7917 45.7917 7.21604 6.94878 -0.730482 -0.747635 297.909 7.09082 -0.0891426 305 0 
0.308019 0.021875 0.021875 48.0812 48.0812 7.68374 7.41648 -0.730482 -0.748812 297.441 7.55909 -0.0951099 305 0 
0.318108 0.0229167 0.021875 50.3708 48.0812 8.17372 7.88419 -0.791356 -0.810944 296.962 8.03849 -0.101474 305 0 
0.32819 0.0229167 0.0229167 50.3708 50.3708 8.6637 8.39644 -0.730482 -0.751392 296.46 8.5402 -0.108134 305 0 
0.338274 0.0239583 0.0239583 52.6604 52.6604 9.17595 8.90869 -0.730482 -0.752694 295.947 9.05306 -0.114669 305 0 
0.373808 0.0239583 0.025 52.6604 54.95 10.9577 10.6904 -0.730482 -0.757258 294.163 10.8369 -0.137402 305 0 
0.396612 0.0229167 0.0229167 50.3708 50.3708 12.0713 11.804 -0.730482 -0.76014 293.048 11.9518 -0.15161 305 0 
0.432039 0.0229167 0.0229167 50.3708 50.3708 13.8085 13.5189 -0.791356 -0.825703 291.32 13.6799 -0.17455 305 0 
0.442121 0.0229167 0.0229167 50.3708 50.3708 14.2984 14.0312 -0.730482 -0.766201 290.818 14.1816 -0.18121 305 0 
0.452199 0.025 0.0229167 54.95 50.3708 14.833 14.5212 -0.852229 -0.88941 290.306 14.6945 -0.18829 305 0 
0.474973 0.0229167 0.0229167 50.3708 50.3708 15.9465 15.6793 -0.730482 -0.770921 289.168 15.8317 -0.20399 305 0 
0.497734 0.0229167 0.0229167 50.3708 50.3708 17.0601 16.7929 -0.730482 -0.773905 288.053 16.9466 -0.218198 305 0 
0.507818 0.0239583 0.025 52.6604 54.95 17.5724 17.3274 -0.669609 -0.714387 287.53 17.4706 -0.224597 305 0 
0.543261 0.0239583 0.025 52.6604 54.95 19.3318 19.0646 -0.730482 -0.779823 285.779 19.221 -0.245974 305 0 
0.553344 0.0229167 0.0229167 50.3708 50.3708 19.8218 19.5546 -0.730482 -0.781164 285.289 19.7116 -0.252225 305 0 
0.588772 0.0229167 0.025 50.3708 54.95 21.6036 21.3808 -0.608735 -0.664006 283.482 21.5177 -0.273324 305 0 
0.611523 0.0239583 0.0239583 52.6604 52.6604 22.7617 22.5167 -0.669609 -0.727704 282.334 22.6661 -0.286129 305 0 
0.646933 0.0239583 0.0239583 52.6604 52.6604 24.4989 24.2539 -0.669609 -0.732215 280.595 24.4054 -0.306447 305 0 
0.657015 0.0229167 0.0239583 50.3708 52.6604 24.9889 24.7661 -0.608735 -0.672599 280.093 24.9071 -0.312041 305 0 
0.679769 0.0197917 0.01875 43.5021 41.2125 26.0356 25.7906 -0.669609 -0.736085 279.056 25.944 -0.323603 305 0 
0.715242 0.025 0.0229167 54.95 50.3708 27.8396 27.5278 -0.852229 -0.923995 277.284 27.7167 -0.347135 305 0 
0.750661 0.0229167 0.0239583 50.3708 52.6604 29.5768 29.2873 -0.791356 -0.868798 275.533 29.4671 -0.372229 305 0 
0.786085 0.0229167 0.0239583 50.3708 52.6604 31.314 31.0468 -0.730482 -0.813285 273.783 31.2175 -0.395465 305 0 
0.796167 0.025 0.025 54.95 54.95 31.8486 31.5813 -0.730482 -0.814878 273.248 31.7526 -0.402285 305 0 
0.831618 0.025 0.0239583 54.95 52.6604 33.6303 33.363 -0.730482 -0.820233 271.464 33.5365 -0.425017 305 0 
0.85437 0.0229167 0.0229167 50.3708 50.3708 34.7439 34.4766 -0.730482 -0.823616 270.349 34.6514 -0.439225 305 0 
0.889857 0.0229167 0.0229167 50.3708 50.3708 36.4365 36.2138 -0.608735 -0.706744 268.632 36.3684 -0.459282 305 0 
0.899945 0.0229167 0.0239583 50.3708 52.6604 36.9265 36.7261 -0.547862 -0.647136 268.13 36.8701 -0.464344 305 0 
0.922707 0.0229167 0.0239583 50.3708 52.6604 38.0178 37.8619 -0.426115 -0.527837 267.015 37.9851 -0.473816 305 0 
0.93279 0.0229167 0.0229167 50.3708 50.3708 38.5078 38.3519 -0.426115 -0.528809 266.525 38.4756 -0.477463 305 0 
0.955539 0.0239583 0.0229167 52.6604 50.3708 39.6214 39.4655 -0.426115 -0.53103 265.41 39.5906 -0.485751 305 0 
0.978289 0.0229167 0.0229167 50.3708 50.3708 40.7127 40.5791 -0.365241 -0.472247 264.306 40.6944 -0.49337 305 0 
1.00104 0.0229167 0.021875 50.3708 48.0812 41.8263 41.6704 -0.426115 -0.535229 263.202 41.7983 -0.500989 305 0 
1.02379 0.0229167 0.0229167 50.3708 50.3708 42.8953 42.7617 -0.365241 -0.476438 262.121 42.8798 -0.508454 305 0 
1.04657 0.021875 0.0208333 48.0812 45.7917 43.9644 43.8307 -0.365241 -0.478392 261.05 43.9502 -0.515274 305 0 
1.08197 0.0229167 0.0229167 50.3708 50.3708 45.6125 45.5234 -0.243494 -0.359337 259.378 45.6226 -0.524154 305 0 
1.11744 0.0229167 0.0239583 50.3708 52.6604 47.3051 47.2606 -0.121747 -0.239579 257.661 47.3397 -0.529624 305 0 
1.1402 0.021875 0.021875 48.0812 48.0812 48.3742 48.3296 -0.121747 -0.240578 256.59 48.4101 -0.531898 305 0 
1.17562 0.0145833 0.0166667 32.0542 36.6333 49.9109 49.8886 -0.0608735 -0.180982 255.041 49.96 -0.534366 305 0 
1.18571 0.0229167 0.0239583 50.3708 52.6604 50.4009 50.4009 -4.97214e-17 -0.120405 254.539 50.4617 -0.534633 305 0 
1.20851 0.0229167 0.0229167 50.3708 50.3708 51.5145 51.4922 -0.0608735 -0.181936 253.435 51.5656 -0.535219 305 0 
1.23128 0.0229167 0.0229167 50.3708 50.3708 52.6058 52.6058 -4.97214e-17 -0.121725 252.331 52.6694 -0.535805 305 0 
1.24136 0.0229167 0.0229167 50.3708 50.3708 53.0958 53.0958 -4.97214e-17 -0.121962 251.841 53.16 -0.535805 305 0 
1.25144 0.025 0.0229167 54.95 50.3708 53.6303 53.5857 -0.121747 -0.244082 251.328 53.6729 -0.53635 305 0 
1.27421 0.0229167 0.0229167 50.3708 50.3708 54.7439 54.6993 -0.121747 -0.24517 250.213 54.7879 -0.538718 305 0 
1.29703 0.0229167 0.0229167 50.3708 50.3708 55.8575 55.8129 -0.121747 -0.246267 249.098 55.9029 -0.541086 305 0 
1.30711 0.021875 0.0229167 48.0812 50.3708 56.3252 56.3029 -0.0608735 -0.18581 248.618 56.3824 -0.541849 305 0 
1.32987 0.0229167 0.0229167 50.3708 50.3708 57.4165 57.4165 -4.97214e-17 -0.125629 247.514 57.4862 -0.542436 305 0 
1.35262 0.0229167 0.021875 50.3708 48.0812 58.4855 58.4855 -4.97214e-17 -0.126175 246.444 58.5566 -0.542436 305 0 
1.37538 0.021875 0.0229167 48.0812 50.3708 59.5546 59.5991 0.121747 -0.00471872 245.351 59.6493 -0.541275 305 0 
1.4108 0.0229167 0.0229167 50.3708 50.3708 61.2472 61.2918 0.121747 -0.00475155 243.656 61.3441 -0.537676 305 0 
1.43357 0.0229167 0.0229167 50.3708 50.3708 62.3163 62.3831 0.182621 0.0562365 242.575 62.4257 -0.534804 305 0 
1.44365 0.0229167 0.0229167 50.3708 50.3708 62.8062 62.8731 0.182621 0.0563505 242.084 62.9163 -0.533242 305 0 
1.45377 0.0229167 0.0239583 50.3708 52.6604 63.2962 63.3853 0.243494 0.117404 241.583 63.418 -0.531377 305 0 
1.47657 0.0229167 0.0229167 50.3708 50.3708 64.4098 64.4989 0.243494 0.117949 240.468 64.533 -0.526641 305 0 
1.49931 0.021875 0.021875 48.0812 48.0812 65.4788 65.5679 0.243494 0.118476 239.397 65.6034 -0.522094 305 0 
1.53473 0.0229167 0.0239583 50.3708 52.6604 67.1715 67.2829 0.304368 0.180418 237.691 67.3093 -0.513942 305 0 
1.57015 0.0229167 0.0239583 50.3708 52.6604 68.8641 69.02 0.426115 0.303921 235.974 69.0264 -0.503002 305 0 
1.58024 0.0239583 0.0229167 52.6604 50.3708 69.3764 69.51 0.365241 0.24363 235.472 69.5281 -0.499539 305 0 
1.61565 0.0239583 0.0229167 52.6604 50.3708 71.1359 71.2249 0.243494 0.123243 233.733 71.2675 -0.490303 305 0 
1.62575 0.0239583 0.025 52.6604 54.95 71.6481 71.7595 0.304368 0.184462 233.209 71.7915 -0.487799 305 0 
1.6485 0.0197917 0.01875 43.5021 41.2125 72.6949 72.784 0.243494 0.124277 232.172 72.8285 -0.482844 305 0 
1.68403 0.0239583 0.0229167 52.6604 50.3708 74.2762 74.3875 0.304368 0.18622 230.578 74.4229 -0.475225 305 0 
1.7195 0.0239583 0.0229167 52.6604 50.3708 76.0579 76.1247 0.182621 0.065438 228.816 76.1846 -0.467742 305 0 
1.72959 0.0239583 0.0229167 52.6604 50.3708 76.5702 76.6147 0.121747 0.00464139 228.314 76.6863 -0.46641 305 0 
1.73968 0.0229167 0.025 50.3708 54.95 77.0601 77.1492 0.243494 0.126536 227.801 77.1992 -0.464776 305 0 
1.77509 0.0229167 0.025 50.3708 54.95 78.7973 78.931 0.365241 0.249744 226.04 78.9609 -0.455422 305 0 
1.78518 0.025 0.0229167 54.95 50.3708 79.3318 79.4209 0.243494 0.128426 225.527 79.4738 -0.452699 305 0 
1.82067 0.0239583 0.0229167 52.6604 50.3708 81.0913 81.2027 0.304368 0.190558 223.754 81.2466 -0.444227 305 0 
1.84343 0.0229167 0.025 50.3708 54.95 82.2049 82.3608 0.426115 0.31359 222.617 82.3839 -0.436981 305 0 
1.87887 0.0239583 0.0229167 52.6604 50.3708 83.9421 84.098 0.426115 0.316059 220.877 84.1233 -0.424051 305 0 
1.9143 0.0239583 0.025 52.6604 54.95 85.6793 85.8797 0.547862 0.440837 219.115 85.8849 -0.409086 305 0 
1.93706 0.021875 0.0229167 48.0812 50.3708 86.7706 86.971 0.547862 0.443046 218.023 86.9775 -0.398643 305 0 
1.97248 0.0229167 0.0229167 50.3708 50.3708 88.4632 88.686 0.608735 0.507654 216.317 88.6834 -0.381433 305 0 
1.99525 0.0229167 0.0229167 50.3708 50.3708 89.5768 89.7773 0.547862 0.449228 215.213 89.7872 -0.370298 305 0 
2.00534 0.0239583 0.0229167 52.6604 50.3708 90.0891 90.2673 0.486988 0.389333 214.711 90.2889 -0.365769 305 0 
2.02811 0.0239583 0.0229167 52.6604 50.3708 91.2249 91.3586 0.365241 0.269301 213.596 91.4039 -0.357481 305 0 
2.0382 0.0229167 0.0229167 50.3708 50.3708 91.7149 91.8485 0.365241 0.269921 213.106 91.8945 -0.354355 305 0 
2.06095 0.0229167 0.021875 50.3708 48.0812 92.8285 92.9399 0.304368 0.210294 212.002 92.9983 -0.347908 305 0 
2.08371 0.021875 0.0229167 48.0812 50.3708 93.8976 94.0312 0.365241 0.272402 210.92 94.0799 -0.341591 305 0 
2.11917 0.0239583 0.0229167 52.6604 50.3708 95.6125 95.7238 0.304368 0.213501 209.214 95.7858 -0.331628 305 0 
2.14196 0.0229167 0.0229167 50.3708 50.3708 96.7038 96.8374 0.365241 0.275669 208.111 96.8896 -0.325181 305 0 
2.16472 0.021875 0.0229167 48.0812 50.3708 97.8174 97.9065 0.243494 0.155056 207.018 97.9823 -0.319379 305 0 
2.18753 0.0208333 0.0229167 45.7917 50.3708 98.686 98.7751 0.243494 0.15571 206.148 98.852 -0.315685 305 0 
2.19762 0.0229167 0.0229167 50.3708 50.3708 99.1759 99.265 0.243494 0.156081 205.658 99.3426 -0.313601 305 0 
2.22038 0.0229167 0.021875 50.3708 48.0812 100.245 100.312 0.182621 0.0958581 204.598 100.402 -0.309664 305 0 
2.24313 0.021875 0.021875 48.0812 48.0812 101.292 101.381 0.243494 0.157389 203.539 101.461 -0.305727 305 0 
2.26588 0.021875 0.0208333 48.0812 45.7917 102.339 102.428 0.243494 0.158204 202.491 102.509 -0.301275 305 0 
2.27596 0.021875 0.0229167 48.0812 50.3708 102.806 102.918 0.304368 0.219525 202.012 102.989 -0.298984 305 0 
2.29872 0.0229167 0.021875 50.3708 48.0812 103.898 104.009 0.304368 0.220719 200.919 104.081 -0.293183 305 0 
2.33416 0.0229167 0.021875 50.3708 48.0812 105.546 105.679 0.365241 0.283686 199.258 105.743 -0.28348 305 0 
2.34425 0.0229167 0.0229167 50.3708 50.3708 106.036 106.169 0.365241 0.284386 198.767 106.233 -0.280354 305 0 
2.36707 0.021875 0.0229167 48.0812 50.3708 107.105 107.283 0.486988 0.408042 197.674 107.326 -0.272231 305 0 
2.38984 0.021875 0.021875 48.0812 48.0812 108.174 108.352 0.486988 0.410264 196.604 108.396 -0.263138 305 0 
2.41261 0.0270833 0.0270833 59.5292 59.5292 109.332 109.555 0.608735 0.53486 195.422 109.578 -0.251843 305 0 
2.45034 0.021875 0.0229167 48.0812 50.3708 111.002 111.247 0.669609 0.600646 193.739 111.262 -0.233071 305 0 
2.48591 0.0229167 0.0229167 50.3708 50.3708 112.673 112.94 0.730482 0.667052 192.055 112.945 -0.21251 305 0 
2.50869 0.0229167 0.0229167 50.3708 50.3708 113.742 114.009 0.730482 0.67079 190.985 114.015 -0.198871 305 0 
2.51877 0.0229167 0.021875 50.3708 48.0812 114.232 114.477 0.669609 0.611528 190.505 114.495 -0.193016 305 0 
2.54154 0.021875 0.0229167 48.0812 50.3708 115.323 115.568 0.669609 0.615056 189.413 115.587 -0.180253 305 0 
2.57698 0.0229167 0.0229167 50.3708 50.3708 117.038 117.261 0.608735 0.559496 187.707 117.293 -0.161232 305 0 
2.59974 0.025 0.0229167 54.95 50.3708 118.196 118.374 0.486988 0.440788 186.569 118.431 -0.150362 305 0 
2.6225 0.0239583 0.0229167 52.6604 50.3708 119.332 119.465 0.365241 0.321325 185.454 119.546 -0.142074 305 0 
2.64531 0.021875 0.0229167 48.0812 50.3708 120.445 120.535 0.243494 0.201122 184.362 120.638 -0.136273 305 0 
2.66809 0.0229167 0.0229167 50.3708 50.3708 121.581 121.604 0.0608735 0.0191628 183.258 121.742 -0.133342 305 0 
2.69089 0.0239583 0.0229167 52.6604 50.3708 122.65 122.584 -0.182621 -0.224909 182.232 122.768 -0.134431 305 0 
2.71367 0.025 0.0229167 54.95 50.3708 123.808 123.697 -0.304368 -0.348451 181.095 123.905 -0.139262 305 0 
2.73649 0.0239583 0.0239583 52.6604 52.6604 124.944 124.833 -0.304368 -0.350653 179.958 125.042 -0.145301 305 0 
2.77191 0.025 0.0229167 54.95 50.3708 126.748 126.592 -0.426115 -0.47652 178.174 126.826 -0.156667 305 0 
2.80734 0.025 0.0239583 54.95 52.6604 128.575 128.352 -0.608735 -0.66492 176.379 128.621 -0.17287 305 0 
2.83011 0.025 0.0229167 54.95 50.3708 129.733 129.488 -0.669609 -0.730351 175.23 129.77 -0.185675 305 0 
2.85287 0.0229167 0.025 50.3708 54.95 130.846 130.646 -0.547862 -0.612977 174.093 130.907 -0.197752 305 0 
2.88829 0.025 0.025 54.95 54.95 132.673 132.472 -0.547862 -0.619484 172.265 132.736 -0.215228 305 0 
2.91105 0.0239583 0.0239583 52.6604 52.6604 133.831 133.63 -0.547862 -0.623682 171.105 133.895 -0.22631 305 0 
2.94649 0.0239583 0.0239583 52.6604 52.6604 135.612 135.345 -0.730482 -0.813693 169.355 135.646 -0.245829 305 0 
2.95657 0.0239583 0.0229167 52.6604 50.3708 136.125 135.835 -0.791356 -0.877075 168.853 136.147 -0.252489 305 0 
2.97933 0.0229167 0.0229167 50.3708 50.3708 137.216 136.926 -0.791356 -0.882787 167.76 137.24 -0.267573 305 0 
3.00209 0.0229167 0.021875 50.3708 48.0812 138.33 138.018 -0.852229 -0.949709 166.657 138.344 -0.283397 305 0 
3.02484 0.021875 0.0229167 48.0812 50.3708 139.421 139.109 -0.852229 -0.955977 165.564 139.436 -0.299641 305 0 
3.06028 0.0239583 0.0239583 52.6604 52.6604 141.158 140.846 -0.852229 -0.966126 163.825 141.175 -0.325499 305 0 
3.09571 0.0229167 0.0229167 50.3708 50.3708 142.851 142.539 -0.852229 -0.976225 162.13 142.87 -0.350694 305 0 
3.13113 0.021875 0.021875 48.0812 48.0812 144.477 144.187 -0.791356 -0.92501 160.492 144.509 -0.37419 305 0 
3.16662 0.0208333 0.0229167 45.7917 50.3708 145.991 145.702 -0.791356 -0.933833 158.975 146.025 -0.395123 305 0 
3.18946 0.0208333 0.021875 45.7917 48.0812 146.926 146.615 -0.852229 -1.00035 158.05 146.951 -0.40839 305 0 
3.21226 0.021875 0.021875 48.0812 48.0812 147.996 147.684 -0.852229 -1.00717 156.98 148.021 -0.424302 305 0 
3.22235 0.0229167 0.0229167 50.3708 50.3708 148.486 148.174 -0.852229 -1.01033 156.489 148.511 -0.431596 305 0 
3.25784 0.0208333 0.0229167 45.7917 50.3708 150.134 149.844 -0.791356 -0.959971 154.828 150.173 -0.455411 305 0 
3.28061 0.0229167 0.0208333 50.3708 45.7917 151.203 150.869 -0.913103 -1.08868 153.78 151.221 -0.470993 305 0 
3.31603 0.021875 0.0208333 48.0812 45.7917 152.829 152.517 -0.852229 -1.0392 152.141 152.859 -0.496229 305 0 
3.33881 0.0208333 0.021875 45.7917 48.0812 153.875 153.586 -0.791356 -0.985401 151.082 153.919 -0.511414 305 0 
3.34889 0.0229167 0.0229167 50.3708 50.3708 154.365 154.076 -0.791356 -0.988611 150.592 154.409 -0.518186 305 0 
3.38432 0.0229167 0.021875 50.3708 48.0812 156.08 155.746 -0.913103 -1.1223 148.897 156.104 -0.543381 305 0 
3.40707 0.0229167 0.021875 50.3708 48.0812 157.171 156.815 -0.973976 -1.19161 147.816 157.185 -0.561182 305 0 
3.41716 0.0229167 0.0229167 50.3708 50.3708 157.661 157.327 -0.913103 -1.13469 147.314 157.687 -0.56944 305 0 
3.43995 0.0229167 0.0229167 50.3708 50.3708 158.775 158.396 -1.03485 -1.26537 146.222 158.779 -0.588005 305 0 
3.45003 0.021875 0.0229167 48.0812 50.3708 159.243 158.886 -0.973976 -1.20856 145.743 159.259 -0.596405 305 0 
3.47279 0.021875 0.0229167 48.0812 50.3708 160.312 159.955 -0.973976 -1.2175 144.672 160.329 -0.614591 305 0 
3.48287 0.0229167 0.0229167 50.3708 50.3708 160.802 160.445 -0.973976 -1.22164 144.182 160.819 -0.622926 305 0 
3.50563 0.0229167 0.0229167 50.3708 50.3708 161.893 161.514 -1.03485 -1.29198 143.101 161.901 -0.641875 305 0 
3.51571 0.0229167 0.0229167 50.3708 50.3708 162.383 162.004 -1.03485 -1.29642 142.61 162.391 -0.650731 305 0 
3.52579 0.0229167 0.0229167 50.3708 50.3708 162.873 162.494 -1.03485 -1.3009 142.12 162.882 -0.659587 305 0 
3.53587 0.0229167 0.0239583 50.3708 52.6604 163.363 163.029 -0.913103 -1.18364 141.607 163.395 -0.668301 305 0 
3.55865 0.0229167 0.0229167 50.3708 50.3708 164.477 164.143 -0.913103 -1.19304 140.492 164.51 -0.686061 305 0 
3.58152 0.021875 0.021875 48.0812 48.0812 165.546 165.234 -0.852229 -1.14118 139.411 165.591 -0.702714 305 0 
3.61695 0.021875 0.0229167 48.0812 50.3708 167.194 166.904 -0.791356 -1.0937 137.75 167.252 -0.726529 305 0 
3.63971 0.0229167 0.021875 50.3708 48.0812 168.263 167.951 -0.852229 -1.16329 136.691 168.311 -0.741714 305 0 
3.67514 0.015625 0.0177083 34.3438 38.9229 169.755 169.51 -0.669609 -0.992782 135.163 169.839 -0.76199 305 0 
3.69799 0.01875 0.0208333 41.2125 45.7917 170.757 170.601 -0.426115 -0.756095 134.115 170.887 -0.772006 305 0 
3.70808 0.0229167 0.0229167 50.3708 50.3708 171.247 171.091 -0.426115 -0.75887 133.625 171.377 -0.775653 305 0 
3.74351 0.021875 0.0229167 48.0812 50.3708 172.895 172.806 -0.243494 -0.584768 131.941 173.061 -0.785486 305 0 
3.76626 0.021875 0.0229167 48.0812 50.3708 173.942 173.875 -0.182621 -0.528381 130.882 174.12 -0.789423 305 0 
3.77634 0.021875 0.021875 48.0812 48.0812 174.41 174.343 -0.182621 -0.530278 130.414 174.589 -0.790915 305 0 
3.79911 0.021875 0.0208333 48.0812 45.7917 175.457 175.39 -0.182621 -0.534574 129.366 175.637 -0.794254 305 0 
3.80919 0.021875 0.0229167 48.0812 50.3708 175.924 175.88 -0.121747 -0.475576 128.886 176.116 -0.795527 305 0 
3.83196 0.0229167 0.021875 50.3708 48.0812 177.038 176.971 -0.182621 -0.540821 127.783 177.22 -0.798457 305 0 
3.86751 0.0239583 0.0239583 52.6604 52.6604 178.82 178.708 -0.304368 -0.670979 126.021 178.982 -0.80594 305 0 
3.90295 0.0229167 0.0239583 50.3708 52.6604 180.557 180.468 -0.243494 -0.619128 124.271 180.732 -0.814305 305 0 
3.92576 0.0229167 0.021875 50.3708 48.0812 181.648 181.537 -0.304368 -0.685705 123.189 181.814 -0.819474 305 0 
3.94852 0.021875 0.0208333 48.0812 45.7917 182.717 182.606 -0.304368 -0.691715 122.119 182.884 -0.825157 305 0 
3.97144 0.021875 0.0229167 48.0812 50.3708 183.742 183.675 -0.182621 -0.575429 121.071 183.932 -0.829609 305 0 
3.99428 0.021875 0.0229167 48.0812 50.3708 184.811 184.744 -0.182621 -0.580562 120 185.003 -0.833019 305 0 
4.00437 0.0229167 0.0239583 50.3708 52.6604 185.301 185.256 -0.121747 -0.521998 119.499 185.504 -0.834351 305 0 
4.0398 0.021875 0.0229167 48.0812 50.3708 186.993 186.971 -0.0608735 -0.468243 117.793 187.21 -0.837068 305 0 
4.07534 0.0229167 0.0229167 50.3708 50.3708 188.664 188.664 -7.45821e-17 -0.413718 116.109 188.894 -0.837962 305 0 
4.09812 0.0208333 0.021875 45.7917 48.0812 189.688 189.71 0.0608735 -0.356299 115.072 189.931 -0.837412 305 0 
4.13354 0.0229167 0.0229167 50.3708 50.3708 191.336 191.336 -7.45821e-17 -0.42276 113.433 191.57 -0.836541 305 0 
4.16897 0.0229167 0.0229167 50.3708 50.3708 193.029 193.029 -7.45821e-17 -0.429172 111.738 193.265 -0.836541 305 0 
4.17906 0.0166667 0.0166667 36.6333 36.6333 193.385 193.385 -7.45821e-17 -0.430547 111.382 193.621 -0.836541 305 0 
4.21466 0.021875 0.0229167 48.0812 50.3708 195.078 195.1 0.0608735 -0.375897 109.676 195.327 -0.835636 305 0 
4.23745 0.0208333 0.021875 45.7917 48.0812 196.147 196.192 0.121747 -0.318464 108.594 196.409 -0.833913 305 0 
4.26021 0.021875 0.0208333 48.0812 45.7917 197.216 197.216 -7.45821e-17 -0.443908 107.546 197.457 -0.8328 305 0 
4.27029 0.0239583 0.0229167 52.6604 50.3708 197.728 197.706 -0.0608735 -0.507005 107.044 197.959 -0.833066 305 0 
4.30572 0.0229167 0.0229167 50.3708 50.3708 199.443 199.399 -0.121747 -0.576582 105.339 199.665 -0.835784 305 0 
4.32851 0.0229167 0.0229167 50.3708 50.3708 200.557 200.512 -0.121747 -0.58275 104.224 200.78 -0.838152 305 0 
4.33859 0.0239583 0.0229167 52.6604 50.3708 201.091 201.002 -0.243494 -0.70768 103.711 201.293 -0.839786 305 0 
4.36138 0.0229167 0.0229167 50.3708 50.3708 202.183 202.116 -0.182621 -0.654093 102.607 202.397 -0.843888 305 0 
4.38414 0.0229167 0.021875 50.3708 48.0812 203.274 203.185 -0.243494 -0.722258 101.525 203.478 -0.847908 305 0 
4.40692 0.021875 0.0208333 48.0812 45.7917 204.343 204.254 -0.243494 -0.729954 100.455 204.548 -0.852455 305 0 
4.417 0.0229167 0.021875 50.3708 48.0812 204.833 204.744 -0.243494 -0.733536 99.9646 205.039 -0.854539 305 0 
4.42708 0.0229167 0.0239583 50.3708 52.6604 205.323 205.256 -0.182621 -0.67621 99.4629 205.541 -0.856403 305 0 
4.44985 0.021875 0.021875 48.0812 48.0812 206.414 206.347 -0.182621 -0.683721 98.3703 206.633 -0.859884 305 0 
4.47271 0.0229167 0.0229167 50.3708 50.3708 207.506 207.461 -0.121747 -0.630261 97.2665 207.737 -0.862815 305 0 
4.49549 0.0229167 0.021875 50.3708 48.0812 208.575 208.53 -0.121747 -0.637274 96.1962 208.808 -0.865088 305 0 
4.51827 0.0208333 0.021875 45.7917 48.0812 209.599 209.577 -0.0608735 -0.583013 95.1593 209.845 -0.86674 305 0 
4.52835 0.0229167 0.021875 50.3708 48.0812 210.089 210.045 -0.121747 -0.646993 94.6798 210.324 -0.867504 305 0 
4.53844 0.0208333 0.0229167 45.7917 50.3708 210.535 210.535 -2.48607e-17 -0.528159 94.2116 210.792 -0.868001 305 0 
4.54852 0.0229167 0.0229167 50.3708 50.3708 211.025 211.025 -2.48607e-17 -0.530924 93.721 211.283 -0.868001 305 0 
4.5586 0.0229167 0.0229167 50.3708 50.3708 211.514 211.514 -2.48607e-17 -0.533718 93.2304 211.774 -0.868001 305 0 
4.56868 0.0229167 0.0229167 50.3708 50.3708 212.004 212.004 -2.48607e-17 -0.536541 92.7398 212.264 -0.868001 305 0 
4.57876 0.0229167 0.0229167 50.3708 50.3708 212.494 212.494 -2.48607e-17 -0.539395 92.2492 212.755 -0.868001 305 0 
4.58884 0.0229167 0.0229167 50.3708 50.3708 212.984 212.984 -2.48607e-17 -0.542278 91.7587 213.245 -0.868001 305 0 
4.59892 0.0229167 0.0239583 50.3708 52.6604 213.474 213.497 0.0608735 -0.484219 91.2569 213.747 -0.867734 305 0 
4.6217 0.021875 0.0229167 48.0812 50.3708 214.543 214.588 0.121747 -0.428788 90.1754 214.829 -0.866012 305 0 
4.64447 0.0229167 0.021875 50.3708 48.0812 215.657 215.679 0.0608735 -0.495353 89.0716 215.933 -0.864253 305 0 
4.66728 0.0229167 0.0239583 50.3708 52.6604 216.637 216.726 0.243494 -0.317388 88.057 216.947 -0.86156 305 0 
4.69011 0.021875 0.0229167 48.0812 50.3708 217.617 217.728 0.304368 -0.259785 87.0646 217.94 -0.856818 305 0 
4.71289 0.0229167 0.0229167 50.3708 50.3708 218.731 218.82 0.243494 -0.324385 85.9608 219.043 -0.851543 305 0 
4.72299 0.0208333 0.0208333 45.7917 45.7917 219.176 219.265 0.243494 -0.326077 85.5148 219.489 -0.849649 305 0 
4.74578 0.021875 0.0229167 48.0812 50.3708 220.267 220.334 0.182621 -0.391517 84.4333 220.571 -0.845629 305 0 
4.75586 0.0229167 0.021875 50.3708 48.0812 220.757 220.802 0.121747 -0.4548 83.9538 221.05 -0.844356 305 0 
4.76594 0.0239583 0.0229167 52.6604 50.3708 221.269 221.292 0.0608735 -0.518591 83.4521 221.552 -0.843557 305 0 
4.78922 0.0197917 0.01875 43.5021 41.2125 222.272 222.294 0.0608735 -0.524903 82.4487 222.556 -0.842491 305 0 
4.81204 0.0229167 0.0229167 50.3708 50.3708 223.341 223.385 0.121747 -0.470602 81.3672 223.637 -0.840768 305 0 
4.82213 0.0229167 0.0229167 50.3708 50.3708 223.831 223.875 0.121747 -0.473457 80.8766 224.128 -0.839726 305 0 
4.83221 0.0229167 0.0239583 50.3708 52.6604 224.321 224.388 0.182621 -0.415349 80.3748 224.63 -0.838394 305 0 
4.85503 0.0229167 0.0239583 50.3708 52.6604 225.434 225.501 0.182621 -0.421192 79.2599 225.745 -0.834842 305 0 
4.86511 0.0229167 0.0239583 50.3708 52.6604 225.924 226.013 0.243494 -0.362808 78.7581 226.246 -0.832977 305 0 
4.87519 0.0239583 0.0229167 52.6604 50.3708 226.437 226.503 0.182621 -0.426203 78.2564 226.748 -0.831113 305 0 
4.91061 0.0229167 0.0229167 50.3708 50.3708 228.129 228.218 0.243494 -0.374149 76.5505 228.454 -0.824772 305 0 
4.93337 0.0208333 0.0229167 45.7917 50.3708 229.176 229.31 0.365241 -0.256844 75.4801 229.524 -0.819089 305 0 
4.94345 0.0229167 0.0208333 50.3708 45.7917 229.666 229.755 0.243494 -0.380575 75.0118 229.993 -0.816603 305 0 
4.95353 0.021875 0.0229167 48.0812 50.3708 230.134 230.245 0.304368 -0.321954 74.5324 230.472 -0.814311 305 0 
4.96361 0.021875 0.0229167 48.0812 50.3708 230.601 230.735 0.365241 -0.262967 74.0529 230.952 -0.811511 305 0 
4.9737 0.0229167 0.0229167 50.3708 50.3708 231.091 231.225 0.365241 -0.264721 73.5623 231.442 -0.808385 305 0 
4.98378 0.0229167 0.0229167 50.3708 50.3708 231.581 231.715 0.365241 -0.266499 73.0717 231.933 -0.80526 305 0 
4.99386 0.0229167 0.0229167 50.3708 50.3708 232.094 232.205 0.304368 -0.329425 72.57 232.434 -0.802329 305 0 
5.00394 0.0229167 0.0239583 50.3708 52.6604 232.584 232.717 0.365241 -0.270633 72.0682 232.936 -0.799399 305 0 
5.02674 0.021875 0.0229167 48.0812 50.3708 233.675 233.808 0.365241 -0.2748 70.9756 234.029 -0.792437 305 0 
5.04951 0.0229167 0.021875 50.3708 48.0812 234.788 234.9 0.304368 -0.340495 69.8717 235.133 -0.78599 305 0 
5.05959 0.021875 0.0208333 48.0812 45.7917 235.256 235.367 0.304368 -0.342793 69.4034 235.601 -0.783503 305 0 
5.06967 0.021875 0.0229167 48.0812 50.3708 235.724 235.857 0.365241 -0.284092 68.924 236.08 -0.780703 305 0 
5.07975 0.0239583 0.0229167 52.6604 50.3708 236.236 236.347 0.304368 -0.347272 68.4222 236.582 -0.777773 305 0 
5.10251 0.0229167 0.0229167 50.3708 50.3708 237.35 237.461 0.304368 -0.353025 67.3073 237.697 -0.771853 305 0 
5.12527 0.0229167 0.0229167 50.3708 50.3708 238.441 238.575 0.365241 -0.29753 66.2034 238.801 -0.765406 305 0 
5.13547 0.0239583 0.0229167 52.6604 50.3708 238.953 239.065 0.304368 -0.360908 65.7017 239.303 -0.762475 305 0 
5.15822 0.0239583 0.0229167 52.6604 50.3708 240.089 240.178 0.243494 -0.428606 64.5756 240.429 -0.757094 305 0 
5.1683 0.0229167 0.0229167 50.3708 50.3708 240.579 240.668 0.243494 -0.431888 64.085 240.919 -0.75501 305 0 
5.19111 0.0239583 0.021875 52.6604 48.0812 241.559 241.559 -4.97214e-17 -0.683593 63.1484 241.856 -0.753021 305 0 
5.2139 0.0229167 0.021875 50.3708 48.0812 242.673 242.65 -0.0608735 -0.75717 62.0447 242.96 -0.753607 305 0 
5.23671 0.0229167 0.021875 50.3708 48.0812 243.764 243.719 -0.121747 -0.832016 60.9632 244.041 -0.75533 305 0 
5.24679 0.0229167 0.0229167 50.3708 50.3708 244.254 244.209 -0.121747 -0.838765 60.4727 244.532 -0.756372 305 0 
5.25687 0.0229167 0.0239583 50.3708 52.6604 244.744 244.722 -0.0608735 -0.784654 59.971 245.034 -0.757171 305 0 
5.27962 0.0229167 0.021875 50.3708 48.0812 245.835 245.768 -0.182621 -0.921767 58.9007 246.104 -0.759444 305 0 
5.30238 0.0229167 0.0229167 50.3708 50.3708 246.949 246.86 -0.243494 -1.00083 57.797 247.208 -0.763547 305 0 
5.31246 0.0229167 0.021875 50.3708 48.0812 247.439 247.327 -0.304368 -1.07032 57.3176 247.688 -0.765838 305 0 
5.32255 0.0229167 0.0239583 50.3708 52.6604 247.929 247.84 -0.243494 -1.01863 56.816 248.189 -0.768235 305 0 
5.34532 0.0229167 0.0229167 50.3708 50.3708 249.042 248.931 -0.304368 -1.10029 55.7123 249.293 -0.77351 305 0 
5.36822 0.0229167 0.0229167 50.3708 50.3708 250.156 250.022 -0.365241 -1.18402 54.6087 250.397 -0.779957 305 0 
5.37831 0.0197917 0.0197917 43.5021 43.5021 251.871 251.715 -0.426115 -1.28405 52.9031 252.103 -0.791732 305 0 
5.38841 0.01875 0.0166667 41.2125 36.6333 253.408 253.185 -0.608735 -1.50695 51.3983 253.608 -0.805319 305 0 
5.3985 0.0166667 0.0166667 36.6333 36.6333 254.833 254.566 -0.730482 -1.67275 49.9939 255.013 -0.821729 305 0 
5.40859 0.0166667 0.015625 36.6333 34.3438 256.169 255.857 -0.852229 -1.84134 48.6789 256.328 -0.839891 305 0 
5.41868 0.015625 0.0135417 34.3438 29.7646 257.439 257.016 -1.1566 -2.19675 47.4643 257.544 -0.861185 305 0 
5.42876 0.0145833 0.0145833 32.0542 32.0542 258.641 258.174 -1.27834 -2.37613 46.2833 258.725 -0.886284 305 0 
5.43885 0.0145833 0.0125 32.0542 27.475 259.777 259.198 -1.58271 -2.74097 45.2028 259.806 -0.913271 305 0 
5.44894 0.0114583 0.0104167 25.1854 22.8958 260.78 260.134 -1.76533 -2.98568 44.234 260.776 -0.941595 305 0 
5.45905 0.0104167 0.009375 22.8958 20.6063 261.648 260.846 -2.19145 -3.47005 43.4436 261.567 -0.968911 305 0 
5.46914 0.009375 0.00625 20.6063 13.7375 262.428 261.425 -2.73931 -4.07742 42.7649 262.247 -0.998153 305 0 
5.47923 0.00833333 0.00625 18.3167 13.7375 263.118 261.96 -3.16542 -4.56589 42.1534 262.859 -1.02972 305 0 
5.48932 0.00833333 0.00625 18.3167 13.7375 263.742 262.45 -3.53066 -4.9947 41.5979 263.416 -1.06226 305 0 
5.49941 0.00625 0.00416667 13.7375 9.15833 264.232 262.806 -3.89591 -5.41314 41.1759 263.839 -1.08969 305 0 
5.5095 0.00416667 0.00416667 9.15833 9.15833 264.655 263.118 -4.20027 -5.76761 40.8097 264.206 -1.11565 305 0 
5.51959 0.00416667 0.00208333 9.15833 4.57917 264.944 263.296 -4.50464 -6.10608 40.5768 264.439 -1.13341 305 0 
5.52967 0.00208333 0.00208333 4.57917 4.57917 265.1 263.43 -4.56551 -6.18891 40.4327 264.584 -1.14487 305 0 
5.53975 0 0.00208333 0 4.57917 265.167 263.519 -4.50464 -6.13992 40.3551 264.661 -1.15104 305 0 
5.54984 0 0 0 0 265.167 263.519 -4.50464 -6.13992 40.3551 264.661 -1.15104 305 0 
5.55992 0 0 0 0 265.167 263.519 -4.50464 -6.13992 40.3551 264.661 -1.15104 305 0 
5.57 0 0 0 0 265.167 263.519 -4.50464 -6.13992 40.3551 264.661 -1.15104 305 0 
5.58008 0 0 0 0 265.167 263.519 -4.50464 -6.13992 40.3551 264.661 -1.15104 305 0 
5.59017 0 0 0 0 265.167 263.519 -4.50464 -6.13992 40.3551 264.661 -1.15104 305 0 
5.60027 0 0 0 0 265.167 263.519 -4.50464 -6.13992 40.3551 264.661 -1.15104 305 0 
5.61035 0 0 0 0 265.167 263.519 -4.50464 -6.13992 40.3551 264.661 -1.15104 305 0 
5.62043 0 0 0 0 265.167 263.519 -4.50464 -6.13992 40.3551 264.661 -1.15104 305 0 
5.63051 0 0 0 0 265.167 263.519 -4.50464 -6.13992 40.3551 264.661 -1.15104 305 0 
5.64059 0 0 0 0 265.167 263.519 -4.50464 -6.13992 40.3551 264.661 -1.15104 305 0 
5.65067 0 0 0 0 265.167 263.519 -4.50464 -6.13992 40.3551 264.661 -1.15104 305 0 
5.66075 0 0 0 0 265.167 263.519 -4.50464 -6.13992 40.3551 264.661 -1.15104 305 0 
5.67083 0 0 0 0 265.167 263.519 -4.50464 -6.13992 40.3551 264.661 -1.15104 305 0 
5.6809 0 0 0 0 265.167 263.519 -4.50464 -6.13992 40.3551 264.661 -1.15104 305 0 
5.69098 0 0 0 0 265.167 263.519 -4.50464 -6.13992 40.3551 264.661 -1.15104 305 0 
5.70106 0 0 0 0 265.167 263.519 -4.50464 -6.13992 40.3551 264.661 -1.15104 305 0 
5.71114 0 0 0 0 265.167 263.519 -4.50464 -6.13992 40.3551 264.661 -1.15104 305 0 
5.72122 0 0 0 0 265.167 263.519 -4.50464 -6.13992 40.3551 264.661 -1.15104 305 0 
5.73131 0 0 0 0 265.167 263.519 -4.50464 -6.13992 40.3551 264.661 -1.15104 305 0 
5.74139 0 0 0 0 265.167 263.519 -4.50464 -6.13992 40.3551 264.661 -1.15104 305 0 
5.75147 0 0 0 0 265.167 263.519 -4.50464 -6.13992 40.3551 264.661 -1.15104 305 0 
5.76155 0 0 0 0 265.167 263.519 -4.50464 -6.13992 40.3551 264.661 -1.15104 305 0 
5.77163 0 0 0 0 265.167 263.519 -4.50464 -6.13992 40.3551 264.661 -1.15104 305 0 
5.78172 0 0 0 0 265.167 263.519 -4.50464 -6.13992 40.3551 264.661 -1.15104 305 0 
5.7918 0 0 0 0 265.167 263.519 -4.50464 -6.13992 40.3551 264.661 -1.15104 305 0 
5.80188 0 0 0 0 265.167 263.519 -4.50464 -6.13992 40.3551 264.661 -1.15104 305 0 
5.81196 0 0 0 0 265.167 263.519 -4.50464 -6.13992 40.3551 264.661 -1.15104 305 0 
5.82203 0 0 0 0 265.167 263.519 -4.50464 -6.13992 40.3551 264.661 -1.15104 305 0 
5.83211 0 0 0 0 265.167 263.519 -4.50464 -6.13992 40.3551 264.661 -1.15104 305 0 
5.84219 0 0 0 0 265.167 263.519 -4.50464 -6.13992 40.3551 264.661 -1.15104 305 0 
5.85227 0 0 0 0 265.167 263.519 -4.50464 -6.13992 40.3551 264.661 -1.15104 305 0 
5.86236 0 0 0 0 265.167 263.519 -4.50464 -6.13992 40.3551 264.661 -1.15104 305 0 
5.87244 0 0 0 0 265.167 263.519 -4.50464 -6.13992 40.3551 264.661 -1.15104 305 0 
5.88252 0 0 0 0 265.167 263.519 -4.50464 -6.13992 40.3551 264.661 -1.15104 305 0 
5.8926 0 0 0 0 265.167 263.519 -4.50464 -6.13992 40.3551 264.661 -1.15104 305 0 
5.90267 0 0 0 0 265.167 263.519 -4.50464 -6.13992 40.3551 264.661 -1.15104 305 0 
5.91275 0 0 0 0 265.167 263.519 -4.50464 -6.13992 40.3551 264.661 -1.15104 305 0 
5.92283 0 0 0 0 265.167 263.519 -4.50464 -6.13992 40.3551 264.661 -1.15104 305 0 
5.93294 0 0 0 0 265.167 263.519 -4.50464 -6.13992 40.3551 264.661 -1.15104 305 0 
5.94302 0 0 0 0 265.167 263.519 -4.50464 -6.13992 40.3551 264.661 -1.15104 305 0 
5.9531 0 0 0 0 265.167 263.519 -4.50464 -6.13992 40.3551 264.661 -1.15104 305 0 
5.96318 0 0 0 0 265.167 263.519 -4.50464 -6.13992 40.3551 264.661 -1.15104 305 0 
5.97326 0 0 0 0 265.167 263.519 -4.50464 -6.13992 40.3551 264.661 -1.15104 305 0 
5.98334 0 0 0 0 265.167 263.519 -4.50464 -6.13992 40.3551 264.661 -1.15104 305 0 
5.99343 0 0 0 0 265.167 263.519 -4.50464 -6.13992 40.3551 264.661 -1.15104 305 0 
6.00352 0 0 0 0 265.167 263.519 -4.50464 -6.13992 40.3551 264.661 -1.15104 305 0 
6.0136 0 0 0 0 265.167 263.519 -4.50464 -6.13992 40.3551 264.661 -1.15104 305 0 
6.02369 0 0 0 0 265.167 263.519 -4.50464 -6.13992 40.3551 264.661 -1.15104 305 0 
6.03377 0 0 0 0 265.167 263.519 -4.50464 -6.13992 40.3551 264.661 -1.15104 305 0 
6.04385 0 0 0 0 265.167 263.519 -4.50464 -6.13992 40.3551 264.661 -1.15104 305 0 
6.05393 0 0 0 0 265.167 263.519 -4.50464 -6.13992 40.3551 264.661 -1.15104 305 0 
6.06401 0 0 0 0 265.167 263.519 -4.50464 -6.13992 40.3551 264.661 -1.15104 305 0 
6.07409 0 0 0 0 265.167 263.519 -4.50464 -6.13992 40.3551 264.661 -1.15104 305 0 
6.08417 0 0 0 0 265.167 263.519 -4.50464 -6.13992 40.3551 264.661 -1.15104 305 0 
6.09425 0 0 0 0 265.167 263.519 -4.50464 -6.13992 40.3551 264.661 -1.15104 305 0 
6.10433 0 0 0 0 265.167 263.519 -4.50464 -6.13992 40.3551 264.661 -1.15104 305 0 
6.11441 0 0 0 0 265.167 263.519 -4.50464 -6.13992 40.3551 264.661 -1.15104 305 0 
6.1245 0 0 0 0 265.167 263.519 -4.50464 -6.13992 40.3551 264.661 -1.15104 305 0 
6.13459 0 0 0 0 265.167 263.519 -4.50464 -6.13992 40.3551 264.661 -1.15104 305 0 
6.14467 0 0 0 0 265.167 263.519 -4.50464 -6.13992 40.3551 264.661 -1.15104 305 0 
6.15475 0 0 0 0 265.167 263.519 -4.50464 -6.13992 40.3551 264.661 -1.15104 305 0 
6.16483 0 0 0 0 265.167 263.519 -4.50464 -6.13992 40.3551 264.661 -1.15104 305 0 
6.17492 0 0 0 0 265.167 263.519 -4.50464 -6.13992 40.3551 264.661 -1.15104 305 0 
6.18501 0 0 0 0 265.167 263.519 -4.50464 -6.13992 40.3551 264.661 -1.15104 305 0 
6.19509 0 0 0 0 265.167 263.519 -4.50464 -6.13992 40.3551 264.661 -1.15104 305 0 
6.20517 0 0 0 0 265.167 263.519 -4.50464 -6.13992 40.3551 264.661 -1.15104 305 0 
6.21525 0 0 0 0 265.167 263.519 -4.50464 -6.13992 40.3551 264.661 -1.15104 305 0 
6.22534 0 0 0 0 265.167 263.519 -4.50464 -6.13992 40.3551 264.661 -1.15104 305 0 
6.23542 0 0 0 0 265.167 263.519 -4.50464 -6.13992 40.3551 264.661 -1.15104 305 0 
6.2455 0 0 0 0 265.167 263.519 -4.50464 -6.13992 40.3551 264.661 -1.15104 305 0 
6.25559 0 0 0 0 265.167 263.519 -4.50464 -6.13992 40.3551 264.661 -1.15104 305 0 
6.26567 0 0 0 0 265.167 263.519 -4.50464 -6.13992 40.3551 264.661 -1.15104 305 0 
6.27575 0 0 0 0 265.167 263.519 -4.50464 -6.13992 40.3551 264.661 -1.15104 305 0 
6.28583 0 0 0 0 265.167 263.519 -4.50464 -6.13992 40.3551 264.661 -1.15104 305 0 
6.29591 0 0 0 0 265.167 263.519 -4.50464 -6.13992 40.3551 264.661 -1.15104 305 0 
6.30599 0 0 0 0 265.167 263.519 -4.50464 -6.13992 40.3551 264.661 -1.15104 305 0 
6.31607 0 0 0 0 265.167 263.519 -4.50464 -6.13992 40.3551 264.661 -1.15104 305 0 
6.32615 0 0 0 0 265.167 263.519 -4.50464 -6.13992 40.3551 264.661 -1.15104 305 0 
6.33626 0 0 0 0 265.167 263.519 -4.50464 -6.13992 40.3551 264.661 -1.15104 305 0 
6.34634 0 0 0 0 265.167 263.519 -4.50464 -6.13992 40.3551 264.661 -1.15104 305 0 
6.35642 0 0 0 0 265.167 263.519 -4.50464 -6.13992 40.3551 264.661 -1.15104 305 0 
6.36653 0 0 0 0 265.167 263.519 -4.50464 -6.13992 40.3551 264.661 -1.15104 305 0 
6.37662 0 0 0 0 265.167 263.519 -4.50464 -6.13992 40.3551 264.661 -1.15104 305 0 
6.38672 0 0 0 0 265.167 263.519 -4.50464 -6.13992 40.3551 264.661 -1.15104 305 0 
6.39681 0 0 0 0 265.167 263.519 -4.50464 -6.13992 40.3551 264.661 -1.15104 305 0 
6.4069 0 0 0 0 265.167 263.519 -4.50464 -6.13992 40.3551 264.661 -1.15104 305 0 
6.41698 0 0 0 0 265.167 263.519 -4.50464 -6.13992 40.3551 264.661 -1.15104 305 0 
6.42706 0 0 0 0 265.167 263.519 -4.50464 -6.13992 40.3551 264.661 -1.15104 305 0 
6.43714 0 0 0 0 265.167 263.519 -4.50464 -6.13992 40.3551 264.661 -1.15104 305 0 
6.44721 0 0 0 0 265.167 263.519 -4.50464 -6.13992 40.3551 264.661 -1.15104 305 0 
6.45729 0 0 0 0 265.167 263.519 -4.50464 -6.13992 40.3551 264.661 -1.15104 305 0 
6.46737 0 0 0 0 265.167 263.519 -4.50464 -6.13992 40.3551 264.661 -1.15104 305 0 
6.47745 0 0 0 0 265.167 263.519 -4.50464 -6.13992 40.3551 264.661 -1.15104 305 0 
6.48753 0 0 0 0 265.167 263.519 -4.50464 -6.13992 40.3551 264.661 -1.15104 305 0 
6.49761 0 0 0 0 265.167 263.519 -4.50464 -6.13992 40.3551 264.661 -1.15104 305 0 
6.50769 0 0 0 0 265.167 263.519 -4.50464 -6.13992 40.3551 264.661 -1.15104 305 0 
6.51777 0 0 0 0 265.167 263.519 -4.50464 -6.13992 40.3551 264.661 -1.15104 305 0 
6.52786 0 0 0 0 265.167 263.519 -4.50464 -6.13992 40.3551 264.661 -1.15104 305 0 
6.53794 0 0 0 0 265.167 263.519 -4.50464 -6.13992 40.3551 264.661 -1.15104 305 0 
6.55005 0 0 0 0 265.167 263.519 -4.50464 -6.13992 40.3551 264.661 -1.15104 305 0 
6.56015 0 0 0 0 265.167 263.519 -4.50464 -6.13992 40.3551 264.661 -1.15104 305 0 
6.57023 0 0 0 0 265.167 263.519 -4.50464 -6.13992 40.3551 264.661 -1.15104 305 0 
6.58033 0 0 0 0 265.167 263.519 -4.50464 -6.13992 40.3551 264.661 -1.15104 305 0 
6.59041 0 0 0 0 265.167 263.519 -4.50464 -6.13992 40.3551 264.661 -1.15104 305 0 
6.60048 0 0 0 0 265.167 263.519 -4.50464 -6.13992 40.3551 264.661 -1.15104 305 0 
6.61057 0 0 0 0 265.167 263.519 -4.50464 -6.13992 40.3551 264.661 -1.15104 305 0 
6.62065 0 0 0 0 265.167 263.519 -4.50464 -6.13992 40.3551 264.661 -1.15104 305 0 
6.63072 0 0 0 0 265.167 263.519 -4.50464 -6.13992 40.3551 264.661 -1.15104 305 0 
6.6408 0 0 0 0 265.167 263.519 -4.50464 -6.13992 40.3551 264.661 -1.15104 305 0 
6.65088 0 0 0 0 265.167 263.519 -4.50464 -6.13992 40.3551 264.661 -1.15104 305 0 
6.66098 0 0 0 0 265.167 263.519 -4.50464 -6.13992 40.3551 264.661 -1.15104 305 0 
6.67108 0 0 0 0 265.167 263.519 -4.50464 -6.13992 40.3551 264.661 -1.15104 305 0 
6.68116 0 0 0 0 265.167 263.519 -4.50464 -6.13992 40.3551 264.661 -1.15104 305 0 
6.69124 0 0 0 0 265.167 263.519 -4.50464 -6.13992 40.3551 264.661 -1.15104 305 0 
6.70132 0 0 0 0 265.167 263.519 -4.50464 -6.13992 40.3551 264.661 -1.15104 305 0 
6.7114 0 0 0 0 265.167 263.519 -4.50464 -6.13992 40.3551 264.661 -1.15104 305 0 
6.72148 0 0 0 0 265.167 263.519 -4.50464 -6.13992 40.3551 264.661 -1.15104 305 0 
6.73156 0 0 0 0 265.167 263.519 -4.50464 -6.13992 40.3551 264.661 -1.15104 305 0 
6.74164 0 0 0 0 265.167 263.519 -4.50464 -6.13992 40.3551 264.661 -1.15104 305 0 
6.75172 0 0 0 0 265.167 263.519 -4.50464 -6.13992 40.3551 264.661 -1.15104 305 0 
6.76183 0 0 0 0 265.167 263.519 -4.50464 -6.13992 40.3551 264.661 -1.15104 305 0 
6.77192 0 0 0 0 265.167 263.519 -4.50464 -6.13992 40.3551 264.661 -1.15104 305 0 
6.78378 0 0 0 0 265.167 263.519 -4.50464 -6.13992 40.3551 264.661 -1.15104 305 0 
6.79388 0 0 0 0 265.167 263.519 -4.50464 -6.13992 40.3551 264.661 -1.15104 305 0 
6.80397 0 0 0 0 265.167 263.519 -4.50464 -6.13992 40.3551 264.661 -1.15104 305 0 
6.81405 0 0 0 0 265.167 263.519 -4.50464 -6.13992 40.3551 264.661 -1.15104 305 0 
6.82412 0 0 0 0 265.167 263.519 -4.50464 -6.13992 40.3551 264.661 -1.15104 305 0 
6.83421 0 0 0 0 265.167 263.519 -4.50464 -6.13992 40.3551 264.661 -1.15104 305 0 
6.84429 0 0 0 0 265.167 263.519 -4.50464 -6.13992 40.3551 264.661 -1.15104 305 0 
6.85436 0 0 0 0 265.167 263.519 -4.50464 -6.13992 40.3551 264.661 -1.15104 305 0 
6.86444 0 0 0 0 265.167 263.519 -4.50464 -6.13992 40.3551 264.661 -1.15104 305 0 
6.87452 0 0 0 0 265.167 263.519 -4.50464 -6.13992 40.3551 264.661 -1.15104 305 0 
6.88461 0 0 0 0 265.167 263.519 -4.50464 -6.13992 40.3551 264.661 -1.15104 305 0 
6.89479 0 0 0 0 265.167 263.519 -4.50464 -6.13992 40.3551 264.661 -1.15104 305 0 
6.90488 0 0 0 0 265.167 263.519 -4.50464 -6.13992 40.3551 264.661 -1.15104 305 0 
6.91497 0 0 0 0 265.167 263.519 -4.50464 -6.13992 40.3551 264.661 -1.15104 305 0 
6.92506 0 0 0 0 265.167 263.519 -4.50464 -6.13992 40.3551 264.661 -1.15104 305 0 
6.93514 0 0 0 0 265.167 263.519 -4.50464 -6.13992 40.3551 264.661 -1.15104 305 0 
6.94522 0 0 0 0 265.167 263.519 -4.50464 -6.13992 40.3551 264.661 -1.15104 305 0 
6.9553 0 0 0 0 265.167 263.519 -4.50464 -6.13992 40.3551 264.661 -1.15104 305 0 
6.96538 0 0 0 0 265.167 263.519 -4.50464 -6.13992 40.3551 264.661 -1.15104 305 0 
6.97548 0 0 0 0 265.167 263.519 -4.50464 -6.13992 40.3551 264.661 -1.15104 305 0 
6.98556 0 0 0 0 265.167 263.519 -4.50464 -6.13992 40.3551 264.661 -1.15104 305 0 
6.99564 0 0 0 0 265.167 263.519 -4.50464 -6.13992 40.3551 264.661 -1.15104 305 0 
7.00572 0 0 0 0 265.167 263.519 -4.50464 -6.13992 40.3551 264.661 -1.15104 305 0 
7.0158 0 0 0 0 265.167 263.519 -4.50464 -6.13992 40.3551 264.661 -1.15104 305 0 
7.02589 0 0 0 0 265.167 263.519 -4.50464 -6.13992 40.3551 264.661 -1.15104 305 0 
7.03596 0 0 0 0 265.167 263.519 -4.50464 -6.13992 40.3551 264.661 -1.15104 305 0 
7.04604 0 0 0 0 265.167 263.519 -4.50464 -6.13992 40.3551 264.661 -1.15104 305 0 
7.05614 0 0 0 0 265.167 263.519 -4.50464 -6.13992 40.3551 264.661 -1.15104 305 0 
7.06623 0 0 0 0 265.167 263.519 -4.50464 -6.13992 40.3551 264.661 -1.15104 305 0 
7.07631 0 0 0 0 265.167 263.519 -4.50464 -6.13992 40.3551 264.661 -1.15104 305 0 
7.08639 0 0 0 0 265.167 263.519 -4.50464 -6.13992 40.3551 264.661 -1.15104 305 0 
7.09647 0 0 0 0 265.167 263.497 -4.56551 -6.1991 40.3662 264.65 -1.15016 305 0 
7.10655 0 0 0 0 265.167 263.474 -4.62639 -6.25825 40.3773 264.639 -1.14926 305 0 
7.11664 0 0 0 0 265.167 263.474 -4.62639 -6.25825 40.3773 264.639 -1.14926 305 0 
7.12672 0 0 0 0 265.167 263.474 -4.62639 -6.25825 40.3773 264.639 -1.14926 305 0 
7.1368 0 0 0 0 265.167 263.474 -4.62639 -6.25825 40.3773 264.639 -1.14926 305 0 
7.14692 0 0 0 0 265.167 263.474 -4.62639 -6.25825 40.3773 264.639 -1.14926 305 0 
7.15701 0 0 0 0 265.167 263.474 -4.62639 -6.25825 40.3773 264.639 -1.14926 305 0 
7.1671 0 0 0 0 265.167 263.474 -4.62639 -6.25825 40.3773 264.639 -1.14926 305 0 
7.17719 0 0 0 0 265.167 263.474 -4.62639 -6.25825 40.3773 264.639 -1.14926 305 0 
7.18728 0 0 0 0 265.167 263.474 -4.62639 -6.25825 40.3773 264.639 -1.14926 305 0 
7.19737 0 0 0 0 265.167 263.474 -4.62639 -6.25825 40.3773 264.639 -1.14926 305 0 
7.20745 0 0 0 0 265.167 263.474 -4.62639 -6.25825 40.3773 264.639 -1.14926 305 0 
7.21753 0 0 0 0 265.167 263.474 -4.62639 -6.25825 40.3773 264.639 -1.14926 305 0 
7.22761 0 0 0 0 265.167 263.474 -4.62639 -6.25825 40.3773 264.639 -1.14926 305 0 
7.2377 0 0 0 0 265.167 263.474 -4.62639 -6.25825 40.3773 264.639 -1.14926 305 0 
7.24778 0 0 0 0 265.167 263.474 -4.62639 -6.25825 40.3773 264.639 -1.14926 305 0 
7.25785 0 0 0 0 265.167 263.474 -4.62639 -6.25825 40.3773 264.639 -1.14926 305 0 
7.26793 0 0 0 0 265.167 263.474 -4.62639 -6.25825 40.3773 264.639 -1.14926 305 0 
7.27801 0 0 0 0 265.167 263.474 -4.62639 -6.25825 40.3773 264.639 -1.14926 305 0 
7.28809 0 0 0 0 265.167 263.474 -4.62639 -6.25825 40.3773 264.639 -1.14926 305 0 
7.29817 0 0 0 0 265.167 263.474 -4.62639 -6.25825 40.3773 264.639 -1.14926 305 0 
7.30825 0 0 0 0 265.167 263.474 -4.62639 -6.25825 40.3773 264.639 -1.14926 305 0 
7.31834 0 0 0 0 265.167 263.474 -4.62639 -6.25825 40.3773 264.639 -1.14926 305 0 
7.32842 0 0 0 0 265.167 263.474 -4.62639 -6.25825 40.3773 264.639 -1.14926 305 0 
7.3385 0 0 0 0 265.167 263.474 -4.62639 -6.25825 40.3773 264.639 -1.14926 305 0 
7.34858 0 0 0 0 265.167 263.474 -4.62639 -6.25825 40.3773 264.639 -1.14926 305 0 
7.35865 0 0 0 0 265.167 263.474 -4.62639 -6.25825 40.3773 264.639 -1.14926 305 0 
7.36875 0 0 0 0 265.167 263.474 -4.62639 -6.25825 40.3773 264.639 -1.14926 305 0 
7.37883 0 0 0 0 265.167 263.474 -4.62639 -6.25825 40.3773 264.639 -1.14926 305 0 
7.38891 0 0 0 0 265.167 263.474 -4.62639 -6.25825 40.3773 264.639 -1.14926 305 0 
7.39899 0 0 0 0 265.167 263.474 -4.62639 -6.25825 40.3773 264.639 -1.14926 305 0 
7.40907 0 0 0 0 265.167 263.474 -4.62639 -6.25825 40.3773 264.639 -1.14926 305 0 
7.41915 0 0 0 0 265.167 263.474 -4.62639 -6.25825 40.3773 264.639 -1.14926 305 0 
7.42923 0 0 0 0 265.167 263.474 -4.62639 -6.25825 40.3773 264.639 -1.14926 305 0 
7.43931 0 0 0 0 265.167 263.474 -4.62639 -6.25825 40.3773 264.639 -1.14926 305 0 
7.44941 0 0 0 0 265.167 263.474 -4.62639 -6.25825 40.3773 264.639 -1.14926 305 0 
7.4595 0 0 0 0 265.167 263.474 -4.62639 -6.25825 40.3773 264.639 -1.14926 305 0 
7.46958 0 0 0 0 265.167 263.474 -4.62639 -6.25825 40.3773 264.639 -1.14926 305 0 
7.47966 0 0 0 0 265.167 263.474 -4.62639 -6.25825 40.3773 264.639 -1.14926 305 0 
7.48974 0 0 0 0 265.167 263.474 -4.62639 -6.25825 40.3773 264.639 -1.14926 305 0 
7.49982 0 0 0 0 265.167 263.474 -4.62639 -6.25825 40.3773 264.639 -1.14926 305 0 
7.5099 0 0 0 0 265.167 263.474 -4.62639 -6.25825 40.3773 264.639 -1.14926 305 0 
7.51997 0 0 0 0 265.167 263.474 -4.62639 -6.25825 40.3773 264.639 -1.14926 305 0 
7.53005 0 0 0 0 265.167 263.474 -4.62639 -6.25825 40.3773 264.639 -1.14926 305 0 
7.54013 0 0 0 0 265.167 263.474 -4.62639 -6.25825 40.3773 264.639 -1.14926 305 0 
7.55021 0 0 0 0 265.167 263.474 -4.62639 -6.25825 40.3773 264.639 -1.14926 305 0 
7.56031 0 0 0 0 265.167 263.474 -4.62639 -6.25825 40.3773 264.639 -1.14926 305 0 
7.57039 0 0 0 0 265.167 263.474 -4.62639 -6.25825 40.3773 264.639 -1.14926 305 0 
7.58049 0 0 0 0 265.167 263.474 -4.62639 -6.25825 40.3773 264.639 -1.14926 305 0 
7.59059 0 0 0 0 265.167 263.474 -4.62639 -6.25825 40.3773 264.639 -1.14926 305 0 
7.60068 0 0 0 0 265.167 263.474 -4.62639 -6.25825 40.3773 264.639 -1.14926 305 0 
7.61076 0 0 0 0 265.167 263.474 -4.62639 -6.25825 40.3773 264.639 -1.14926 305 0 
7.62084 0 0 0 0 265.167 263.474 -4.62639 -6.25825 40.3773 264.639 -1.14926 305 0 
7.63092 0 0 0 0 265.167 263.474 -4.62639 -6.25825 40.3773 264.639 -1.14926 305 0 
7.641 0 0 0 0 265.167 263.474 -4.62639 -6.25825 40.3773 264.639 -1.14926 305 0 
7.65107 0 0 0 0 265.167 263.474 -4.62639 -6.25825 40.3773 264.639 -1.14926 305 0 
7.66115 0 0 0 0 265.167 263.474 -4.62639 -6.25825 40.3773 264.639 -1.14926 305 0 
7.67123 0 0 0 0 265.167 263.474 -4.62639 -6.25825 40.3773 264.639 -1.14926 305 0 
7.68131 0 0 0 0 265.167 263.474 -4.62639 -6.25825 40.3773 264.639 -1.14926 305 0 
7.69139 0 0 0 0 265.167 263.474 -4.62639 -6.25825 40.3773 264.639 -1.14926 305 0 
7.70147 0 0 0 0 265.167 263.474 -4.62639 -6.25825 40.3773 264.639 -1.14926 305 0 
7.71155 0 0 0 0 265.167 263.474 -4.62639 -6.25825 40.3773 264.639 -1.14926 305 0 
7.72164 0 0 0 0 265.167 263.474 -4.62639 -6.25825 40.3773 264.639 -1.14926 305 0 
7.73172 0 0 0 0 265.167 263.474 -4.62639 -6.25825 40.3773 264.639 -1.14926 305 0 
7.7418 0 0 0 0 265.167 263.474 -4.62639 -6.25825 40.3773 264.639 -1.14926 305 0 
7.75188 0 0 0 0 265.167 263.474 -4.62639 -6.25825 40.3773 264.639 -1.14926 305 0 
7.76197 0 0 0 0 265.167 263.474 -4.62639 -6.25825 40.3773 264.639 -1.14926 305 0 
7.77206 0 0 0 0 265.167 263.474 -4.62639 -6.25825 40.3773 264.639 -1.14926 305 0 
7.78214 0 0 0 0 265.167 263.474 -4.62639 -6.25825 40.3773 264.639 -1.14926 305 0 
7.79222 0 0 0 0 265.167 263.474 -4.62639 -6.25825 40.3773 264.639 -1.14926 305 0 
7.80231 0 0 0 0 265.167 263.474 -4.62639 -6.25825 40.3773 264.639 -1.14926 305 0 
7.81238 0 0 0 0 265.167 263.474 -4.62639 -6.25825 40.3773 264.639 -1.14926 305 0 
7.82247 0 0 0 0 265.167 263.474 -4.62639 -6.25825 40.3773 264.639 -1.14926 305 0 
7.83255 0 0 0 0 265.167 263.474 -4.62639 -6.25825 40.3773 264.639 -1.14926 305 0 
7.84263 0 0 0 0 265.167 263.474 -4.62639 -6.25825 40.3773 264.639 -1.14926 305 0 
7.85272 0 0 0 0 265.167 263.474 -4.62639 -6.25825 40.3773 264.639 -1.14926 305 0 
7.8628 0 0 0 0 265.167 263.474 -4.62639 -6.25825 40.3773 264.639 -1.14926 305 0 
7.87288 0 0 0 0 265.167 263.474 -4.62639 -6.25825 40.3773 264.639 -1.14926 305 0 
7.88298 0 0 0 0 265.167 263.474 -4.62639 -6.25825 40.3773 264.639 -1.14926 305 0 
7.89307 0 0 0 0 265.167 263.474 -4.62639 -6.25825 40.3773 264.639 -1.14926 305 0 
7.90315 0 0 0 0 265.167 263.474 -4.62639 -6.25825 40.3773 264.639 -1.14926 305 0 
7.91324 0 0 0 0 265.167 263.474 -4.62639 -6.25825 40.3773 264.639 -1.14926 305 0 
7.92331 0 0 0 0 265.167 263.474 -4.62639 -6.25825 40.3773 264.639 -1.14926 305 0 
7.93339 0 0 0 0 265.167 263.474 -4.62639 -6.25825 40.3773 264.639 -1.14926 305 0 
7.94347 0 0 0 0 265.167 263.474 -4.62639 -6.25825 40.3773 264.639 -1.14926 305 0 
7.95355 0 0 0 0 265.167 263.474 -4.62639 -6.25825 40.3773 264.639 -1.14926 305 0 
7.96363 0 0 0 0 265.167 263.474 -4.62639 -6.25825 40.3773 264.639 -1.14926 305 0 
7.97371 0 0 0 0 265.167 263.474 -4.62639 -6.25825 40.3773 264.639 -1.14926 305 0 
7.98381 0 0 0 0 265.167 263.474 -4.62639 -6.25825 40.3773 264.639 -1.14926 305 0 
7.9939 0 0 0 0 265.167 263.474 -4.62639 -6.25825 40.3773 264.639 -1.14926 305 0 
8.00398 0 0 0 0 265.167 263.474 -4.62639 -6.25825 40.3773 264.639 -1.14926 305 0 
8.01407 0 0 0 0 265.167 263.474 -4.62639 -6.25825 40.3773 264.639 -1.14926 305 0 
8.02415 0 0 0 0 265.167 263.474 -4.62639 -6.25825 40.3773 264.639 -1.14926 305 0 
8.03423 0 0 0 0 265.167 263.474 -4.62639 -6.25825 40.3773 264.639 -1.14926 305 0 
8.04431 0 0 0 0 265.167 263.474 -4.62639 -6.25825 40.3773 264.639 -1.14926 305 0 
8.05439 0 0 0 0 265.167 263.474 -4.62639 -6.25825 40.3773 264.639 -1.14926 305 0 
8.06448 0 0 0 0 265.167 263.474 -4.62639 -6.25825 40.3773 264.639 -1.14926 305 0 
8.07462 0 0 0 0 265.167 263.474 -4.62639 -6.25825 40.3773 264.639 -1.14926 305 0 
8.0847 0 0 0 0 265.167 263.474 -4.62639 -6.25825 40.3773 264.639 -1.14926 305 0 
8.09478 0 0 0 0 265.167 263.474 -4.62639 -6.25825 40.3773 264.639 -1.14926 305 0 
8.10486 0 0 0 0 265.167 263.474 -4.62639 -6.25825 40.3773 264.639 -1.14926 305 0 
8.11495 0 0 0 0 265.167 263.474 -4.62639 -6.25825 40.3773 264.639 -1.14926 305 0 
8.12503 0 0 0 0 265.167 263.474 -4.62639 -6.25825 40.3773 264.639 -1.14926 305 0 
8.13511 0 0 0 0 265.167 263.474 -4.62639 -6.25825 40.3773 264.639 -1.14926 305 0 
8.14519 0 0 0 0 265.167 263.474 -4.62639 -6.25825 40.3773 264.639 -1.14926 305 0 
8.15527 0 0 0 0 265.167 263.474 -4.62639 -6.25825 40.3773 264.639 -1.14926 305 0 
8.16537 0 0 0 0 265.167 263.474 -4.62639 -6.25825 40.3773 264.639 -1.14926 305 0 
8.17545 0 0 0 0 265.167 263.474 -4.62639 -6.25825 40.3773 264.639 -1.14926 305 0 
8.18553 0 0 0 0 265.167 263.474 -4.62639 -6.25825 40.3773 264.639 -1.14926 305 0 
8.19561 0 0 0 0 265.167 263.474 -4.62639 -6.25825 40.3773 264.639 -1.14926 305 0 
8.20569 0 0 0 0 265.167 263.474 -4.62639 -6.25825 40.3773 264.639 -1.14926 305 0 
8.21577 0 0 0 0 265.167 263.474 -4.62639 -6.25825 40.3773 264.639 -1.14926 305 0 
8.22585 0 0 0 0 265.167 263.474 -4.62639 -6.25825 40.3773 264.639 -1.14926 305 0 
8.23593 0 0 0 0 265.167 263.474 -4.62639 -6.25825 40.3773 264.639 -1.14926 305 0 
8.24602 0 0 0 0 265.167 263.474 -4.62639 -6.25825 40.3773 264.639 -1.14926 305 0 
8.25611 0 0 0 0 265.167 263.474 -4.62639 -6.25825 40.3773 264.639 -1.14926 305 0 
8.26619 0 0 0 0 265.167 263.474 -4.62639 -6.25825 40.3773 264.639 -1.14926 305 0 
8.27627 0 0 0 0 265.167 263.474 -4.62639 -6.25825 40.3773 264.639 -1.14926 305 0 
8.28635 0 0 0 0 265.167 263.474 -4.62639 -6.25825 40.3773 264.639 -1.14926 305 0 
8.29643 0 0 0 0 265.167 263.474 -4.62639 -6.25825 40.3773 264.639 -1.14926 305 0 
8.30651 0 0 0 0 265.167 263.474 -4.62639 -6.25825 40.3773 264.639 -1.14926 305 0 
8.31659 0 0 0 0 265.167 263.474 -4.62639 -6.25825 40.3773 264.639 -1.14926 305 0 
8.32667 0 0 0 0 265.167 263.474 -4.62639 -6.25825 40.3773 264.639 -1.14926 305 0 
8.33675 0 0 0 0 265.167 263.474 -4.62639 -6.25825 40.3773 264.639 -1.14926 305 0 
8.34683 0 0 0 0 265.167 263.474 -4.62639 -6.25825 40.3773 264.639 -1.14926 305 0 
8.35694 0 0 0 0 265.167 263.474 -4.62639 -6.25825 40.3773 264.639 -1.14926 305 0 
8.36701 0 0 0 0 265.167 263.474 -4.62639 -6.25825 40.3773 264.639 -1.14926 305 0 
8.37712 0 0 0 0 265.167 263.474 -4.62639 -6.25825 40.3773 264.639 -1.14926 305 0 
8.3872 0 0 0 0 265.167 263.474 -4.62639 -6.25825 40.3773 264.639 -1.14926 305 0 
8.39729 0 0 0 0 265.167 263.474 -4.62639 -6.25825 40.3773 264.639 -1.14926 305 0 
8.40737 0 0 0 0 265.167 263.474 -4.62639 -6.25825 40.3773 264.639 -1.14926 305 0 
8.41745 0 0 0 0 265.167 263.474 -4.62639 -6.25825 40.3773 264.639 -1.14926 305 0 
8.42753 0 0 0 0 265.167 263.474 -4.62639 -6.25825 40.3773 264.639 -1.14926 305 0 
8.43761 0 0 0 0 265.167 263.474 -4.62639 -6.25825 40.3773 264.639 -1.14926 305 0 
8.44769 0 0 0 0 265.167 263.474 -4.62639 -6.25825 40.3773 264.639 -1.14926 305 0 
8.45777 0 0 0 0 265.167 263.474 -4.62639 -6.25825 40.3773 264.639 -1.14926 305 0 
8.46784 0 0 0 0 265.167 263.474 -4.62639 -6.25825 40.3773 264.639 -1.14926 305 0 
8.47793 0 0 0 0 265.167 263.474 -4.62639 -6.25825 40.3773 264.639 -1.14926 305 0 
8.48801 0 0 0 0 265.167 263.474 -4.62639 -6.25825 40.3773 264.639 -1.14926 305 0 
8.49808 0 0 0 0 265.167 263.474 -4.62639 -6.25825 40.3773 264.639 -1.14926 305 0 
8.50816 0 0 0 0 265.167 263.474 -4.62639 -6.25825 40.3773 264.639 -1.14926 305 0 
8.51825 0 0 0 0 265.167 263.474 -4.62639 -6.25825 40.3773 264.639 -1.14926 305 0 
8.52833 0 0 0 0 265.167 263.474 -4.62639 -6.25825 40.3773 264.639 -1.14926 305 0 
8.53841 0 0 0 0 265.167 263.474 -4.62639 -6.25825 40.3773 264.639 -1.14926 305 0 
8.54849 0 0 0 0 265.167 263.474 -4.62639 -6.25825 40.3773 264.639 -1.14926 305 0 
8.55857 0 0 0 0 265.167 263.474 -4.62639 -6.25825 40.3773 264.639 -1.14926 305 0 
8.56865 0 0 0 0 265.167 263.474 -4.62639 -6.25825 40.3773 264.639 -1.14926 305 0 
8.57873 0 0 0 0 265.167 263.474 -4.62639 -6.25825 40.3773 264.639 -1.14926 305 0 
8.58881 0 0 0 0 265.167 263.474 -4.62639 -6.25825 40.3773 264.639 -1.14926 305 0 
8.59889 0 0 0 0 265.167 263.474 -4.62639 -6.25825 40.3773 264.639 -1.14926 305 0 
8.60897 0 0 0 0 265.167 263.474 -4.62639 -6.25825 40.3773 264.639 -1.14926 305 0 
8.61905 0 0 0 0 265.167 263.474 -4.62639 -6.25825 40.3773 264.639 -1.14926 305 0 
8.62914 0 0 0 0 265.167 263.474 -4.62639 -6.25825 40.3773 264.639 -1.14926 305 0 
8.63922 0 0 0 0 265.167 263.474 -4.62639 -6.25825 40.3773 264.639 -1.14926 305 0 
8.64931 0 0 0 0 265.167 263.474 -4.62639 -6.25825 40.3773 264.639 -1.14926 305 0 
8.65939 0 0 0 0 265.167 263.474 -4.62639 -6.25825 40.3773 264.639 -1.14926 305 0 
8.66947 0 0 0 0 265.167 263.474 -4.62639 -6.25825 40.3773 264.639 -1.14926 305 0 
8.67955 0 0 0 0 265.167 263.474 -4.62639 -6.25825 40.3773 264.639 -1.14926 305 0 
8.68963 0 0 0 0 265.167 263.474 -4.62639 -6.25825 40.3773 264.639 -1.14926 305 0 
8.69971 0 0 0 0 265.167 263.474 -4.62639 -6.25825 40.3773 264.639 -1.14926 305 0 
8.70979 0 0 0 0 265.167 263.474 -4.62639 -6.25825 40.3773 264.639 -1.14926 305 0 
8.71987 0 0 0 0 265.167 263.474 -4.62639 -6.25825 40.3773 264.639 -1.14926 305 0 
8.72995 0 0 0 0 265.167 263.474 -4.62639 -6.25825 40.3773 264.639 -1.14926 305 0 
8.74002 0 0 0 0 265.167 263.474 -4.62639 -6.25825 40.3773 264.639 -1.14926 305 0 
8.7501 0 0 0 0 265.167 263.474 -4.62639 -6.25825 40.3773 264.639 -1.14926 305 0 
8.76018 0 0 0 0 265.167 263.474 -4.62639 -6.25825 40.3773 264.639 -1.14926 305 0 
8.77026 0 0 0 0 265.167 263.474 -4.62639 -6.25825 40.3773 264.639 -1.14926 305 0 
8.78036 0 0 0 0 265.167 263.474 -4.62639 -6.25825 40.3773 264.639 -1.14926 305 0 
8.79045 0 0 0 0 265.167 263.474 -4.62639 -6.25825 40.3773 264.639 -1.14926 305 0 
8.80053 0 0 0 0 265.167 263.474 -4.62639 -6.25825 40.3773 264.639 -1.14926 305 0 
8.81061 0 0 0 0 265.167 263.474 -4.62639 -6.25825 40.3773 264.639 -1.14926 305 0 
8.82069 0 0 0 0 265.167 263.474 -4.62639 -6.25825 40.3773 264.639 -1.14926 305 0 
8.83078 0 0 0 0 265.167 263.474 -4.62639 -6.25825 40.3773 264.639 -1.14926 305 0 
8.84086 0 0 0 0 265.167 263.474 -4.62639 -6.25825 40.3773 264.639 -1.14926 305 0 
8.85094 0 0 0 0 265.167 263.474 -4.62639 -6.25825 40.3773 264.639 -1.14926 305 0 
8.86102 0 0 0 0 265.167 263.474 -4.62639 -6.25825 40.3773 264.639 -1.14926 305 0 
8.8711 0 0 0 0 265.167 263.474 -4.62639 -6.25825 40.3773 264.639 -1.14926 305 0 
8.88118 0 0 0 0 265.167 263.474 -4.62639 -6.25825 40.3773 264.639 -1.14926 305 0 
8.89126 0 0 0 0 265.167 263.474 -4.62639 -6.25825 40.3773 264.639 -1.14926 305 0 
8.90134 0 0 0 0 265.167 263.474 -4.62639 -6.25825 40.3773 264.639 -1.14926 305 0 
8.91143 0 0 0 0 265.167 263.474 -4.62639 -6.25825 40.3773 264.639 -1.14926 305 0 
8.92151 0 0 0 0 265.167 263.474 -4.62639 -6.25825 40.3773 264.639 -1.14926 305 0 
8.93513 0 0 0 0 265.167 263.474 -4.62639 -6.25825 40.3773 264.639 -1.14926 305 0 
8.94522 0 0 0 0 265.212 263.474 -4.74813 -6.38348 40.3551 264.661 -1.15108 305 0 
8.95531 0 0 0 0 265.256 263.474 -4.86988 -6.50879 40.3329 264.684 -1.15295 305 0 
8.96542 0.00104167 0 2.28958 0 265.301 263.474 -4.99163 -6.63416 40.3108 264.706 -1.15487 305 0 
8.97551 0 0 0 0 265.301 263.474 -4.99163 -6.63416 40.3108 264.706 -1.15487 305 0 
8.98559 0 0 0 0 265.301 263.474 -4.99163 -6.63416 40.3108 264.706 -1.15487 305 0 
8.99567 0 0 0 0 265.301 263.474 -4.99163 -6.63416 40.3108 264.706 -1.15487 305 0 
9.00575 0 0 0 0 265.301 263.474 -4.99163 -6.63416 40.3108 264.706 -1.15487 305 0 
9.01583 0 0 0 0 265.301 263.474 -4.99163 -6.63416 40.3108 264.706 -1.15487 305 0 
9.02591 0 0 0 0 265.301 263.474 -4.99163 -6.63416 40.3108 264.706 -1.15487 305 0 
9.03598 0 0 0 0 265.301 263.452 -5.0525 -6.6932 40.3219 264.695 -1.15389 305 0 
9.04609 0 0 0 0 265.301 263.452 -5.0525 -6.6932 40.3219 264.695 -1.15389 305 0 
9.05616 0 0 0 0 265.301 263.452 -5.0525 -6.6932 40.3219 264.695 -1.15389 305 0 
9.06624 0 0 0 0 265.301 263.452 -5.0525 -6.6932 40.3219 264.695 -1.15389 305 0 
9.07632 0 0 0 0 265.301 263.452 -5.0525 -6.6932 40.3219 264.695 -1.15389 305 0 
9.0864 0 0 0 0 265.301 263.452 -5.0525 -6.6932 40.3219 264.695 -1.15389 305 0 
9.09648 0 0 0 0 265.301 263.452 -5.0525 -6.6932 40.3219 264.695 -1.15389 305 0 
9.10656 0 0 0 0 265.301 263.452 -5.0525 -6.6932 40.3219 264.695 -1.15389 305 0 
9.11664 0 0 0 0 265.301 263.452 -5.0525 -6.6932 40.3219 264.695 -1.15389 305 0 
9.12672 0 0 0 0 265.301 263.452 -5.0525 -6.6932 40.3219 264.695 -1.15389 305 0 
9.1368 0 0 0 0 265.301 263.452 -5.0525 -6.6932 40.3219 264.695 -1.15389 305 0 
9.14688 0 0 0 0 265.301 263.452 -5.0525 -6.6932 40.3219 264.695 -1.15389 305 0 
9.15696 0 0 0 0 265.301 263.452 -5.0525 -6.6932 40.3219 264.695 -1.15389 305 0 
9.16704 0 0 0 0 265.301 263.452 -5.0525 -6.6932 40.3219 264.695 -1.15389 305 0 
9.17715 0 0 0 0 265.301 263.452 -5.0525 -6.6932 40.3219 264.695 -1.15389 305 0 
9.18723 0 0 0 0 265.278 263.452 -4.99163 -6.63048 40.3329 264.684 -1.15292 305 0 
9.19733 0 0 0 0 265.278 263.452 -4.99163 -6.63048 40.3329 264.684 -1.15292 305 0 
9.20741 0 0 0 0 265.278 263.452 -4.99163 -6.63048 40.3329 264.684 -1.15292 305 0 
9.21751 0 0 0 0 265.278 263.452 -4.99163 -6.63048 40.3329 264.684 -1.15292 305 0 
9.2276 0 0 0 0 265.278 263.452 -4.99163 -6.63048 40.3329 264.684 -1.15292 305 0 
9.23769 0 0 0 0 265.278 263.452 -4.99163 -6.63048 40.3329 264.684 -1.15292 305 0 
9.24777 0 0 0 0 265.256 263.452 -4.93076 -6.56779 40.344 264.672 -1.15195 305 0 
9.25785 0 0 0 0 265.256 263.452 -4.93076 -6.56779 40.344 264.672 -1.15195 305 0 
9.26793 0 0 0 0 265.256 263.452 -4.93076 -6.56779 40.344 264.672 -1.15195 305 0 
9.27801 0 0 0 0 265.256 263.452 -4.93076 -6.56779 40.344 264.672 -1.15195 305 0 
9.28811 0 0 0 0 265.256 263.452 -4.93076 -6.56779 40.344 264.672 -1.15195 305 0 
9.29819 0 0 0 0 265.256 263.452 -4.93076 -6.56779 40.344 264.672 -1.15195 305 0 
9.30982 0 0 0 0 265.234 263.452 -4.86988 -6.50511 40.3551 264.661 -1.151 305 0 
9.31992 0 0 0 0 265.234 263.452 -4.86988 -6.50511 40.3551 264.661 -1.151 305 0 
9.33 0 0 0 0 265.234 263.452 -4.86988 -6.50511 40.3551 264.661 -1.151 305 0 
9.34007 0 0 0 0 265.234 263.452 -4.86988 -6.50511 40.3551 264.661 -1.151 305 0 
9.35015 0 0 0 0 265.234 263.452 -4.86988 -6.50511 40.3551 264.661 -1.151 305 0 
9.36024 0 0 0 0 265.234 263.452 -4.86988 -6.50511 40.3551 264.661 -1.151 305 0 
9.37033 0 0 0 0 265.234 263.452 -4.86988 -6.50511 40.3551 264.661 -1.151 305 0 
9.38041 0 0 0 0 265.234 263.452 -4.86988 -6.50511 40.3551 264.661 -1.151 305 0 
9.39049 0 0 0 0 265.234 263.452 -4.86988 -6.50511 40.3551 264.661 -1.151 305 0 
9.40057 0 0 0 0 265.234 263.452 -4.86988 -6.50511 40.3551 264.661 -1.151 305 0 
9.41065 0 0 0 0 265.234 263.452 -4.86988 -6.50511 40.3551 264.661 -1.151 305 0 
9.42073 0 0 0 0 265.234 263.452 -4.86988 -6.50511 40.3551 264.661 -1.151 305 0 
9.43081 0 0 0 0 265.234 263.452 -4.86988 -6.50511 40.3551 264.661 -1.151 305 0 
9.44089 0 0 0 0 265.234 263.452 -4.86988 -6.50511 40.3551 264.661 -1.151 305 0 
9.45099 0 0 0 0 265.234 263.452 -4.86988 -6.50511 40.3551 264.661 -1.151 305 0 
9.46107 0 0 0 0 265.234 263.452 -4.86988 -6.50511 40.3551 264.661 -1.151 305 0 
9.47115 0 0 0 0 265.234 263.452 -4.86988 -6.50511 40.3551 264.661 -1.151 305 0 
9.48123 0 0 0 0 265.234 263.452 -4.86988 -6.50511 40.3551 264.661 -1.151 305 0 
9.49132 0 0 0 0 265.234 263.452 -4.86988 -6.50511 40.3551 264.661 -1.151 305 0 
9.5014 0 0 0 0 265.234 263.452 -4.86988 -6.50511 40.3551 264.661 -1.151 305 0 
9.51148 0 0 0 0 265.234 263.452 -4.86988 -6.50511 40.3551 264.661 -1.151 305 0 
9.52155 0 0 0 0 265.234 263.452 -4.86988 -6.50511 40.3551 264.661 -1.151 305 0 
9.53164 0 0 0 0 265.234 263.452 -4.86988 -6.50511 40.3551 264.661 -1.151 305 0 
9.54171 0 0 0 0 265.234 263.452 -4.86988 -6.50511 40.3551 264.661 -1.151 305 0 
9.55179 0 0 0 0 265.234 263.452 -4.86988 -6.50511 40.3551 264.661 -1.151 305 0 
9.56189 0 0 0 0 265.234 263.452 -4.86988 -6.50511 40.3551 264.661 -1.151 305 0 
9.572 0 0 0 0 265.234 263.452 -4.86988 -6.50511 40.3551 264.661 -1.151 305 0 
9.5821 0 0 0 0 265.234 263.452 -4.86988 -6.50511 40.3551 264.661 -1.151 305 0 
9.5922 0 0 0 0 265.234 263.452 -4.86988 -6.50511 40.3551 264.661 -1.151 305 0 
9.60228 0 0 0 0 265.234 263.452 -4.86988 -6.50511 40.3551 264.661 -1.151 305 0 
9.61236 0 0 0 0 265.234 263.452 -4.86988 -6.50511 40.3551 264.661 -1.151 305 0 
9.62244 0 0 0 0 265.234 263.452 -4.86988 -6.50511 40.3551 264.661 -1.151 305 0 
9.63252 0 0 0 0 265.234 263.452 -4.86988 -6.50511 40.3551 264.661 -1.151 305 0 
9.6426 0 0 0 0 265.234 263.452 -4.86988 -6.50511 40.3551 264.661 -1.151 305 0 
9.65268 0 0 0 0 265.234 263.452 -4.86988 -6.50511 40.3551 264.661 -1.151 305 0 
9.66276 0.00104167 0 2.28958 0 265.212 263.452 -4.80901 -6.44246 40.3662 264.65 -1.15006 305 0 
9.67284 0 0 0 0 265.212 263.452 -4.80901 -6.44246 40.3662 264.65 -1.15006 305 0 
9.68293 0 0 0 0 265.212 263.452 -4.80901 -6.44246 40.3662 264.65 -1.15006 305 0 
9.69303 0 0 0 0 265.212 263.452 -4.80901 -6.44246 40.3662 264.65 -1.15006 305 0 
9.7031 0 0 0 0 265.212 263.452 -4.80901 -6.44246 40.3662 264.65 -1.15006 305 0 
9.7132 0 0 0 0 265.212 263.452 -4.80901 -6.44246 40.3662 264.65 -1.15006 305 0 
9.72328 0 0 0 0 265.212 263.452 -4.80901 -6.44246 40.3662 264.65 -1.15006 305 0 
9.73337 0 0 0 0 265.212 263.452 -4.80901 -6.44246 40.3662 264.65 -1.15006 305 0 
9.74345 0 0 0 0 265.212 263.452 -4.80901 -6.44246 40.3662 264.65 -1.15006 305 0 
9.75354 0 0 0 0 265.212 263.452 -4.80901 -6.44246 40.3662 264.65 -1.15006 305 0 
9.76363 0 0 0 0 265.212 263.452 -4.80901 -6.44246 40.3662 264.65 -1.15006 305 0 
9.77372 0 0 0 0 265.212 263.452 -4.80901 -6.44246 40.3662 264.65 -1.15006 305 0 
9.7838 0 0 0 0 265.212 263.452 -4.80901 -6.44246 40.3662 264.65 -1.15006 305 0 
9.79387 0 0 0 0 265.212 263.452 -4.80901 -6.44246 40.3662 264.65 -1.15006 305 0 
9.80396 0 0 0 0 265.212 263.452 -4.80901 -6.44246 40.3662 264.65 -1.15006 305 0 
9.81404 0 0 0 0 265.212 263.452 -4.80901 -6.44246 40.3662 264.65 -1.15006 305 0 
9.82412 0 0 0 0 265.212 263.452 -4.80901 -6.44246 40.3662 264.65 -1.15006 305 0 
9.8342 0 0 0 0 265.212 263.452 -4.80901 -6.44246 40.3662 264.65 -1.15006 305 0 
9.84429 0 0 0 0 265.212 263.452 -4.80901 -6.44246 40.3662 264.65 -1.15006 305 0 
9.85437 0 0 0 0 265.212 263.452 -4.80901 -6.44246 40.3662 264.65 -1.15006 305 0 
9.86445 0 0 0 0 265.212 263.452 -4.80901 -6.44246 40.3662 264.65 -1.15006 305 0 
9.87453 0 0 0 0 265.212 263.452 -4.80901 -6.44246 40.3662 264.65 -1.15006 305 0 
9.88461 0 0 0 0 265.212 263.452 -4.80901 -6.44246 40.3662 264.65 -1.15006 305 0 
9.89469 0 0 0 0 265.212 263.452 -4.80901 -6.44246 40.3662 264.65 -1.15006 305 0 
9.90477 0 0 0 0 265.212 263.452 -4.80901 -6.44246 40.3662 264.65 -1.15006 305 0 
9.91485 0 0 0 0 265.212 263.452 -4.80901 -6.44246 40.3662 264.65 -1.15006 305 0 
9.92492 0 0 0 0 265.212 263.452 -4.80901 -6.44246 40.3662 264.65 -1.15006 305 0 
9.935 0 0 0 0 265.212 263.452 -4.80901 -6.44246 40.3662 264.65 -1.15006 305 0 
9.94508 0 0 0 0 265.212 263.452 -4.80901 -6.44246 40.3662 264.65 -1.15006 305 0 
9.95516 0 0 0 0 265.212 263.452 -4.80901 -6.44246 40.3662 264.65 -1.15006 305 0 
9.96523 0 0 0 0 265.212 263.452 -4.80901 -6.44246 40.3662 264.65 -1.15006 305 0 
9.97532 0 0 0 0 265.212 263.452 -4.80901 -6.44246 40.3662 264.65 -1.15006 305 0 
9.98544 0 0 0 0 265.212 263.452 -4.80901 -6.44246 40.3662 264.65 -1.15006 305 0 
9.99557 0 0 0 0 265.212 263.452 -4.80901 -6.44246 40.3662 264.65 -1.15006 305 0 
10.0056 0 0 0 0 265.212 263.452 -4.80901 -6.44246 40.3662 264.65 -1.15006 305 0 
10.0157 0 0 0 0 265.212 263.452 -4.80901 -6.44246 40.3662 264.65 -1.15006 305 0 
10.0259 0 0 0 0 265.212 263.452 -4.80901 -6.44246 40.3662 264.65 -1.15006 305 0 
10.036 0 0 0 0 265.212 263.452 -4.80901 -6.44246 40.3662 264.65 -1.15006 305 0 
10.046 0 0 0 0 265.212 263.452 -4.80901 -6.44246 40.3662 264.65 -1.15006 305 0 
10.0561 0 0 0 0 265.212 263.452 -4.80901 -6.44246 40.3662 264.65 -1.15006 305 0 
10.0662 0 0 0 0 265.212 263.452 -4.80901 -6.44246 40.3662 264.65 -1.15006 305 0 
10.0763 0 0 0 0 265.212 263.452 -4.80901 -6.44246 40.3662 264.65 -1.15006 305 0 
10.0864 0 0 0 0 265.212 263.452 -4.80901 -6.44246 40.3662 264.65 -1.15006 305 0 
10.0965 0 0 0 0 265.212 263.452 -4.80901 -6.44246 40.3662 264.65 -1.15006 305 0 
10.1066 0 0 0 0 265.212 263.452 -4.80901 -6.44246 40.3662 264.65 -1.15006 305 0 
10.1167 0 0 0 0 265.212 263.452 -4.80901 -6.44246 40.3662 264.65 -1.15006 305 0 
10.1268 0 0 0 0 265.212 263.452 -4.80901 -6.44246 40.3662 264.65 -1.15006 305 0 
10.1369 0 0 0 0 265.212 263.452 -4.80901 -6.44246 40.3662 264.65 -1.15006 305 0 
10.147 0 0 0 0 265.212 263.452 -4.80901 -6.44246 40.3662 264.65 -1.15006 305 0 
10.1571 0 0 0 0 265.212 263.452 -4.80901 -6.44246 40.3662 264.65 -1.15006 305 0 
10.1672 0 0 0 0 265.212 263.452 -4.80901 -6.44246 40.3662 264.65 -1.15006 305 0 
10.1773 0 0 0 0 265.212 263.452 -4.80901 -6.44246 40.3662 264.65 -1.15006 305 0 
10.1874 0 0 0 0 265.212 263.452 -4.80901 -6.44246 40.3662 264.65 -1.15006 305 0 
10.1975 0 0 0 0 265.212 263.452 -4.80901 -6.44246 40.3662 264.65 -1.15006 305 0 
10.2076 0 0 0 0 265.212 263.452 -4.80901 -6.44246 40.3662 264.65 -1.15006 305 0 
10.2177 0 0 0 0 265.212 263.452 -4.80901 -6.44246 40.3662 264.65 -1.15006 305 0 
10.2277 0 0 0 0 265.212 263.452 -4.80901 -6.44246 40.3662 264.65 -1.15006 305 0 
10.2378 0 0 0 0 265.212 263.452 -4.80901 -6.44246 40.3662 264.65 -1.15006 305 0 
10.2479 0 0 0 0 265.212 263.452 -4.80901 -6.44246 40.3662 264.65 -1.15006 305 0 
10.258 0 0 0 0 265.212 263.452 -4.80901 -6.44246 40.3662 264.65 -1.15006 305 0 
10.2681 0 0 0 0 265.212 263.452 -4.80901 -6.44246 40.3662 264.65 -1.15006 305 0 
10.2781 0 0 0 0 265.212 263.452 -4.80901 -6.44246 40.3662 264.65 -1.15006 305 0 
10.2882 0 0 0 0 265.212 263.452 -4.80901 -6.44246 40.3662 264.65 -1.15006 305 0 
10.2983 0 0 0 0 265.212 263.452 -4.80901 -6.44246 40.3662 264.65 -1.15006 305 0 
10.3084 0 0 0 0 265.212 263.452 -4.80901 -6.44246 40.3662 264.65 -1.15006 305 0 
10.3184 0 0 0 0 265.212 263.452 -4.80901 -6.44246 40.3662 264.65 -1.15006 305 0 
10.3285 0 0 0 0 265.212 263.452 -4.80901 -6.44246 40.3662 264.65 -1.15006 305 0 
10.3386 0 0 0 0 265.212 263.452 -4.80901 -6.44246 40.3662 264.65 -1.15006 305 0 
10.3487 0 0 0 0 265.212 263.452 -4.80901 -6.44246 40.3662 264.65 -1.15006 305 0 
10.3588 0 0 0 0 265.212 263.452 -4.80901 -6.44246 40.3662 264.65 -1.15006 305 0 
10.3689 0 0 0 0 265.212 263.452 -4.80901 -6.44246 40.3662 264.65 -1.15006 305 0 
10.3789 0 0 0 0 265.212 263.452 -4.80901 -6.44246 40.3662 264.65 -1.15006 305 0 
10.389 0 0 0 0 265.212 263.452 -4.80901 -6.44246 40.3662 264.65 -1.15006 305 0 
10.3991 0 0 0 0 265.212 263.452 -4.80901 -6.44246 40.3662 264.65 -1.15006 305 0 
10.4092 0 0 0 0 265.212 263.452 -4.80901 -6.44246 40.3662 264.65 -1.15006 305 0 
10.4193 0 0 0 0 265.212 263.452 -4.80901 -6.44246 40.3662 264.65 -1.15006 305 0 
10.4293 0 0 0 0 265.212 263.452 -4.80901 -6.44246 40.3662 264.65 -1.15006 305 0 
10.4394 0 0 0 0 265.212 263.452 -4.80901 -6.44246 40.3662 264.65 -1.15006 305 0 
10.4495 0 0 0 0 265.212 263.452 -4.80901 -6.44246 40.3662 264.65 -1.15006 305 0 
10.4595 0 0 0 0 265.212 263.452 -4.80901 -6.44246 40.3662 264.65 -1.15006 305 0 
10.4696 0 0 0 0 265.212 263.452 -4.80901 -6.44246 40.3662 264.65 -1.15006 305 0 
10.4797 0 0 0 0 265.212 263.452 -4.80901 -6.44246 40.3662 264.65 -1.15006 305 0 
10.4897 0 0 0 0 265.212 263.452 -4.80901 -6.44246 40.3662 264.65 -1.15006 305 0 
10.4998 0 0 0 0 265.212 263.452 -4.80901 -6.44246 40.3662 264.65 -1.15006 305 0 
10.5099 0 0 0 0 265.212 263.452 -4.80901 -6.44246 40.3662 264.65 -1.15006 305 0 
10.52 0 0 0 0 265.212 263.452 -4.80901 -6.44246 40.3662 264.65 -1.15006 305 0 
10.53 0 0 0 0 265.212 263.452 -4.80901 -6.44246 40.3662 264.65 -1.15006 305 0 
10.5401 0 0 0 0 265.212 263.452 -4.80901 -6.44246 40.3662 264.65 -1.15006 305 0 
10.5502 0 0 0 0 265.212 263.452 -4.80901 -6.44246 40.3662 264.65 -1.15006 305 0 
10.5602 0 0 0 0 265.212 263.452 -4.80901 -6.44246 40.3662 264.65 -1.15006 305 0 
10.5703 0 0 0 0 265.212 263.452 -4.80901 -6.44246 40.3662 264.65 -1.15006 305 0 
10.5804 0 0 0 0 265.212 263.452 -4.80901 -6.44246 40.3662 264.65 -1.15006 305 0 
10.5905 0 0 0 0 265.212 263.452 -4.80901 -6.44246 40.3662 264.65 -1.15006 305 0 
10.6006 0 0 0 0 265.212 263.452 -4.80901 -6.44246 40.3662 264.65 -1.15006 305 0 
10.6107 0 0 0 0 265.212 263.452 -4.80901 -6.44246 40.3662 264.65 -1.15006 305 0 
10.6208 0 0 0 0 265.212 263.452 -4.80901 -6.44246 40.3662 264.65 -1.15006 305 0 
10.6309 0 0 0 0 265.212 263.452 -4.80901 -6.44246 40.3662 264.65 -1.15006 305 0 
10.641 0 0 0 0 265.212 263.452 -4.80901 -6.44246 40.3662 264.65 -1.15006 305 0 
10.6511 0 0 0 0 265.212 263.452 -4.80901 -6.44246 40.3662 264.65 -1.15006 305 0 
10.6612 0 0 0 0 265.212 263.452 -4.80901 -6.44246 40.3662 264.65 -1.15006 305 0 
10.6713 0 0 0 0 265.212 263.452 -4.80901 -6.44246 40.3662 264.65 -1.15006 305 0 
10.6814 0 0 0 0 265.212 263.452 -4.80901 -6.44246 40.3662 264.65 -1.15006 305 0 
10.6915 0 0 0 0 265.212 263.452 -4.80901 -6.44246 40.3662 264.65 -1.15006 305 0 
10.7016 0 0 0 0 265.212 263.452 -4.80901 -6.44246 40.3662 264.65 -1.15006 305 0 
10.7116 0 0 0 0 265.212 263.452 -4.80901 -6.44246 40.3662 264.65 -1.15006 305 0 
10.7218 0 0 0 0 265.212 263.452 -4.80901 -6.44246 40.3662 264.65 -1.15006 305 0 
10.7318 0 0 0 0 265.212 263.452 -4.80901 -6.44246 40.3662 264.65 -1.15006 305 0 
10.7419 0 0 0 0 265.212 263.452 -4.80901 -6.44246 40.3662 264.65 -1.15006 305 0 
10.752 0 0 0 0 265.212 263.452 -4.80901 -6.44246 40.3662 264.65 -1.15006 305 0 
10.7621 0 0 0 0 265.212 263.452 -4.80901 -6.44246 40.3662 264.65 -1.15006 305 0 
10.7722 0 0 0 0 265.212 263.452 -4.80901 -6.44246 40.3662 264.65 -1.15006 305 0 
10.7823 0 0 0 0 265.212 263.452 -4.80901 -6.44246 40.3662 264.65 -1.15006 305 0 
10.7925 0 0 0 0 265.212 263.452 -4.80901 -6.44246 40.3662 264.65 -1.15006 305 0 
10.8026 0 0 0 0 265.212 263.452 -4.80901 -6.44246 40.3662 264.65 -1.15006 305 0 
10.8126 0 0 0 0 265.212 263.452 -4.80901 -6.44246 40.3662 264.65 -1.15006 305 0 
10.8227 0 0 0 0 265.212 263.452 -4.80901 -6.44246 40.3662 264.65 -1.15006 305 0 
10.8328 0 0 0 0 265.212 263.452 -4.80901 -6.44246 40.3662 264.65 -1.15006 305 0 
10.843 0 0 0 0 265.212 263.452 -4.80901 -6.44246 40.3662 264.65 -1.15006 305 0 
10.8531 0 0 0 0 265.212 263.452 -4.80901 -6.44246 40.3662 264.65 -1.15006 305 0 
10.8631 0 0 0 0 265.212 263.452 -4.80901 -6.44246 40.3662 264.65 -1.15006 305 0 
10.8733 0 0 0 0 265.212 263.452 -4.80901 -6.44246 40.3662 264.65 -1.15006 305 0 
10.8833 0 0 0 0 265.212 263.452 -4.80901 -6.44246 40.3662 264.65 -1.15006 305 0 
10.8934 0 0 0 0 265.212 263.452 -4.80901 -6.44246 40.3662 264.65 -1.15006 305 0 
10.9035 0 0 0 0 265.212 263.452 -4.80901 -6.44246 40.3662 264.65 -1.15006 305 0 
10.9136 0 0 0 0 265.212 263.452 -4.80901 -6.44246 40.3662 264.65 -1.15006 305 0 
10.9237 0 0 0 0 265.212 263.452 -4.80901 -6.44246 40.3662 264.65 -1.15006 305 0 
10.9338 0 0 0 0 265.212 263.452 -4.80901 -6.44246 40.3662 264.65 -1.15006 305 0 
10.9439 0 0 0 0 265.212 263.452 -4.80901 -6.44246 40.3662 264.65 -1.15006 305 0 
10.954 0 0 0 0 265.212 263.452 -4.80901 -6.44246 40.3662 264.65 -1.15006 305 0 
10.9641 0 0 0 0 265.212 263.452 -4.80901 -6.44246 40.3662 264.65 -1.15006 305 0 
10.9742 0 0 0 0 265.212 263.452 -4.80901 -6.44246 40.3662 264.65 -1.15006 305 0 
10.9843 0 0 0 0 265.212 263.452 -4.80901 -6.44246 40.3662 264.65 -1.15006 305 0 
10.9944 0 0 0 0 265.212 263.452 -4.80901 -6.44246 40.3662 264.65 -1.15006 305 0 
11.0045 0 0 0 0 265.212 263.452 -4.80901 -6.44246 40.3662 264.65 -1.15006 305 0 
11.0147 0 0 0 0 265.212 263.452 -4.80901 -6.44246 40.3662 264.65 -1.15006 305 0 
11.0247 0 0 0 0 265.212 263.452 -4.80901 -6.44246 40.3662 264.65 -1.15006 305 0 
11.0348 0 0 0 0 265.212 263.452 -4.80901 -6.44246 40.3662 264.65 -1.15006 305 0 
11.0449 0 0 0 0 265.212 263.452 -4.80901 -6.44246 40.3662 264.65 -1.15006 305 0 
11.0551 0 0 0 0 265.212 263.452 -4.80901 -6.44246 40.3662 264.65 -1.15006 305 0 
11.0652 0 0 0 0 265.212 263.452 -4.80901 -6.44246 40.3662 264.65 -1.15006 305 0 
11.0753 0 0 0 0 265.212 263.452 -4.80901 -6.44246 40.3662 264.65 -1.15006 305 0 
11.0854 0 0 0 0 265.212 263.452 -4.80901 -6.44246 40.3662 264.65 -1.15006 305 0 
11.0954 0 0 0 0 265.212 263.452 -4.80901 -6.44246 40.3662 264.65 -1.15006 305 0 
11.1056 0 0 0 0 265.212 263.452 -4.80901 -6.44246 40.3662 264.65 -1.15006 305 0 
11.1157 0 0 0 0 265.212 263.452 -4.80901 -6.44246 40.3662 264.65 -1.15006 305 0 
11.1258 0 0 0 0 265.212 263.452 -4.80901 -6.44246 40.3662 264.65 -1.15006 305 0 
11.1359 0 0 0 0 265.212 263.452 -4.80901 -6.44246 40.3662 264.65 -1.15006 305 0 
11.146 0 0 0 0 265.212 263.452 -4.80901 -6.44246 40.3662 264.65 -1.15006 305 0 
11.1561 0 0 0 0 265.212 263.452 -4.80901 -6.44246 40.3662 264.65 -1.15006 305 0 
11.1662 0 0 0 0 265.212 263.452 -4.80901 -6.44246 40.3662 264.65 -1.15006 305 0 
11.1763 0 0 0 0 265.212 263.452 -4.80901 -6.44246 40.3662 264.65 -1.15006 305 0 
11.1863 0 0 0 0 265.212 263.452 -4.80901 -6.44246 40.3662 264.65 -1.15006 305 0 
11.1964 0 0 0 0 265.212 263.452 -4.80901 -6.44246 40.3662 264.65 -1.15006 305 0 
11.2065 0 0 0 0 265.212 263.452 -4.80901 -6.44246 40.3662 264.65 -1.15006 305 0 
11.2166 0 0 0 0 265.212 263.452 -4.80901 -6.44246 40.3662 264.65 -1.15006 305 0 
11.2267 0 0 0 0 265.212 263.452 -4.80901 -6.44246 40.3662 264.65 -1.15006 305 0 
11.2368 0 0 0 0 265.212 263.452 -4.80901 -6.44246 40.3662 264.65 -1.15006 305 0 
11.2469 0 0 0 0 265.212 263.452 -4.80901 -6.44246 40.3662 264.65 -1.15006 305 0 
11.257 0 0 0 0 265.212 263.452 -4.80901 -6.44246 40.3662 264.65 -1.15006 305 0 
11.2671 0 0 0 0 265.212 263.452 -4.80901 -6.44246 40.3662 264.65 -1.15006 305 0 
11.2772 0 0 0 0 265.212 263.452 -4.80901 -6.44246 40.3662 264.65 -1.15006 305 0 
11.2873 0 0 0 0 265.212 263.452 -4.80901 -6.44246 40.3662 264.65 -1.15006 305 0 
11.2974 0 0 0 0 265.212 263.452 -4.80901 -6.44246 40.3662 264.65 -1.15006 305 0 
11.3075 0 0 0 0 265.212 263.452 -4.80901 -6.44246 40.3662 264.65 -1.15006 305 0 
11.3176 0 0 0 0 265.212 263.452 -4.80901 -6.44246 40.3662 264.65 -1.15006 305 0 
11.3277 0 0 0 0 265.212 263.452 -4.80901 -6.44246 40.3662 264.65 -1.15006 305 0 
11.3378 0 0 0 0 265.212 263.452 -4.80901 -6.44246 40.3662 264.65 -1.15006 305 0 
11.3479 0 0 0 0 265.212 263.452 -4.80901 -6.44246 40.3662 264.65 -1.15006 305 0 
11.358 0 0 0 0 265.212 263.452 -4.80901 -6.44246 40.3662 264.65 -1.15006 305 0 
11.3681 0 0 0 0 265.212 263.452 -4.80901 -6.44246 40.3662 264.65 -1.15006 305 0 
11.3782 0 0 0 0 265.212 263.452 -4.80901 -6.44246 40.3662 264.65 -1.15006 305 0 
11.3883 0 0 0 0 265.212 263.452 -4.80901 -6.44246 40.3662 264.65 -1.15006 305 0 
11.3984 0 0 0 0 265.212 263.452 -4.80901 -6.44246 40.3662 264.65 -1.15006 305 0 
11.4085 0 0 0 0 265.212 263.452 -4.80901 -6.44246 40.3662 264.65 -1.15006 305 0 
11.4186 0 0 0 0 265.212 263.452 -4.80901 -6.44246 40.3662 264.65 -1.15006 305 0 
11.4287 0 0 0 0 265.212 263.452 -4.80901 -6.44246 40.3662 264.65 -1.15006 305 0 
11.4388 0 0 0 0 265.212 263.452 -4.80901 -6.44246 40.3662 264.65 -1.15006 305 0 
11.4489 0 0 0 0 265.212 263.452 -4.80901 -6.44246 40.3662 264.65 -1.15006 305 0 
11.459 0 0 0 0 265.212 263.452 -4.80901 -6.44246 40.3662 264.65 -1.15006 305 0 
11.4691 0 0 0 0 265.212 263.452 -4.80901 -6.44246 40.3662 264.65 -1.15006 305 0 
11.4792 0 0 0 0 265.212 263.452 -4.80901 -6.44246 40.3662 264.65 -1.15006 305 0 
11.4894 0 0 0 0 265.212 263.452 -4.80901 -6.44246 40.3662 264.65 -1.15006 305 0 
11.4995 0 0 0 0 265.212 263.452 -4.80901 -6.44246 40.3662 264.65 -1.15006 305 0 
11.5096 0 0 0 0 265.212 263.452 -4.80901 -6.44246 40.3662 264.65 -1.15006 305 0 
11.5197 0 0 0 0 265.212 263.452 -4.80901 -6.44246 40.3662 264.65 -1.15006 305 0 
11.5298 0 0 0 0 265.212 263.452 -4.80901 -6.44246 40.3662 264.65 -1.15006 305 0 
11.5399 0 0 0 0 265.212 263.452 -4.80901 -6.44246 40.3662 264.65 -1.15006 305 0 
11.55 0 0 0 0 265.212 263.452 -4.80901 -6.44246 40.3662 264.65 -1.15006 305 0 
11.5601 0 0 0 0 265.212 263.452 -4.80901 -6.44246 40.3662 264.65 -1.15006 305 0 
11.5702 0 0 0 0 265.212 263.452 -4.80901 -6.44246 40.3662 264.65 -1.15006 305 0 
11.5803 0 0 0 0 265.212 263.452 -4.80901 -6.44246 40.3662 264.65 -1.15006 305 0 
11.5904 0 0 0 0 265.212 263.452 -4.80901 -6.44246 40.3662 264.65 -1.15006 305 0 
11.6005 0 0 0 0 265.212 263.452 -4.80901 -6.44246 40.3662 264.65 -1.15006 305 0 
11.6106 0 0 0 0 265.212 263.452 -4.80901 -6.44246 40.3662 264.65 -1.15006 305 0 
11.6207 0 0 0 0 265.212 263.452 -4.80901 -6.44246 40.3662 264.65 -1.15006 305 0 
11.6308 0 0 0 0 265.212 263.452 -4.80901 -6.44246 40.3662 264.65 -1.15006 305 0 
11.6409 0 0 0 0 265.212 263.452 -4.80901 -6.44246 40.3662 264.65 -1.15006 305 0 
11.651 0 0 0 0 265.212 263.452 -4.80901 -6.44246 40.3662 264.65 -1.15006 305 0 
11.661 0 0 0 0 265.212 263.452 -4.80901 -6.44246 40.3662 264.65 -1.15006 305 0 
11.6711 0 0 0 0 265.212 263.452 -4.80901 -6.44246 40.3662 264.65 -1.15006 305 0 
11.6812 0 0 0 0 265.212 263.452 -4.80901 -6.44246 40.3662 264.65 -1.15006 305 0 
11.6913 0 0 0 0 265.212 263.452 -4.80901 -6.44246 40.3662 264.65 -1.15006 305 0 
11.7014 0 0 0 0 265.212 263.452 -4.80901 -6.44246 40.3662 264.65 -1.15006 305 0 
11.7115 0 0 0 0 265.212 263.452 -4.80901 -6.44246 40.3662 264.65 -1.15006 305 0 
11.7216 0 0 0 0 265.212 263.452 -4.80901 -6.44246 40.3662 264.65 -1.15006 305 0 
11.7317 0 0 0 0 265.212 263.452 -4.80901 -6.44246 40.3662 264.65 -1.15006 305 0 
11.7418 0 0 0 0 265.212 263.452 -4.80901 -6.44246 40.3662 264.65 -1.15006 305 0 
11.7519 0 0 0 0 265.212 263.452 -4.80901 -6.44246 40.3662 264.65 -1.15006 305 0 
11.762 0 0 0 0 265.212 263.452 -4.80901 -6.44246 40.3662 264.65 -1.15006 305 0 
11.7721 0 0 0 0 265.212 263.452 -4.80901 -6.44246 40.3662 264.65 -1.15006 305 0 
11.7822 0 0 0 0 265.212 263.452 -4.80901 -6.44246 40.3662 264.65 -1.15006 305 0 
11.7922 0 0 0 0 265.212 263.452 -4.80901 -6.44246 40.3662 264.65 -1.15006 305 0 
11.8023 0 0 0 0 265.212 263.452 -4.80901 -6.44246 40.3662 264.65 -1.15006 305 0 
11.8124 0 0 0 0 265.212 263.452 -4.80901 -6.44246 40.3662 264.65 -1.15006 305 0 
11.8225 0 0 0 0 265.212 263.452 -4.80901 -6.44246 40.3662 264.65 -1.15006 305 0 
11.8326 0 0 0 0 265.212 263.452 -4.80901 -6.44246 40.3662 264.65 -1.15006 305 0 
11.8427 0 0 0 0 265.212 263.452 -4.80901 -6.44246 40.3662 264.65 -1.15006 305 0 
11.8528 0 0 0 0 265.212 263.452 -4.80901 -6.44246 40.3662 264.65 -1.15006 305 0 
11.8629 0 0 0 0 265.212 263.452 -4.80901 -6.44246 40.3662 264.65 -1.15006 305 0 
11.873 0 0 0 0 265.212 263.452 -4.80901 -6.44246 40.3662 264.65 -1.15006 305 0 
11.883 0 0 0 0 265.212 263.452 -4.80901 -6.44246 40.3662 264.65 -1.15006 305 0 
11.8931 0 0 0 0 265.212 263.452 -4.80901 -6.44246 40.3662 264.65 -1.15006 305 0 
11.9032 0 0 0 0 265.212 263.452 -4.80901 -6.44246 40.3662 264.65 -1.15006 305 0 
11.9133 0 0 0 0 265.212 263.452 -4.80901 -6.44246 40.3662 264.65 -1.15006 305 0 
11.9234 0 0 0 0 265.212 263.452 -4.80901 -6.44246 40.3662 264.65 -1.15006 305 0 
11.9335 0 0 0 0 265.212 263.452 -4.80901 -6.44246 40.3662 264.65 -1.15006 305 0 
11.9436 0 0 0 0 265.212 263.452 -4.80901 -6.44246 40.3662 264.65 -1.15006 305 0 
11.9537 0 0 0 0 265.212 263.452 -4.80901 -6.44246 40.3662 264.65 -1.15006 305 0 
11.9638 0 0 0 0 265.212 263.452 -4.80901 -6.44246 40.3662 264.65 -1.15006 305 0 
11.9739 0 0 0 0 265.212 263.452 -4.80901 -6.44246 40.3662 264.65 -1.15006 305 0 
11.984 0 0 0 0 265.212 263.452 -4.80901 -6.44246 40.3662 264.65 -1.15006 305 0 
11.9941 0 0 0 0 265.212 263.452 -4.80901 -6.44246 40.3662 264.65 -1.15006 305 0 
12.0042 0 0 0 0 265.212 263.452 -4.80901 -6.44246 40.3662 264.65 -1.15006 305 0 
12.0143 0 0 0 0 265.212 263.452 -4.80901 -6.44246 40.3662 264.65 -1.15006 305 0 
12.0244 0 0 0 0 265.212 263.452 -4.80901 -6.44246 40.3662 264.65 -1.15006 305 0 
12.0345 0 0 0 0 265.212 263.452 -4.80901 -6.44246 40.3662 264.65 -1.15006 305 0 
12.0446 0 0 0 0 265.212 263.452 -4.80901 -6.44246 40.3662 264.65 -1.15006 305 0 
12.0547 0 0 0 0 265.212 263.452 -4.80901 -6.44246 40.3662 264.65 -1.15006 305 0 
12.0648 0 0 0 0 265.212 263.452 -4.80901 -6.44246 40.3662 264.65 -1.15006 305 0 
12.0749 0 0 0 0 265.212 263.452 -4.80901 -6.44246 40.3662 264.65 -1.15006 305 0 
12.085 0 0 0 0 265.212 263.452 -4.80901 -6.44246 40.3662 264.65 -1.15006 305 0 
12.0951 0 0 0 0 265.212 263.452 -4.80901 -6.44246 40.3662 264.65 -1.15006 305 0 
12.1051 0 0 0 0 265.212 263.452 -4.80901 -6.44246 40.3662 264.65 -1.15006 305 0 
12.1152 0 0 0 0 265.212 263.452 -4.80901 -6.44246 40.3662 264.65 -1.15006 305 0 
12.1253 0 0 0 0 265.212 263.452 -4.80901 -6.44246 40.3662 264.65 -1.15006 305 0 
12.1354 0 0 0 0 265.212 263.452 -4.80901 -6.44246 40.3662 264.65 -1.15006 305 0 
12.1455 0 0 0 0 265.212 263.452 -4.80901 -6.44246 40.3662 264.65 -1.15006 305 0 
12.1556 0 0 0 0 265.212 263.452 -4.80901 -6.44246 40.3662 264.65 -1.15006 305 0 
12.1656 0 0 0 0 265.212 263.452 -4.80901 -6.44246 40.3662 264.65 -1.15006 305 0 
12.1757 0 0 0 0 265.212 263.452 -4.80901 -6.44246 40.3662 264.65 -1.15006 305 0 
12.1858 0 0 0 0 265.212 263.452 -4.80901 -6.44246 40.3662 264.65 -1.15006 305 0 
12.1959 0 0 0 0 265.212 263.452 -4.80901 -6.44246 40.3662 264.65 -1.15006 305 0 
12.206 0 0 0 0 265.212 263.452 -4.80901 -6.44246 40.3662 264.65 -1.15006 305 0 
12.2161 0 0 0 0 265.212 263.452 -4.80901 -6.44246 40.3662 264.65 -1.15006 305 0 
12.2261 0 0 0 0 265.212 263.452 -4.80901 -6.44246 40.3662 264.65 -1.15006 305 0 
12.2362 0 0 0 0 265.212 263.452 -4.80901 -6.44246 40.3662 264.65 -1.15006 305 0 
12.2463 0 0 0 0 265.212 263.452 -4.80901 -6.44246 40.3662 264.65 -1.15006 305 0 
12.2564 0 0 0 0 265.212 263.452 -4.80901 -6.44246 40.3662 264.65 -1.15006 305 0 
12.2665 0 0 0 0 265.212 263.452 -4.80901 -6.44246 40.3662 264.65 -1.15006 305 0 
12.2765 0 0 0 0 265.212 263.452 -4.80901 -6.44246 40.3662 264.65 -1.15006 305 0 
12.2866 0 0 0 0 265.212 263.452 -4.80901 -6.44246 40.3662 264.65 -1.15006 305 0 
12.2967 0 0 0 0 265.212 263.452 -4.80901 -6.44246 40.3662 264.65 -1.15006 305 0 
12.3068 0 0 0 0 265.212 263.452 -4.80901 -6.44246 40.3662 264.65 -1.15006 305 0 
12.3169 0 0 0 0 265.212 263.452 -4.80901 -6.44246 40.3662 264.65 -1.15006 305 0 
12.327 0 0 0 0 265.212 263.452 -4.80901 -6.44246 40.3662 264.65 -1.15006 305 0 
12.337 0 0 0 0 265.212 263.452 -4.80901 -6.44246 40.3662 264.65 -1.15006 305 0 
12.3471 0 0 0 0 265.212 263.452 -4.80901 -6.44246 40.3662 264.65 -1.15006 305 0 
12.3572 0 0 0 0 265.212 263.452 -4.80901 -6.44246 40.3662 264.65 -1.15006 305 0 
12.3673 0 0 0 0 265.212 263.452 -4.80901 -6.44246 40.3662 264.65 -1.15006 305 0 
12.3774 0 0 0 0 265.212 263.452 -4.80901 -6.44246 40.3662 264.65 -1.15006 305 0 
12.3875 0 0 0 0 265.212 263.452 -4.80901 -6.44246 40.3662 264.65 -1.15006 305 0 
12.3975 0 0 0 0 265.212 263.452 -4.80901 -6.44246 40.3662 264.65 -1.15006 305 0 
12.4076 0 0 0 0 265.212 263.452 -4.80901 -6.44246 40.3662 264.65 -1.15006 305 0 
12.4177 0 0 0 0 265.212 263.452 -4.80901 -6.44246 40.3662 264.65 -1.15006 305 0 
12.4278 0 0 0 0 265.212 263.452 -4.80901 -6.44246 40.3662 264.65 -1.15006 305 0 
12.4379 0 0 0 0 265.212 263.452 -4.80901 -6.44246 40.3662 264.65 -1.15006 305 0 
12.448 0 0 0 0 265.212 263.452 -4.80901 -6.44246 40.3662 264.65 -1.15006 305 0 
12.458 0 0 0 0 265.212 263.452 -4.80901 -6.44246 40.3662 264.65 -1.15006 305 0 
12.4681 0 0 0 0 265.212 263.452 -4.80901 -6.44246 40.3662 264.65 -1.15006 305 0 
12.4782 0 0 0 0 265.212 263.452 -4.80901 -6.44246 40.3662 264.65 -1.15006 305 0 
12.4883 0 0 0 0 265.212 263.452 -4.80901 -6.44246 40.3662 264.65 -1.15006 305 0 
12.4984 0 0 0 0 265.212 263.452 -4.80901 -6.44246 40.3662 264.65 -1.15006 305 0 
12.5084 0 0 0 0 265.212 263.452 -4.80901 -6.44246 40.3662 264.65 -1.15006 305 0 
12.5185 0 0 0 0 265.212 263.452 -4.80901 -6.44246 40.3662 264.65 -1.15006 305 0 
12.5286 0 0 0 0 265.212 263.452 -4.80901 -6.44246 40.3662 264.65 -1.15006 305 0 
12.5387 0 0 0 0 265.212 263.452 -4.80901 -6.44246 40.3662 264.65 -1.15006 305 0 
12.5488 0 0 0 0 265.212 263.452 -4.80901 -6.44246 40.3662 264.65 -1.15006 305 0 
12.5589 0 0 0 0 265.212 263.452 -4.80901 -6.44246 40.3662 264.65 -1.15006 305 0 
12.5689 0 0 0 0 265.212 263.452 -4.80901 -6.44246 40.3662 264.65 -1.15006 305 0 
12.579 0 0 0 0 265.212 263.452 -4.80901 -6.44246 40.3662 264.65 -1.15006 305 0 
12.5891 0 0 0 0 265.212 263.452 -4.80901 -6.44246 40.3662 264.65 -1.15006 305 0 
12.5992 0 0 0 0 265.212 263.452 -4.80901 -6.44246 40.3662 264.65 -1.15006 305 0 
12.6093 0 0 0 0 265.212 263.452 -4.80901 -6.44246 40.3662 264.65 -1.15006 305 0 
12.6194 0 0 0 0 265.212 263.452 -4.80901 -6.44246 40.3662 264.65 -1.15006 305 0 
12.6294 0 0 0 0 265.212 263.452 -4.80901 -6.44246 40.3662 264.65 -1.15006 305 0 
12.6395 0 0 0 0 265.212 263.452 -4.80901 -6.44246 40.3662 264.65 -1.15006 305 0 
12.6496 0 0 0 0 265.212 263.452 -4.80901 -6.44246 40.3662 264.65 -1.15006 305 0 
12.6597 0 0 0 0 265.212 263.452 -4.80901 -6.44246 40.3662 264.65 -1.15006 305 0 
12.6698 0 0 0 0 265.212 263.452 -4.80901 -6.44246 40.3662 264.65 -1.15006 305 0 
12.6799 0 0 0 0 265.212 263.452 -4.80901 -6.44246 40.3662 264.65 -1.15006 305 0 
12.6899 0 0 0 0 265.212 263.452 -4.80901 -6.44246 40.3662 264.65 -1.15006 305 0 
12.7 0 0 0 0 265.212 263.452 -4.80901 -6.44246 40.3662 264.65 -1.15006 305 0 
12.7101 0 0 0 0 265.212 263.452 -4.80901 -6.44246 40.3662 264.65 -1.15006 305 0 
12.7202 0 0 0 0 265.212 263.452 -4.80901 -6.44246 40.3662 264.65 -1.15006 305 0 
12.7303 0 0 0 0 265.212 263.452 -4.80901 -6.44246 40.3662 264.65 -1.15006 305 0 
12.7404 0 0 0 0 265.212 263.452 -4.80901 -6.44246 40.3662 264.65 -1.15006 305 0 
12.7504 0 0 0 0 265.212 263.452 -4.80901 -6.44246 40.3662 264.65 -1.15006 305 0 
12.7605 0 0 0 0 265.212 263.452 -4.80901 -6.44246 40.3662 264.65 -1.15006 305 0 
12.7706 0 0 0 0 265.212 263.452 -4.80901 -6.44246 40.3662 264.65 -1.15006 305 0 
12.7807 0 0 0 0 265.212 263.452 -4.80901 -6.44246 40.3662 264.65 -1.15006 305 0 
12.7908 0 0 0 0 265.212 263.452 -4.80901 -6.44246 40.3662 264.65 -1.15006 305 0 
12.8009 0 0 0 0 265.212 263.452 -4.80901 -6.44246 40.3662 264.65 -1.15006 305 0 
9 258.441 -11.2007 -13.4485 44.7155 260.319 -1.75292 305 0 
9.32976 0 0 0 0 262.539 258.441 -11.2007 -13.4485 44.7155 260.319 -1.75292 305 0 
9.33985 0 0 0 0 262.539 258.441 -11.2007 -13.4485 44.7155 260.319 -1.75292 305 0 
9.34994 0 0 0 0 262.539 258.441 -11.2007 -13.4485 44.7155 260.319 -1.75292 305 0 
9.36002 0 0 0 0 262.539 258.441 -11.2007 -13.4485 44.7155 260.319 -1.75292 305 0 
9.3701 0 0 0 0 262.539 258.441 -11.2007 -13.4485 44.7155 260.319 -1.75292 305 0 
9.38018 0 0 0 0 262.539 258.441 -11.2007 -13.4485 44.7155 260.319 -1.75292 305 0 
9.39026 0 0 0 0 262.539 258.441 -11.2007 -13.4485 44.7155 260.319 -1.75292 305 0 
9.40033 0 0 0 0 262.539 258.441 -11.2007 -13.4485 44.7155 260.319 -1.75292 305 0 
9.41041 0 0 0 0 262.539 258.441 -11.2007 -13.4485 44.7155 260.319 -1.75292 305 0 
9.42049 0 0 0 0 262.539 258.441 -11.2007 -13.4485 44.7155 260.319 -1.75292 305 0 
9.43057 0 0 0 0 262.539 258.441 -11.2007 -13.4485 44.7155 260.319 -1.75292 305 0 
9.44064 0 0 0 0 262.539 258.441 -11.2007 -13.4485 44.7155 260.319 -1.75292 305 0 
9.45073 0 0 0 0 262.539 258.441 -11.2007 -13.4485 44.7155 260.319 -1.75292 305 0 
9.4608 0 0 0 0 262.539 258.441 -11.2007 -13.4485 44.7155 260.319 -1.75292 305 0 
9.47088 0 0 0 0 262.539 258.441 -11.2007 -13.4485 44.7155 260.319 -1.75292 305 0 
9.48096 0 0 0 0 262.539 258.441 -11.2007 -13.4485 44.7155 260.319 -1.75292 305 0 
9.49103 0 0 0 0 262.539 258.441 -11.2007 -13.4485 44.7155 260.319 -1.75292 305 0 
9.50111 0 0 0 0 262.539 258.441 -11.2007 -13.4485 44.7155 260.319 -1.75292 305 0 
9.51118 0 0 0 0 262.539 258.441 -11.2007 -13.4485 44.7155 260.319 -1.75292 305 0 
9.52126 0 0 0 0 262.539 258.441 -11.2007 -13.4485 44.7155 260.319 -1.75292 305 0 
9.53133 0 0 0 0 262.539 258.441 -11.2007 -13.4485 44.7155 260.319 -1.75292 305 0 
9.54141 0 0 0 0 262.539 258.441 -11.2007 -13.4485 44.7155 260.319 -1.75292 305 0 
9.55149 0 0 0 0 262.539 258.441 -11.2007 -13.4485 44.7155 260.319 -1.75292 305 0 
9.56157 0 0 0 0 262.539 258.441 -11.2007 -13.4485 44.7155 260.319 -1.75292 305 0 
9.57165 0 0 0 0 262.539 258.441 -11.2007 -13.4485 44.7155 260.319 -1.75292 305 0 
9.58173 0.00104167 0 2.28958 0 262.561 258.441 -11.2616 -13.5127 44.7047 260.33 -1.75509 305 0 
9.59181 0 0 0 0 262.606 258.441 -11.3833 -13.6412 44.683 260.352 -1.75946 305 0 
9.60189 0 0 0 0 262.65 258.441 -11.5051 -13.7697 44.6614 260.373 -1.76388 305 0 
9.61199 0 0 0 0 262.65 258.441 -11.5051 -13.7697 44.6614 260.373 -1.76388 305 0 
9.62207 0 0 0 0 262.65 258.441 -11.5051 -13.7697 44.6614 260.373 -1.76388 305 0 
9.63215 0 0 0 0 262.673 258.441 -11.566 -13.834 44.6505 260.384 -1.76611 305 0 
9.64224 0 0 0 0 262.673 258.441 -11.566 -13.834 44.6505 260.384 -1.76611 305 0 
9.65232 0 0 0 0 262.673 258.441 -11.566 -13.834 44.6505 260.384 -1.76611 305 0 
9.6624 0 0 0 0 262.673 258.441 -11.566 -13.834 44.6505 260.384 -1.76611 305 0 
9.67247 0 0 0 0 262.673 258.441 -11.566 -13.834 44.6505 260.384 -1.76611 305 0 
9.68255 0 0 0 0 262.673 258.441 -11.566 -13.834 44.6505 260.384 -1.76611 305 0 
9.69264 0 0 0 0 262.673 258.441 -11.566 -13.834 44.6505 260.384 -1.76611 305 0 
9.70272 0 0 0 0 262.673 258.441 -11.566 -13.834 44.6505 260.384 -1.76611 305 0 
9.71279 0 0 0 0 262.673 258.441 -11.566 -13.834 44.6505 260.384 -1.76611 305 0 
9.72287 0 0 0 0 262.673 258.441 -11.566 -13.834 44.6505 260.384 -1.76611 305 0 
9.73294 0 0 0 0 262.673 258.441 -11.566 -13.834 44.6505 260.384 -1.76611 305 0 
9.74303 0 0 0 0 262.673 258.441 -11.566 -13.834 44.6505 260.384 -1.76611 305 0 
9.75311 0 0 0 0 262.673 258.441 -11.566 -13.834 44.6505 260.384 -1.76611 305 0 
9.76319 0 0 0 0 262.673 258.441 -11.566 -13.834 44.6505 260.384 -1.76611 305 0 
9.77326 0 0 0 0 262.673 258.441 -11.566 -13.834 44.6505 260.384 -1.76611 305 0 
9.78334 0 0 0 0 262.673 258.441 -11.566 -13.834 44.6505 260.384 -1.76611 305 0 
9.79342 0 0 0 0 262.673 258.441 -11.566 -13.834 44.6505 260.384 -1.76611 305 0 
9.80349 0 0 0 0 262.673 258.441 -11.566 -13.834 44.6505 260.384 -1.76611 305 0 
9.81357 0 0 0 0 262.673 258.441 -11.566 -13.834 44.6505 260.384 -1.76611 305 0 
9.82365 0 0 0 0 262.673 258.441 -11.566 -13.834 44.6505 260.384 -1.76611 305 0 
9.83372 0 0 0 0 262.673 258.441 -11.566 -13.834 44.6505 260.384 -1.76611 305 0 
9.84381 0 0 0 0 262.673 258.441 -11.566 -13.834 44.6505 260.384 -1.76611 305 0 
9.85388 0 0 0 0 262.673 258.441 -11.566 -13.834 44.6505 260.384 -1.76611 305 0 
9.86396 0 0 0 0 262.673 258.441 -11.566 -13.834 44.6505 260.384 -1.76611 305 0 
9.87403 0 0 0 0 262.673 258.441 -11.566 -13.834 44.6505 260.384 -1.76611 305 0 
9.88411 0 0 0 0 262.673 258.441 -11.566 -13.834 44.6505 260.384 -1.76611 305 0 
9.89419 0 0 0 0 262.673 258.441 -11.566 -13.834 44.6505 260.384 -1.76611 305 0 
9.90427 0 0 0 0 262.673 258.441 -11.566 -13.834 44.6505 260.384 -1.76611 305 0 
9.91436 0 0 0 0 262.673 258.441 -11.566 -13.834 44.6505 260.384 -1.76611 305 0 
9.92443 0 0 0 0 262.673 258.441 -11.566 -13.834 44.6505 260.384 -1.76611 305 0 
9.93458 0 0 0 0 262.673 258.441 -11.566 -13.834 44.6505 260.384 -1.76611 305 0 
9.94465 0 0 0 0 262.673 258.441 -11.566 -13.834 44.6505 260.384 -1.76611 305 0 
9.95473 0 0 0 0 262.673 258.441 -11.566 -13.834 44.6505 260.384 -1.76611 305 0 
9.9648 0 0 0 0 262.673 258.441 -11.566 -13.834 44.6505 260.384 -1.76611 305 0 
9.97488 0 0 0 0 262.673 258.441 -11.566 -13.834 44.6505 260.384 -1.76611 305 0 
9.98496 0 0 0 0 262.673 258.441 -11.566 -13.834 44.6505 260.384 -1.76611 305 0 
9.99504 0 0 0 0 262.673 258.441 -11.566 -13.834 44.6505 260.384 -1.76611 305 0 
10.0051 0 0 0 0 262.673 258.441 -11.566 -13.834 44.6505 260.384 -1.76611 305 0 
10.0152 0 0 0 0 262.673 258.441 -11.566 -13.834 44.6505 260.384 -1.76611 305 0 
10.0253 0 0 0 0 262.673 258.441 -11.566 -13.834 44.6505 260.384 -1.76611 305 0 
10.0354 0 0 0 0 262.673 258.441 -11.566 -13.834 44.6505 260.384 -1.76611 305 0 
10.0455 0 0 0 0 262.673 258.441 -11.566 -13.834 44.6505 260.384 -1.76611 305 0 
10.0555 0 0 0 0 262.673 258.441 -11.566 -13.834 44.6505 260.384 -1.76611 305 0 
10.0656 0 0 0 0 262.673 258.441 -11.566 -13.834 44.6505 260.384 -1.76611 305 0 
10.0757 0 0 0 0 262.673 258.441 -11.566 -13.834 44.6505 260.384 -1.76611 305 0 
10.0858 0 0 0 0 262.673 258.441 -11.566 -13.834 44.6505 260.384 -1.76611 305 0 
10.0959 0 0 0 0 262.673 258.441 -11.566 -13.834 44.6505 260.384 -1.76611 305 0 
10.106 0 0 0 0 262.673 258.441 -11.566 -13.834 44.6505 260.384 -1.76611 305 0 
10.116 0 0 0 0 262.673 258.441 -11.566 -13.834 44.6505 260.384 -1.76611 305 0 
