0 0 0 0 0 0 0 0 0 0 0 0 0 0
0.01 0 0 0 0 0 0 0 0 305 0 0 305 0 
0.045698 0.003125 0.00104167 6.86875 2.28958 0.111359 -0.0222717 -0.365241 -0.365268 304.955 0.0445997 -0.000142082 305 0 
0.055889 0.00416667 0.003125 9.15833 6.86875 0.200445 0.0445434 -0.426115 -0.426243 304.877 0.122648 -0.000680809 305 0 
0.066004 0.00520833 0.00416667 11.4479 9.15833 0.311804 0.13363 -0.486988 -0.487267 304.777 0.222995 -0.00148002 305 0 
0.076132 0.00625 0.00520833 13.7375 11.4479 0.445434 0.244989 -0.547862 -0.548348 304.654 0.34564 -0.00258706 305 0 
0.0863 0.00729167 0.00625 16.0271 13.7375 0.601336 0.378619 -0.608735 -0.609497 304.509 0.490582 -0.00404931 305 0 
0.096394 0 0.00208333 0 4.57917 0.601336 0.423163 -0.486988 -0.487791 304.487 0.512881 -0.00426243 305 0 
0.106564 0.009375 0.00833333 20.6063 18.3167 0.801782 0.601336 -0.547862 -0.548987 304.298 0.702424 -0.00597332 305 0 
0.116697 0.0104167 0.009375 22.8958 20.6063 1.0245 0.824053 -0.547862 -0.54939 304.075 0.925413 -0.00810453 305 0 
0.12681 0.0104167 0.0104167 22.8958 22.8958 1.24722 1.04677 -0.547862 -0.549793 303.852 1.1484 -0.0102357 305 0 
0.136941 0.0114583 0.0114583 25.1854 25.1854 1.4922 1.29176 -0.547862 -0.550237 303.606 1.39369 -0.0125801 305 0 
0.147081 0.0114583 0.0114583 25.1854 25.1854 1.75947 1.55902 -0.547862 -0.550722 303.339 1.66128 -0.0151375 305 0 
0.157196 0.0135417 0.0135417 29.7646 29.7646 2.049 1.84855 -0.547862 -0.551249 303.049 1.95117 -0.0179081 305 0 
0.167292 0.0135417 0.0125 29.7646 27.475 2.33853 2.11581 -0.608735 -0.612658 302.77 2.2299 -0.0207201 305 0 
0.177428 0.0135417 0.0145833 29.7646 32.0542 2.62806 2.44989 -0.486988 -0.491481 302.458 2.54209 -0.0237038 305 0 
0.187563 0.0145833 0.015625 32.0542 34.3438 2.96214 2.78396 -0.486988 -0.492025 302.123 2.87658 -0.0265454 305 0 
0.197682 0.015625 0.0145833 34.3438 32.0542 3.29621 3.09577 -0.547862 -0.553458 301.8 3.19991 -0.029464 305 0 
0.207817 0.0145833 0.0166667 32.0542 36.6333 3.60802 3.45212 -0.426115 -0.432258 301.466 3.5344 -0.0323056 305 0 
0.217933 0.015625 0.0166667 34.3438 36.6333 3.96437 3.80846 -0.426115 -0.43277 301.109 3.89119 -0.0349578 305 0 
0.228066 0.0177083 0.0177083 38.9229 38.9229 4.34298 4.18708 -0.426115 -0.433315 300.73 4.27028 -0.0377758 305 0 
0.238215 0.0177083 0.0166667 38.9229 36.6333 4.7216 4.5657 -0.426115 -0.433862 300.351 4.64937 -0.0405937 305 0 
0.248337 0.0177083 0.01875 38.9229 41.2125 5.10022 4.96659 -0.365241 -0.373514 299.96 5.03961 -0.0432873 305 0 
0.258456 0.0177083 0.01875 38.9229 41.2125 5.50111 5.36748 -0.365241 -0.374014 299.559 5.441 -0.0458448 305 0 
0.268584 0.01875 0.0197917 41.2125 43.5021 5.902 5.81292 -0.243494 -0.252711 299.135 5.8647 -0.0480945 305 0 
0.278692 0.01875 0.0197917 41.2125 43.5021 6.32517 6.23608 -0.243494 -0.253069 298.712 6.28839 -0.0498942 305 0 
0.288812 0.0197917 0.0197917 43.5021 43.5021 6.74833 6.65924 -0.243494 -0.253429 298.288 6.71209 -0.0516939 305 0 
0.29892 0.0197917 0.0208333 43.5021 45.7917 7.19376 7.10468 -0.243494 -0.253808 297.842 7.15808 -0.0535883 305 0 
0.309029 0.0208333 0.021875 45.7917 48.0812 7.6392 7.57238 -0.182621 -0.193278 297.385 7.61523 -0.0552874 305 0 
0.319149 0.021875 0.021875 48.0812 48.0812 8.1069 8.04009 -0.182621 -0.193583 296.916 8.08353 -0.0567792 305 0 
0.329327 0.021875 0.0229167 48.0812 50.3708 8.57461 8.53007 -0.121747 -0.132973 296.437 8.56298 -0.0580521 305 0 
0.339455 0.0229167 0.0229167 50.3708 50.3708 9.08686 9.02004 -0.182621 -0.194124 295.935 9.06473 -0.0593841 305 0 
0.349581 0.0229167 0.0229167 50.3708 50.3708 9.57684 9.51002 -0.182621 -0.194446 295.445 9.55532 -0.060947 305 0 
0.359699 0.025 0.025 54.95 54.95 10.1114 10.0445 -0.182621 -0.194799 294.909 10.0905 -0.062652 305 0 
0.395362 0.0239583 0.0239583 52.6604 52.6604 11.8931 11.8486 -0.121747 -0.134932 293.114 11.8857 -0.0674177 305 0 
0.431102 0.0239583 0.0239583 52.6604 52.6604 13.6748 13.6526 -0.0608735 -0.0747024 291.319 13.6808 -0.0702771 305 0 
0.441244 0.0239583 0.0239583 52.6604 52.6604 14.1871 14.1648 -0.0608735 -0.0748342 290.806 14.1937 -0.0708218 305 0 
0.451414 0.0229167 0.0229167 50.3708 50.3708 14.6993 14.6548 -0.121747 -0.13589 290.305 14.6955 -0.071621 305 0 
0.487313 0.025 0.0239583 54.95 52.6604 16.5702 16.5033 -0.182621 -0.197837 288.443 16.5575 -0.0765643 305 0 
0.523027 0.01875 0.0197917 41.2125 43.5021 18.2628 18.2405 -0.0608735 -0.0769101 286.725 18.2746 -0.0802111 305 0 
0.55961 0.0166667 0.01875 36.6333 41.2125 19.8218 19.9332 0.304368 0.288935 285.098 19.9025 -0.0767537 305 0 
0.569731 0.0208333 0.021875 45.7917 48.0812 20.2895 20.4009 0.304368 0.28941 284.629 20.3708 -0.0742673 305 0 
0.579853 0.0229167 0.0239583 50.3708 52.6604 20.7795 20.9131 0.365241 0.350848 284.127 20.8725 -0.0713368 305 0 
0.603044 0.0239583 0.021875 52.6604 48.0812 21.8931 22.0045 0.304368 0.291225 283.024 21.9764 -0.0648899 305 0 
0.638934 0.01875 0.021875 41.2125 48.0812 23.5635 23.6971 0.365241 0.354023 281.34 23.66 -0.0550566 305 0 
0.661983 0.0229167 0.0239583 50.3708 52.6604 24.6993 24.8552 0.426115 0.416472 280.192 24.8084 -0.0471296 305 0 
0.685111 0.0229167 0.0229167 50.3708 50.3708 25.7684 25.9911 0.608735 0.601101 279.088 25.9122 -0.0371662 305 0 
0.708205 0.0229167 0.0229167 50.3708 50.3708 26.882 27.1269 0.669609 0.664533 277.962 27.0383 -0.0246099 305 0 
0.718335 0.021875 0.0239583 48.0812 52.6604 27.3719 27.6615 0.791356 0.787621 277.449 27.5511 -0.0180743 305 0 
0.741339 0.021875 0.021875 48.0812 48.0812 28.4633 28.7751 0.852229 0.851762 276.345 28.6549 -0.00225032 305 0 
0.764249 0.0229167 0.0229167 50.3708 50.3708 29.4878 29.8664 1.03485 1.03801 275.286 29.714 0.0151836 305 0 
0.774354 0.0229167 0.021875 50.3708 48.0812 29.9777 30.3341 0.973976 0.978896 274.807 30.1934 0.0235839 305 0 
0.784491 0.021875 0.0239583 48.0812 52.6604 30.4677 30.8463 1.03485 1.04162 274.305 30.695 0.0323748 305 0 
0.807669 0.0229167 0.0229167 50.3708 50.3708 31.6258 32.0045 1.03485 1.04604 273.146 31.8544 0.0533072 305 0 
0.830698 0.021875 0.0208333 48.0812 45.7917 32.7394 33.0735 0.913103 0.928247 272.053 32.947 0.0718718 305 0 
0.840813 0.025 0.0239583 54.95 52.6604 33.2739 33.5857 0.852229 0.869106 271.529 33.471 0.0799406 305 0 
0.877024 0.0177083 0.0177083 38.9229 38.9229 34.8775 35.2116 0.913103 0.935368 269.912 35.0875 0.104834 305 0 
0.913071 0.025 0.025 54.95 54.95 36.6147 37.0156 1.09572 1.12478 268.14 36.8601 0.135895 305 0 
0.948869 0.0239583 0.025 52.6604 54.95 38.3964 38.8419 1.21747 1.25456 266.334 38.666 0.172337 305 0 
0.971845 0.0239583 0.0239583 52.6604 52.6604 39.5546 40 1.21747 1.26005 265.175 39.8254 0.196963 305 0 
0.994885 0.0229167 0.0229167 50.3708 50.3708 40.6682 41.1136 1.21747 1.26537 264.06 40.9401 0.220641 305 0 
1.03086 0.025 0.0229167 54.95 50.3708 42.4944 42.8953 1.09572 1.15192 262.254 42.7461 0.257083 305 0 
1.05424 0.0229167 0.0239583 50.3708 52.6604 43.6303 44.0757 1.21747 1.27905 261.095 43.9054 0.280478 305 0 
1.09003 0.01875 0.0229167 41.2125 50.3708 45.3007 45.8352 1.46096 1.53182 259.378 45.6221 0.320589 305 0 
1.11331 0.0229167 0.0229167 50.3708 50.3708 46.4143 46.971 1.52184 1.5995 258.252 46.7478 0.349884 305 0 
1.12345 0.0229167 0.0239583 50.3708 52.6604 46.9042 47.4833 1.58271 1.66355 257.751 47.2494 0.363469 305 0 
1.14644 0.0229167 0.0229167 50.3708 50.3708 48.0178 48.6192 1.64359 1.73185 256.625 48.3751 0.395155 305 0 
1.16956 0.0229167 0.0229167 50.3708 50.3708 49.1537 49.755 1.64359 1.73956 255.488 49.5119 0.427759 305 0 
1.17967 0.0229167 0.0229167 50.3708 50.3708 49.6659 50.2673 1.64359 1.74306 254.976 50.0246 0.442463 305 0 
1.18977 0.0239583 0.0229167 52.6604 50.3708 50.1782 50.7572 1.58271 1.68556 254.474 50.5262 0.45658 305 0 
1.21273 0.0229167 0.0229167 50.3708 50.3708 51.314 51.9154 1.64359 1.75422 253.326 51.6742 0.488894 305 0 
1.23576 0.0229167 0.0239583 50.3708 52.6604 52.4276 53.0512 1.70446 1.82306 252.201 52.7998 0.521775 305 0 
1.26008 0.0229167 0.0229167 50.3708 50.3708 53.608 54.2316 1.70446 1.83164 251.019 53.9812 0.556912 305 0 
1.28314 0.021875 0.021875 48.0812 48.0812 54.7216 55.3452 1.70446 1.83981 249.905 55.0957 0.59006 305 0 
1.30611 0.0229167 0.0229167 50.3708 50.3708 55.8352 56.4588 1.70446 1.84805 248.791 56.2102 0.623208 305 0 
1.32917 0.0229167 0.0229167 50.3708 50.3708 56.9488 57.5724 1.70446 1.85637 247.676 57.3247 0.656355 305 0 
1.33929 0.0229167 0.0229167 50.3708 50.3708 57.461 58.0624 1.64359 1.79921 247.175 57.8263 0.671006 305 0 
1.34941 0.0229167 0.0239583 50.3708 52.6604 57.951 58.5746 1.70446 1.8638 246.673 58.3278 0.685656 305 0 
1.37257 0.0229167 0.0229167 50.3708 50.3708 59.0646 59.7105 1.76533 1.93336 245.548 59.4534 0.719733 305 0 
1.3955 0.0229167 0.0229167 50.3708 50.3708 60.1782 60.8241 1.76533 1.94218 244.433 60.5679 0.754064 305 0 
1.40564 0.0229167 0.0229167 50.3708 50.3708 60.6682 61.314 1.76533 1.94608 243.943 61.0583 0.76917 305 0 
1.41578 0.0229167 0.0229167 50.3708 50.3708 61.1804 61.804 1.70446 1.88916 243.441 61.5598 0.784353 305 0 
1.42588 0.0229167 0.0229167 50.3708 50.3708 61.6926 62.294 1.64359 1.83212 242.94 62.0613 0.799003 305 0 
1.43599 0.025 0.0239583 54.95 52.6604 62.2272 62.8285 1.64359 1.83616 242.405 62.5963 0.814346 305 0 
1.47197 0.0229167 0.0239583 50.3708 52.6604 64.0535 64.6325 1.58271 1.78893 240.589 64.413 0.865483 305 0 
1.49495 0.0239583 0.0239583 52.6604 52.6604 65.2116 65.7906 1.58271 1.79759 239.429 65.5722 0.897495 305 0 
1.51795 0.0229167 0.0229167 50.3708 50.3708 66.3252 66.9265 1.64359 1.8671 238.304 66.6979 0.929181 305 0 
1.5544 0.0229167 0.0239583 50.3708 52.6604 68.0846 68.7082 1.70446 1.9422 236.532 68.47 0.980945 305 0 
1.57738 0.021875 0.0229167 48.0812 50.3708 69.1982 69.8218 1.70446 1.95139 235.418 69.5845 1.01409 305 0 
1.61341 0.0229167 0.0229167 50.3708 50.3708 70.9577 71.559 1.64359 1.90491 233.668 71.3343 1.06521 305 0 
1.62355 0.0239583 0.0229167 52.6604 50.3708 71.4922 72.049 1.52184 1.78722 233.155 71.847 1.07936 305 0 
1.64661 0.0229167 0.0229167 50.3708 50.3708 72.6503 73.1626 1.40009 1.67393 232.019 72.9839 1.10835 305 0 
1.6698 0.0229167 0.0229167 50.3708 50.3708 73.7862 74.2984 1.40009 1.68218 230.882 74.1209 1.13612 305 0 
1.67992 0.0229167 0.0229167 50.3708 50.3708 74.2984 74.7884 1.33922 1.6249 230.38 74.6225 1.14811 305 0 
1.69004 0.0239583 0.0229167 52.6604 50.3708 74.8107 75.3007 1.33922 1.62852 229.868 75.1353 1.16009 305 0 
1.71302 0.0239583 0.0239583 52.6604 52.6604 75.9688 76.4365 1.27834 1.57567 228.72 76.2834 1.18631 305 0 
1.73602 0.0229167 0.021875 50.3708 48.0812 77.1047 77.5278 1.1566 1.46135 227.605 77.3982 1.20999 305 0 
1.77195 0.0229167 0.0229167 50.3708 50.3708 78.8864 79.265 1.03485 1.35052 225.844 79.1596 1.24366 305 0 
1.79504 0.0229167 0.0229167 50.3708 50.3708 80.0223 80.4232 1.09572 1.41845 224.696 80.3078 1.265 305 0 
1.80516 0.0229167 0.0229167 50.3708 50.3708 80.5345 80.9131 1.03485 1.36069 224.194 80.8095 1.27432 305 0 
1.81527 0.025 0.025 54.95 54.95 81.069 81.4477 1.03485 1.36394 223.659 81.3446 1.28398 305 0 
1.85113 0.0239583 0.0229167 52.6604 50.3708 82.8508 83.1849 0.913103 1.25254 221.898 83.106 1.31391 305 0 
1.88721 0.0239583 0.0229167 52.6604 50.3708 84.6325 84.9666 0.913103 1.26269 220.114 84.8898 1.34233 305 0 
1.89733 0.025 0.0239583 54.95 52.6604 85.167 85.4788 0.852229 1.20476 219.59 85.4138 1.3504 305 0 
1.93304 0.0239583 0.0239583 52.6604 52.6604 86.8597 87.1938 0.913103 1.2753 217.885 87.1195 1.37666 305 0 
1.95602 0.0229167 0.0229167 50.3708 50.3708 87.9733 88.3296 0.973976 1.34296 216.759 88.2455 1.3952 305 0 
1.99209 0.0229167 0.0229167 50.3708 50.3708 89.6214 90 1.03485 1.41444 215.098 89.9066 1.42431 305 0 
2.00226 0.0229167 0.025 50.3708 54.95 90.1114 90.5345 1.1566 1.53971 214.585 90.4194 1.43411 305 0 
2.02556 0.0229167 0.0229167 50.3708 50.3708 91.2695 91.6481 1.03485 1.42584 213.448 91.5565 1.45585 305 0 
2.04853 0.0229167 0.0229167 50.3708 50.3708 92.3831 92.7617 1.03485 1.43333 212.334 92.6713 1.47598 305 0 
2.05869 0.0229167 0.0229167 50.3708 50.3708 92.8731 93.2739 1.09572 1.49767 211.832 93.173 1.4853 305 0 
2.0688 0.0239583 0.0239583 52.6604 52.6604 93.4076 93.7862 1.03485 1.44043 211.308 93.697 1.49504 305 0 
2.10501 0.0229167 0.0229167 50.3708 50.3708 95.1002 95.5234 1.1566 1.57448 209.592 95.4137 1.52786 305 0 
2.14086 0.0229167 0.0229167 50.3708 50.3708 96.7261 97.1269 1.09572 1.52561 207.976 97.0302 1.55962 305 0 
2.15101 0.021875 0.0197917 48.0812 43.5021 97.1938 97.5724 1.03485 1.46803 207.519 97.4873 1.56811 305 0 
2.18672 0.0177083 0.0208333 38.9229 45.7917 98.7305 99.1091 1.03485 1.47899 205.98 99.0257 1.59589 305 0 
2.19684 0.025 0.0229167 54.95 50.3708 99.265 99.5991 0.913103 1.36079 205.468 99.5385 1.6046 305 0 
2.23283 0.0229167 0.0239583 50.3708 52.6604 101.002 101.403 1.09572 1.55604 203.695 101.311 1.63566 305 0 
2.26865 0.0197917 0.0239583 43.5021 52.6604 102.673 103.14 1.27834 1.75257 201.99 103.017 1.67098 305 0 
2.29163 0.01875 0.0197917 41.2125 43.5021 103.63 104.187 1.52184 2.00543 200.987 104.02 1.69549 305 0 
2.3148 0.0229167 0.0229167 50.3708 50.3708 104.766 105.301 1.46096 1.95568 199.862 105.146 1.72479 305 0 
2.35083 0.0229167 0.0229167 50.3708 50.3708 106.548 107.082 1.46096 1.97329 198.079 106.929 1.77025 305 0 
2.36096 0.0239583 0.0229167 52.6604 50.3708 107.06 107.572 1.40009 1.91735 197.577 107.431 1.78277 305 0 
2.38397 0.0229167 0.0229167 50.3708 50.3708 108.196 108.731 1.46096 1.98961 196.43 108.579 1.81142 305 0 
2.40696 0.021875 0.0208333 48.0812 45.7917 109.131 109.688 1.52184 2.06027 195.482 109.526 1.83608 305 0 
2.44286 0.0229167 0.0229167 50.3708 50.3708 110.735 111.381 1.76533 2.32234 193.833 111.176 1.88339 305 0 
2.47893 0.0239583 0.0229167 52.6604 50.3708 112.472 113.073 1.64359 2.2208 192.118 112.892 1.93443 305 0 
2.50191 0.0229167 0.021875 50.3708 48.0812 113.586 114.187 1.64359 2.23376 191.004 114.007 1.9664 305 0 
2.53782 0.0229167 0.0229167 50.3708 50.3708 115.323 115.947 1.70446 2.31557 189.254 115.756 2.01751 305 0 
2.56081 0.0229167 0.0229167 50.3708 50.3708 116.437 117.06 1.70446 2.32929 188.14 116.871 2.05066 305 0 
2.57095 0.0229167 0.0229167 50.3708 50.3708 116.927 117.572 1.76533 2.39647 187.639 117.372 2.06584 305 0 
2.58107 0.0239583 0.0229167 52.6604 50.3708 117.461 118.062 1.64359 2.28112 187.126 117.885 2.08109 305 0 
2.60428 0.0229167 0.021875 50.3708 48.0812 118.597 119.198 1.64359 2.29507 185.99 119.022 2.11369 305 0 
2.64009 0.0229167 0.0229167 50.3708 50.3708 120.356 120.958 1.64359 2.31701 184.23 120.783 2.1642 305 0 
2.66312 0.021875 0.0239583 48.0812 52.6604 121.448 121.982 1.46096 2.14726 183.171 121.842 2.19288 305 0 
2.69901 0.0229167 0.0229167 50.3708 50.3708 123.207 123.742 1.46096 2.1681 181.411 123.603 2.23777 305 0 
2.7349 0.0239583 0.0229167 52.6604 50.3708 124.855 125.39 1.46096 2.188 179.762 125.253 2.27982 305 0 
2.75786 0.0208333 0.0229167 45.7917 50.3708 125.902 126.437 1.46096 2.20083 178.715 126.3 2.30653 305 0 
2.78112 0.0229167 0.0229167 50.3708 50.3708 127.06 127.55 1.33922 2.09279 177.578 127.437 2.3343 305 0 
2.80425 0.0229167 0.021875 50.3708 48.0812 128.196 128.664 1.27834 2.04507 176.453 128.563 2.36001 305 0 
2.82725 0.0197917 0.0229167 43.5021 50.3708 129.243 129.777 1.46096 2.24087 175.372 129.644 2.38585 305 0 
2.86317 0.021875 0.0229167 48.0812 50.3708 130.913 131.47 1.52184 2.32375 173.69 131.327 2.42965 305 0 
2.87329 0.0229167 0.0229167 50.3708 50.3708 131.403 131.96 1.52184 2.33033 173.199 131.818 2.44267 305 0 
2.89639 0.0229167 0.021875 50.3708 48.0812 132.539 133.074 1.46096 2.28451 172.074 132.944 2.47197 305 0 
2.91945 0.0229167 0.0229167 50.3708 50.3708 133.653 134.187 1.46096 2.2994 170.96 134.058 2.50038 305 0 
2.94258 0.0229167 0.021875 50.3708 48.0812 134.766 135.278 1.40009 2.25327 169.857 135.162 2.52792 305 0 
2.96553 0.021875 0.021875 48.0812 48.0812 135.857 136.37 1.40009 2.26785 168.765 136.254 2.55461 305 0 
2.98852 0.0229167 0.0208333 50.3708 45.7917 136.949 137.416 1.27834 2.16019 167.696 137.324 2.57961 305 0 
3.01171 0.0208333 0.0229167 45.7917 50.3708 137.973 138.508 1.46096 2.35712 166.637 138.383 2.60492 305 0 
3.04762 0.0208333 0.0229167 45.7917 50.3708 139.644 140.2 1.52184 2.44236 164.955 140.066 2.64872 305 0 
3.05776 0.0239583 0.0229167 52.6604 50.3708 140.156 140.69 1.46096 2.38884 164.454 140.568 2.66177 305 0 
3.08069 0.0229167 0.021875 50.3708 48.0812 141.269 141.782 1.40009 2.3439 163.351 141.671 2.68931 305 0 
3.11661 0.0229167 0.0239583 50.3708 52.6604 142.962 143.519 1.52184 2.49118 161.635 143.388 2.73307 305 0 
3.13963 0.0229167 0.0229167 50.3708 50.3708 144.076 144.633 1.52184 2.50848 160.521 144.503 2.76267 305 0 
3.16272 0.021875 0.021875 48.0812 48.0812 145.189 145.746 1.52184 2.52602 159.407 145.617 2.79226 305 0 
3.19849 0.021875 0.0229167 48.0812 50.3708 146.904 147.372 1.27834 2.30801 157.736 147.289 2.83311 305 0 
3.22166 0.0229167 0.0229167 50.3708 50.3708 148.04 148.508 1.27834 2.32477 156.6 148.426 2.85847 305 0 
3.24468 0.021875 0.021875 48.0812 48.0812 149.154 149.599 1.21747 2.28018 155.497 149.53 2.8825 305 0 
3.2806 0.0229167 0.0229167 50.3708 50.3708 150.869 151.314 1.21747 2.30563 153.781 151.246 2.91896 305 0 
3.30356 0.0229167 0.021875 50.3708 48.0812 151.982 152.405 1.1566 2.26121 152.678 152.35 2.94182 305 0 
3.33945 0.0239583 0.0229167 52.6604 50.3708 153.719 154.12 1.09572 2.22587 150.951 154.078 2.97577 305 0 
3.37565 0.0239583 0.0239583 52.6604 52.6604 155.457 155.768 0.852229 2.00626 149.258 155.773 3.00456 305 0 
3.39862 0.0229167 0.021875 50.3708 48.0812 156.57 156.882 0.852229 2.02136 148.143 156.887 3.02114 305 0 
3.43449 0.0229167 0.0229167 50.3708 50.3708 158.285 158.619 0.913103 2.10644 146.416 158.615 3.04775 305 0 
3.45757 0.0229167 0.0229167 50.3708 50.3708 159.421 159.755 0.913103 2.12293 145.28 159.753 3.06586 305 0 
3.46768 0.0239583 0.0229167 52.6604 50.3708 159.933 160.245 0.852229 2.06931 144.778 160.254 3.07359 305 0 
3.49078 0.0229167 0.0229167 50.3708 50.3708 161.047 161.381 0.913103 2.14664 143.653 161.38 3.09093 305 0 
3.51387 0.0229167 0.021875 50.3708 48.0812 162.183 162.494 0.852229 2.10248 142.528 162.506 3.10827 305 0 
3.53683 0.021875 0.021875 48.0812 48.0812 163.274 163.586 0.852229 2.11872 141.436 163.599 3.12451 305 0 
3.56084 0.0229167 0.0229167 50.3708 50.3708 164.432 164.766 0.913103 2.19753 140.266 164.77 3.14254 305 0 
3.59677 0.0239583 0.0229167 52.6604 50.3708 166.169 166.526 0.973976 2.28655 138.516 166.52 3.17135 305 0 
3.61983 0.021875 0.021875 48.0812 48.0812 167.261 167.617 0.973976 2.30473 137.425 167.612 3.18991 305 0 
3.6557 0.0229167 0.0229167 50.3708 50.3708 168.975 169.332 0.973976 2.33388 135.709 169.329 3.21909 305 0 
3.69157 0.0229167 0.0229167 50.3708 50.3708 170.624 171.002 1.03485 2.42405 134.049 170.99 3.24819 305 0 
3.70168 0.0229167 0.0229167 50.3708 50.3708 171.114 171.514 1.09572 2.49414 133.548 171.492 3.25752 305 0 
3.7118 0.0229167 0.0239583 50.3708 52.6604 171.626 172.027 1.09572 2.50375 133.035 172.005 3.26732 305 0 
3.7348 0.0208333 0.0208333 45.7917 45.7917 172.695 173.118 1.1566 2.58539 131.955 173.086 3.28857 305 0 
3.77056 0.0229167 0.0239583 50.3708 52.6604 174.388 174.788 1.09572 2.55753 130.273 174.77 3.32164 305 0 
3.8067 0.025 0.0239583 54.95 52.6604 176.214 176.592 1.03485 2.53239 128.457 176.587 3.35541 305 0 
3.82974 0.0239583 0.021875 52.6604 48.0812 177.372 177.706 0.913103 2.43272 127.321 177.724 3.37474 305 0 
3.86545 0.021875 0.021875 48.0812 48.0812 179.02 179.421 1.09572 2.64915 125.639 179.407 3.40423 305 0 
3.88855 0.0229167 0.0229167 50.3708 50.3708 180.134 180.557 1.1566 2.73425 124.514 180.533 3.42636 305 0 
3.9244 0.021875 0.0239583 48.0812 52.6604 181.893 182.339 1.21747 2.83504 122.743 182.306 3.46306 305 0 
3.9602 0.0239583 0.0229167 52.6604 50.3708 183.697 184.098 1.09572 2.75419 120.961 184.089 3.49906 305 0 
3.9961 0.0239583 0.025 52.6604 54.95 185.479 185.924 1.21747 2.9186 119.157 185.895 3.5355 305 0 
4.01927 0.0239583 0.0239583 52.6604 52.6604 186.637 187.06 1.1566 2.88582 118.01 187.043 3.55928 305 0 
4.04289 0.0239583 0.0229167 52.6604 50.3708 187.773 188.196 1.1566 2.91389 116.875 188.18 3.58222 305 0 
4.06593 0.0229167 0.0208333 50.3708 45.7917 188.886 189.265 1.03485 2.81905 115.783 189.273 3.60311 305 0 
4.10164 0.0145833 0.0177083 32.0542 38.9229 190.445 190.891 1.21747 3.04229 114.191 190.867 3.63443 305 0 
4.12464 0.0229167 0.0229167 50.3708 50.3708 191.537 192.004 1.27834 3.13315 113.089 191.971 3.65846 305 0 
4.16059 0.021875 0.0229167 48.0812 50.3708 193.229 193.742 1.40009 3.30411 111.374 193.687 3.69857 305 0 
4.18355 0.0229167 0.0197917 50.3708 43.5021 194.254 194.788 1.46096 3.39631 110.339 194.724 3.72444 305 0 
4.21956 0.021875 0.0229167 48.0812 50.3708 195.746 196.37 1.70446 3.68952 108.803 196.262 3.76692 305 0 
4.25545 0.021875 0.0197917 48.0812 43.5021 197.439 197.996 1.52184 3.56266 107.145 197.923 3.81366 305 0 
4.27843 0.021875 0.0229167 48.0812 50.3708 198.419 199.042 1.70446 3.78019 106.133 198.937 3.84221 305 0 
4.30141 0.021875 0.0208333 48.0812 45.7917 199.532 200.111 1.58271 3.6971 105.042 200.029 3.87354 305 0 
4.32441 0.0229167 0.0229167 50.3708 50.3708 200.601 201.225 1.70446 3.85832 103.952 201.121 3.90486 305 0 
4.33452 0.0229167 0.021875 50.3708 48.0812 201.091 201.693 1.64359 3.81517 103.474 201.601 3.91886 305 0 
4.34464 0.0229167 0.0229167 50.3708 50.3708 201.581 202.205 1.70446 3.89477 102.973 202.102 3.93351 305 0 
4.35481 0.0229167 0.0229167 50.3708 50.3708 202.094 202.695 1.64359 3.8528 102.472 202.604 3.94816 305 0 
4.36499 0.0229167 0.0239583 50.3708 52.6604 202.606 203.229 1.70446 3.93362 101.949 203.128 3.96346 305 0 
4.38808 0.0239583 0.0229167 52.6604 50.3708 203.742 204.343 1.64359 3.91631 100.826 204.253 3.99634 305 0 
4.42405 0.0229167 0.0239583 50.3708 52.6604 205.501 206.125 1.70446 4.04776 99.0574 206.025 4.04811 305 0 
4.46005 0.0239583 0.0239583 52.6604 52.6604 207.283 207.884 1.64359 4.06004 97.289 207.797 4.09987 305 0 
4.48316 0.0239583 0.0229167 52.6604 50.3708 208.441 208.998 1.52184 3.98555 96.1545 208.934 4.13127 305 0 
4.50618 0.0229167 0.0229167 50.3708 50.3708 209.51 210.111 1.64359 4.15377 95.0645 210.027 4.16143 305 0 
4.52918 0.0208333 0.0208333 45.7917 45.7917 210.579 211.158 1.58271 4.13932 94.0081 211.085 4.19124 305 0 
4.56507 0.0229167 0.0229167 50.3708 50.3708 212.339 212.873 1.46096 4.09439 92.2731 212.824 4.23741 305 0 
4.60082 0.0239583 0.0229167 52.6604 50.3708 214.031 214.566 1.46096 4.17093 90.5827 214.518 4.2806 305 0 
4.6238 0.021875 0.0229167 48.0812 50.3708 215.122 215.679 1.52184 4.28358 89.4819 215.622 4.30931 305 0 
4.64684 0.0229167 0.0229167 50.3708 50.3708 216.08 216.659 1.58271 4.39169 88.5146 216.592 4.33558 305 0 
4.6699 0.0229167 0.0229167 50.3708 50.3708 217.194 217.773 1.58271 4.44766 87.4029 217.706 4.36636 305 0 
4.68001 0.0229167 0.0229167 50.3708 50.3708 217.684 218.263 1.58271 4.47274 86.9138 218.197 4.3799 305 0 
4.69012 0.0239583 0.0229167 52.6604 50.3708 218.196 218.753 1.52184 4.43764 86.4136 218.698 4.39349 305 0 
4.71309 0.0229167 0.0229167 50.3708 50.3708 219.332 219.866 1.46096 4.4349 85.2908 219.824 4.42278 305 0 
4.73614 0.0208333 0.0197917 45.7917 43.5021 220.401 220.913 1.40009 4.42935 84.2347 220.883 4.44921 305 0 
4.77209 0.0229167 0.0229167 50.3708 50.3708 222.116 222.606 1.33922 4.45932 82.5339 222.588 4.48997 305 0 
4.79524 0.01875 0.0208333 41.2125 45.7917 223.14 223.675 1.46096 4.63914 81.4891 223.636 4.51556 305 0 
4.81821 0.0197917 0.0208333 43.5021 45.7917 224.12 224.722 1.64359 4.88133 80.4779 224.65 4.54304 305 0 
4.82833 0.025 0.0229167 54.95 50.3708 224.655 225.212 1.52184 4.79047 79.9669 225.163 4.5572 305 0 
4.8514 0.021875 0.0208333 48.0812 45.7917 225.657 226.236 1.58271 4.91322 78.9558 226.177 4.58467 305 0 
4.8745 0.021875 0.0229167 48.0812 50.3708 226.726 227.35 1.70446 5.10468 77.8673 227.27 4.61599 305 0 
4.88462 0.0229167 0.0229167 50.3708 50.3708 227.238 227.84 1.64359 5.07667 77.3675 227.771 4.63064 305 0 
4.89474 0.0166667 0.0239583 36.6333 52.6604 227.595 228.352 2.0697 5.53264 76.9345 228.206 4.64472 305 0 
4.91781 0.01875 0.0208333 41.2125 45.7917 228.619 229.443 2.25232 5.79365 75.8805 229.264 4.68465 305 0 
4.94077 0.01875 0.0229167 41.2125 50.3708 229.621 230.557 2.55669 6.18203 74.827 230.323 4.72906 305 0 
4.95094 0.0197917 0.021875 43.5021 48.0812 230.067 231.047 2.67843 6.34302 74.3615 230.79 4.75044 305 0 
4.96106 0.0239583 0.0229167 52.6604 50.3708 230.601 231.559 2.61756 6.32685 73.8406 231.314 4.77464 305 0 
4.98423 0.0239583 0.0229167 52.6604 50.3708 231.782 232.717 2.55669 6.36721 72.677 232.483 4.82746 305 0 
4.99434 0.0229167 0.0239583 50.3708 52.6604 232.294 233.252 2.61756 6.47445 72.1563 233.007 4.8511 305 0 
5.03025 0.021875 0.0229167 48.0812 50.3708 233.942 234.922 2.67843 6.68827 70.5059 234.667 4.92782 305 0 
5.05342 0.021875 0.0229167 48.0812 50.3708 235.033 236.036 2.73931 6.85575 69.4097 235.769 4.97996 305 0 
5.06354 0.021875 0.021875 48.0812 48.0812 235.501 236.503 2.73931 6.9022 68.9448 236.237 5.00233 305 0 
5.07366 0.0229167 0.0229167 50.3708 50.3708 235.991 236.993 2.73931 6.95155 68.4577 236.727 5.02576 305 0 
5.08378 0.0239583 0.0239583 52.6604 52.6604 236.503 237.528 2.80018 7.06615 67.9376 237.25 5.05107 305 0 
5.11971 0.0229167 0.0208333 50.3708 45.7917 238.33 239.287 2.61756 7.07232 66.1561 239.044 5.13587 305 0 
5.15574 0.0239583 0.0239583 52.6604 52.6604 240.134 241.114 2.67843 7.33328 64.353 240.859 5.21979 305 0 
5.19184 0.025 0.025 54.95 54.95 241.982 242.962 2.67843 7.5498 62.5176 242.708 5.30624 305 0 
5.22766 0.0239583 0.025 52.6604 54.95 243.808 244.788 2.67843 7.77656 60.7053 244.535 5.39165 305 0 
5.25088 0.0229167 0.0229167 50.3708 50.3708 244.944 245.924 2.67843 7.92455 59.5787 245.671 5.44477 305 0 
5.28685 0.025 0.0229167 54.95 50.3708 246.726 247.661 2.55669 8.04159 57.834 247.43 5.52519 305 0 
5.30996 0.0229167 0.0229167 50.3708 50.3708 247.884 248.82 2.55669 8.20556 56.6861 248.589 5.57689 305 0 
5.333 0.01875 0.0229167 41.2125 50.3708 248.953 249.955 2.73931 8.55234 55.594 249.692 5.62786 305 0 
5.34314 0.0229167 0.021875 50.3708 48.0812 249.443 250.445 2.73931 8.6282 55.1089 250.182 5.65129 305 0 
5.35327 0.0229167 0.0229167 50.3708 50.3708 250.668 251.626 2.61756 8.69708 53.9184 251.385 5.70754 305 0 
5.3634 0.01875 0.0197917 41.2125 43.5021 252.383 253.341 2.61756 8.98195 52.2217 253.1 5.78592 305 0 
5.37353 0.0197917 0.0197917 43.5021 43.5021 254.053 255.011 2.61756 9.2778 50.5703 254.771 5.86226 305 0 
5.38365 0.01875 0.0177083 41.2125 38.9229 255.612 256.548 2.55669 9.5079 49.0412 256.319 5.93218 305 0 
5.39378 0.015625 0.015625 34.3438 34.3438 257.016 257.929 2.49581 9.72288 47.667 257.711 5.99358 305 0 
5.40391 0.0145833 0.0145833 32.0542 32.0542 258.285 259.198 2.49581 9.98788 46.4147 258.981 6.04891 305 0 
5.41404 0.0135417 0.0135417 29.7646 29.7646 259.465 260.312 2.31319 10.055 45.2837 260.129 6.09707 305 0 
5.42417 0.0114583 0.0114583 25.1854 25.1854 260.49 261.292 2.19145 10.1585 44.2958 261.131 6.13648 305 0 
5.43434 0.0104167 0.009375 22.8958 20.6063 261.403 262.138 2.00883 10.179 43.4288 262.012 6.16875 305 0 
5.44446 0.009375 0.00833333 20.6063 18.3167 262.16 262.873 1.94795 10.2948 42.6936 262.758 6.19452 305 0 
5.45459 0.00833333 0.00729167 18.3167 16.0271 262.829 263.474 1.76533 10.2655 42.0682 263.393 6.2151 305 0 
5.46472 0.00625 0.00520833 13.7375 11.4479 263.363 263.964 1.64359 10.2691 41.5635 263.906 6.23035 305 0 
5.47484 0.00416667 0.00416667 9.15833 9.15833 263.764 264.343 1.58271 10.3047 41.1796 264.296 6.24133 305 0 
5.48497 0.003125 0.00416667 6.86875 9.15833 264.098 264.655 1.52184 10.3247 40.8614 264.619 6.25009 305 0 
5.49509 0.00208333 0.00208333 4.57917 4.57917 264.343 264.833 1.33922 10.1951 40.653 264.831 6.25537 305 0 
5.50526 0.00104167 0.00104167 2.28958 2.28958 264.477 264.922 1.21747 10.1011 40.5432 264.943 6.25786 305 0 
5.51538 0 0 0 0 264.566 264.922 0.973976 9.86854 40.4993 264.987 6.25871 305 0 
5.52551 0 0 0 0 264.588 264.922 0.913103 9.81036 40.4883 264.998 6.2589 305 0 
5.53627 0 0 0 0 264.588 264.922 0.913103 9.81036 40.4883 264.998 6.2589 305 0 
5.54639 0 0 0 0 264.588 264.922 0.913103 9.81036 40.4883 264.998 6.2589 305 0 
5.55651 0 0 0 0 264.588 264.922 0.913103 9.81036 40.4883 264.998 6.2589 305 0 
5.56663 0 0 0 0 264.588 264.922 0.913103 9.81036 40.4883 264.998 6.2589 305 0 
5.57674 0 0 0 0 264.588 264.922 0.913103 9.81036 40.4883 264.998 6.2589 305 0 
5.58685 0 0 0 0 264.588 264.922 0.913103 9.81036 40.4883 264.998 6.2589 305 0 
5.59697 0 0 0 0 264.588 264.922 0.913103 9.81036 40.4883 264.998 6.2589 305 0 
5.60707 0 0 0 0 264.588 264.922 0.913103 9.81036 40.4883 264.998 6.2589 305 0 
5.6172 0 0 0 0 264.588 264.922 0.913103 9.81036 40.4883 264.998 6.2589 305 0 
5.62732 0 0 0 0 264.588 264.922 0.913103 9.81036 40.4883 264.998 6.2589 305 0 
5.63743 0 0 0 0 264.588 264.922 0.913103 9.81036 40.4883 264.998 6.2589 305 0 
5.64757 0 0 0 0 264.588 264.922 0.913103 9.81036 40.4883 264.998 6.2589 305 0 
5.65778 0 0 0 0 264.588 264.922 0.913103 9.81036 40.4883 264.998 6.2589 305 0 
5.66789 0 0 0 0 264.588 264.922 0.913103 9.81036 40.4883 264.998 6.2589 305 0 
5.67797 0 0 0 0 264.588 264.922 0.913103 9.81036 40.4883 264.998 6.2589 305 0 
5.68808 0 0 0 0 264.588 264.922 0.913103 9.81036 40.4883 264.998 6.2589 305 0 
5.69819 0 0 0 0 264.588 264.922 0.913103 9.81036 40.4883 264.998 6.2589 305 0 
5.70832 0 0 0 0 264.588 264.922 0.913103 9.81036 40.4883 264.998 6.2589 305 0 
5.71843 0 0 0 0 264.588 264.922 0.913103 9.81036 40.4883 264.998 6.2589 305 0 
5.72855 0 0 0 0 264.588 264.922 0.913103 9.81036 40.4883 264.998 6.2589 305 0 
5.73867 0 0 0 0 264.588 264.922 0.913103 9.81036 40.4883 264.998 6.2589 305 0 
5.74879 0 0 0 0 264.588 264.922 0.913103 9.81036 40.4883 264.998 6.2589 305 0 
5.75889 0 0 0 0 264.588 264.922 0.913103 9.81036 40.4883 264.998 6.2589 305 0 
5.76901 0 0 0 0 264.588 264.922 0.913103 9.81036 40.4883 264.998 6.2589 305 0 
5.77913 0 0 0 0 264.588 264.922 0.913103 9.81036 40.4883 264.998 6.2589 305 0 
5.78924 0 0 0 0 264.588 264.922 0.913103 9.81036 40.4883 264.998 6.2589 305 0 
5.79937 0 0 0 0 264.588 264.922 0.913103 9.81036 40.4883 264.998 6.2589 305 0 
5.80948 0 0 0 0 264.588 264.922 0.913103 9.81036 40.4883 264.998 6.2589 305 0 
5.8196 0 0 0 0 264.588 264.922 0.913103 9.81036 40.4883 264.998 6.2589 305 0 
5.82972 0 0 0 0 264.588 264.922 0.913103 9.81036 40.4883 264.998 6.2589 305 0 
5.83984 0 0 0 0 264.588 264.922 0.913103 9.81036 40.4883 264.998 6.2589 305 0 
5.84997 0 0 0 0 264.588 264.922 0.913103 9.81036 40.4883 264.998 6.2589 305 0 
5.86009 0 0 0 0 264.588 264.922 0.913103 9.81036 40.4883 264.998 6.2589 305 0 
5.87022 0 0 0 0 264.588 264.922 0.913103 9.81036 40.4883 264.998 6.2589 305 0 
5.88035 0 0 0 0 264.588 264.922 0.913103 9.81036 40.4883 264.998 6.2589 305 0 
5.8905 0 0 0 0 264.588 264.922 0.913103 9.81036 40.4883 264.998 6.2589 305 0 
5.90062 0 0 0 0 264.588 264.922 0.913103 9.81036 40.4883 264.998 6.2589 305 0 
5.91074 0 0 0 0 264.588 264.922 0.913103 9.81036 40.4883 264.998 6.2589 305 0 
5.92092 0 0 0 0 264.588 264.922 0.913103 9.81036 40.4883 264.998 6.2589 305 0 
5.93104 0 0 0 0 264.588 264.922 0.913103 9.81036 40.4883 264.998 6.2589 305 0 
5.94116 0 0 0 0 264.588 264.922 0.913103 9.81036 40.4883 264.998 6.2589 305 0 
5.9513 0 0 0 0 264.588 264.922 0.913103 9.81036 40.4883 264.998 6.2589 305 0 
5.96141 0 0 0 0 264.588 264.922 0.913103 9.81036 40.4883 264.998 6.2589 305 0 
5.97154 0 0 0 0 264.588 264.922 0.913103 9.81036 40.4883 264.998 6.2589 305 0 
5.98167 0 0 0 0 264.588 264.922 0.913103 9.81036 40.4883 264.998 6.2589 305 0 
5.99179 0 0 0 0 264.588 264.922 0.913103 9.81036 40.4883 264.998 6.2589 305 0 
6.00191 0 0 0 0 264.588 264.922 0.913103 9.81036 40.4883 264.998 6.2589 305 0 
6.01204 0 0 0 0 264.588 264.922 0.913103 9.81036 40.4883 264.998 6.2589 305 0 
6.02217 0 0 0 0 264.588 264.922 0.913103 9.81036 40.4883 264.998 6.2589 305 0 
6.03229 0 0 0 0 264.588 264.922 0.913103 9.81036 40.4883 264.998 6.2589 305 0 
6.04241 0 0 0 0 264.588 264.922 0.913103 9.81036 40.4883 264.998 6.2589 305 0 
6.05254 0 0 0 0 264.588 264.922 0.913103 9.81036 40.4883 264.998 6.2589 305 0 
6.06265 0 0 0 0 264.588 264.922 0.913103 9.81036 40.4883 264.998 6.2589 305 0 
6.07276 0 0 0 0 264.588 264.922 0.913103 9.81036 40.4883 264.998 6.2589 305 0 
6.08288 0 0 0 0 264.588 264.922 0.913103 9.81036 40.4883 264.998 6.2589 305 0 
6.09299 0 0 0 0 264.588 264.922 0.913103 9.81036 40.4883 264.998 6.2589 305 0 
6.10313 0 0 0 0 264.588 264.922 0.913103 9.81036 40.4883 264.998 6.2589 305 0 
6.11324 0 0 0 0 264.588 264.922 0.913103 9.81036 40.4883 264.998 6.2589 305 0 
6.12342 0 0 0 0 264.588 264.922 0.913103 9.81036 40.4883 264.998 6.2589 305 0 
6.13355 0 0 0 0 264.588 264.922 0.913103 9.81036 40.4883 264.998 6.2589 305 0 
6.14367 0 0 0 0 264.588 264.922 0.913103 9.81036 40.4883 264.998 6.2589 305 0 
6.15378 0 0 0 0 264.588 264.922 0.913103 9.81036 40.4883 264.998 6.2589 305 0 
6.1639 0 0 0 0 264.588 264.922 0.913103 9.81036 40.4883 264.998 6.2589 305 0 
6.17401 0 0 0 0 264.588 264.922 0.913103 9.81036 40.4883 264.998 6.2589 305 0 
6.18412 0 0 0 0 264.588 264.922 0.913103 9.81036 40.4883 264.998 6.2589 305 0 
6.19428 0 0 0 0 264.588 264.922 0.913103 9.81036 40.4883 264.998 6.2589 305 0 
6.20437 0 0 0 0 264.588 264.922 0.913103 9.81036 40.4883 264.998 6.2589 305 0 
6.2145 0 0 0 0 264.588 264.922 0.913103 9.81036 40.4883 264.998 6.2589 305 0 
6.22461 0 0 0 0 264.588 264.922 0.913103 9.81036 40.4883 264.998 6.2589 305 0 
6.23472 0 0 0 0 264.588 264.922 0.913103 9.81036 40.4883 264.998 6.2589 305 0 
6.24481 0 0 0 0 264.588 264.922 0.913103 9.81036 40.4883 264.998 6.2589 305 0 
6.2549 0 0 0 0 264.588 264.922 0.913103 9.81036 40.4883 264.998 6.2589 305 0 
6.265 0 0 0 0 264.588 264.922 0.913103 9.81036 40.4883 264.998 6.2589 305 0 
6.27509 0 0 0 0 264.588 264.922 0.913103 9.81036 40.4883 264.998 6.2589 305 0 
6.28519 0 0 0 0 264.588 264.922 0.913103 9.81036 40.4883 264.998 6.2589 305 0 
6.29529 0 0 0 0 264.588 264.922 0.913103 9.81036 40.4883 264.998 6.2589 305 0 
6.30539 0 0 0 0 264.588 264.922 0.913103 9.81036 40.4883 264.998 6.2589 305 0 
6.31548 0 0 0 0 264.588 264.922 0.913103 9.81036 40.4883 264.998 6.2589 305 0 
6.32559 0 0 0 0 264.588 264.922 0.913103 9.81036 40.4883 264.998 6.2589 305 0 
6.33569 0 0 0 0 264.588 264.922 0.913103 9.81036 40.4883 264.998 6.2589 305 0 
6.34579 0 0 0 0 264.588 264.922 0.913103 9.81036 40.4883 264.998 6.2589 305 0 
6.3559 0 0 0 0 264.588 264.922 0.913103 9.81036 40.4883 264.998 6.2589 305 0 
6.36599 0 0 0 0 264.588 264.922 0.913103 9.81036 40.4883 264.998 6.2589 305 0 
6.37609 0 0 0 0 264.588 264.922 0.913103 9.81036 40.4883 264.998 6.2589 305 0 
6.38618 0 0 0 0 264.588 264.922 0.913103 9.81036 40.4883 264.998 6.2589 305 0 
6.39629 0 0 0 0 264.588 264.922 0.913103 9.81036 40.4883 264.998 6.2589 305 0 
6.40639 0 0 0 0 264.588 264.922 0.913103 9.81036 40.4883 264.998 6.2589 305 0 
6.41648 0 0 0 0 264.588 264.922 0.913103 9.81036 40.4883 264.998 6.2589 305 0 
6.42657 0 0 0 0 264.588 264.922 0.913103 9.81036 40.4883 264.998 6.2589 305 0 
6.43667 0 0 0 0 264.588 264.922 0.913103 9.81036 40.4883 264.998 6.2589 305 0 
6.44676 0 0 0 0 264.588 264.922 0.913103 9.81036 40.4883 264.998 6.2589 305 0 
6.45686 0 0 0 0 264.588 264.922 0.913103 9.81036 40.4883 264.998 6.2589 305 0 
6.46696 0 0 0 0 264.588 264.922 0.913103 9.81036 40.4883 264.998 6.2589 305 0 
6.47705 0 0 0 0 264.588 264.922 0.913103 9.81036 40.4883 264.998 6.2589 305 0 
6.48715 0 0 0 0 264.588 264.922 0.913103 9.81036 40.4883 264.998 6.2589 305 0 
6.49724 0 0 0 0 264.588 264.922 0.913103 9.81036 40.4883 264.998 6.2589 305 0 
6.50734 0 0 0 0 264.588 264.922 0.913103 9.81036 40.4883 264.998 6.2589 305 0 
6.51748 0 0 0 0 264.588 264.922 0.913103 9.81036 40.4883 264.998 6.2589 305 0 
6.52758 0 0 0 0 264.588 264.922 0.913103 9.81036 40.4883 264.998 6.2589 305 0 
6.5377 0 0 0 0 264.588 264.922 0.913103 9.81036 40.4883 264.998 6.2589 305 0 
6.54783 0 0 0 0 264.588 264.922 0.913103 9.81036 40.4883 264.998 6.2589 305 0 
6.55793 0 0 0 0 264.588 264.922 0.913103 9.81036 40.4883 264.998 6.2589 305 0 
6.56805 0 0 0 0 264.588 264.922 0.913103 9.81036 40.4883 264.998 6.2589 305 0 
6.57817 0 0 0 0 264.588 264.922 0.913103 9.81036 40.4883 264.998 6.2589 305 0 
6.58829 0 0 0 0 264.588 264.922 0.913103 9.81036 40.4883 264.998 6.2589 305 0 
6.59839 0 0 0 0 264.588 264.922 0.913103 9.81036 40.4883 264.998 6.2589 305 0 
6.60851 0 0 0 0 264.588 264.922 0.913103 9.81036 40.4883 264.998 6.2589 305 0 
6.61861 0 0 0 0 264.588 264.922 0.913103 9.81036 40.4883 264.998 6.2589 305 0 
6.62874 0 0 0 0 264.588 264.922 0.913103 9.81036 40.4883 264.998 6.2589 305 0 
6.63886 0 0 0 0 264.588 264.922 0.913103 9.81036 40.4883 264.998 6.2589 305 0 
6.64897 0 0 0 0 264.588 264.922 0.913103 9.81036 40.4883 264.998 6.2589 305 0 
6.65907 0 0 0 0 264.588 264.922 0.913103 9.81036 40.4883 264.998 6.2589 305 0 
6.66918 0 0 0 0 264.588 264.922 0.913103 9.81036 40.4883 264.998 6.2589 305 0 
6.67932 0 0 0 0 264.588 264.922 0.913103 9.81036 40.4883 264.998 6.2589 305 0 
6.68947 0 0 0 0 264.588 264.922 0.913103 9.81036 40.4883 264.998 6.2589 305 0 
6.69957 0 0 0 0 264.588 264.922 0.913103 9.81036 40.4883 264.998 6.2589 305 0 
6.70966 0 0 0 0 264.588 264.922 0.913103 9.81036 40.4883 264.998 6.2589 305 0 
6.71976 0 0 0 0 264.588 264.922 0.913103 9.81036 40.4883 264.998 6.2589 305 0 
6.72987 0 0 0 0 264.588 264.922 0.913103 9.81036 40.4883 264.998 6.2589 305 0 
6.73999 0 0 0 0 264.588 264.922 0.913103 9.81036 40.4883 264.998 6.2589 305 0 
6.75009 0 0 0 0 264.588 264.922 0.913103 9.81036 40.4883 264.998 6.2589 305 0 
6.76018 0 0 0 0 264.588 264.922 0.913103 9.81036 40.4883 264.998 6.2589 305 0 
6.77031 0 0 0 0 264.588 264.922 0.913103 9.81036 40.4883 264.998 6.2589 305 0 
6.78041 0 0 0 0 264.588 264.922 0.913103 9.81036 40.4883 264.998 6.2589 305 0 
6.79053 0 0 0 0 264.588 264.922 0.913103 9.81036 40.4883 264.998 6.2589 305 0 
6.80064 0 0 0 0 264.588 264.922 0.913103 9.81036 40.4883 264.998 6.2589 305 0 
6.81074 0 0 0 0 264.588 264.922 0.913103 9.81036 40.4883 264.998 6.2589 305 0 
6.82084 0 0 0 0 264.588 264.922 0.913103 9.81036 40.4883 264.998 6.2589 305 0 
6.83092 0 0 0 0 264.588 264.922 0.913103 9.81036 40.4883 264.998 6.2589 305 0 
6.84102 0 0 0 0 264.588 264.922 0.913103 9.81036 40.4883 264.998 6.2589 305 0 
6.85112 0 0 0 0 264.588 264.922 0.913103 9.81036 40.4883 264.998 6.2589 305 0 
6.86122 0 0 0 0 264.588 264.922 0.913103 9.81036 40.4883 264.998 6.2589 305 0 
6.87132 0 0 0 0 264.588 264.922 0.913103 9.81036 40.4883 264.998 6.2589 305 0 
6.88142 0 0 0 0 264.588 264.922 0.913103 9.81036 40.4883 264.998 6.2589 305 0 
6.89151 0 0 0 0 264.588 264.922 0.913103 9.81036 40.4883 264.998 6.2589 305 0 
6.90163 0 0 0 0 264.588 264.922 0.913103 9.81036 40.4883 264.998 6.2589 305 0 
6.91173 0 0 0 0 264.588 264.922 0.913103 9.81036 40.4883 264.998 6.2589 305 0 
6.92187 0 0 0 0 264.588 264.922 0.913103 9.81036 40.4883 264.998 6.2589 305 0 
6.93198 0 0 0 0 264.588 264.922 0.913103 9.81036 40.4883 264.998 6.2589 305 0 
6.94217 0 0 0 0 264.588 264.922 0.913103 9.81036 40.4883 264.998 6.2589 305 0 
6.9523 0 0 0 0 264.588 264.922 0.913103 9.81036 40.4883 264.998 6.2589 305 0 
6.96241 0 0 0 0 264.588 264.922 0.913103 9.81036 40.4883 264.998 6.2589 305 0 
6.97253 0 0 0 0 264.588 264.922 0.913103 9.81036 40.4883 264.998 6.2589 305 0 
6.98266 0 0 0 0 264.588 264.922 0.913103 9.81036 40.4883 264.998 6.2589 305 0 
6.99278 0 0 0 0 264.588 264.922 0.913103 9.81036 40.4883 264.998 6.2589 305 0 
7.0029 0 0 0 0 264.588 264.922 0.913103 9.81036 40.4883 264.998 6.2589 305 0 
7.013 0 0 0 0 264.588 264.922 0.913103 9.81036 40.4883 264.998 6.2589 305 0 
7.02309 0 0 0 0 264.588 264.922 0.913103 9.81036 40.4883 264.998 6.2589 305 0 
7.03318 0 0 0 0 264.588 264.922 0.913103 9.81036 40.4883 264.998 6.2589 305 0 
7.04328 0 0 0 0 264.588 264.922 0.913103 9.81036 40.4883 264.998 6.2589 305 0 
7.05338 0 0 0 0 264.588 264.922 0.913103 9.81036 40.4883 264.998 6.2589 305 0 
7.06347 0 0 0 0 264.588 264.922 0.913103 9.81036 40.4883 264.998 6.2589 305 0 
7.07357 0 0 0 0 264.588 264.922 0.913103 9.81036 40.4883 264.998 6.2589 305 0 
7.08366 0 0 0 0 264.588 264.922 0.913103 9.81036 40.4883 264.998 6.2589 305 0 
7.09376 0 0 0 0 264.588 264.922 0.913103 9.81036 40.4883 264.998 6.2589 305 0 
7.10387 0 0 0 0 264.588 264.922 0.913103 9.81036 40.4883 264.998 6.2589 305 0 
7.11399 0 0 0 0 264.588 264.922 0.913103 9.81036 40.4883 264.998 6.2589 305 0 
7.1241 0 0 0 0 264.588 264.922 0.913103 9.81036 40.4883 264.998 6.2589 305 0 
7.13421 0 0 0 0 264.588 264.922 0.913103 9.81036 40.4883 264.998 6.2589 305 0 
7.14432 0 0 0 0 264.588 264.922 0.913103 9.81036 40.4883 264.998 6.2589 305 0 
7.15443 0 0 0 0 264.588 264.922 0.913103 9.81036 40.4883 264.998 6.2589 305 0 
7.16454 0 0 0 0 264.588 264.922 0.913103 9.81036 40.4883 264.998 6.2589 305 0 
7.17466 0 0 0 0 264.588 264.922 0.913103 9.81036 40.4883 264.998 6.2589 305 0 
7.18479 0 0 0 0 264.588 264.922 0.913103 9.81036 40.4883 264.998 6.2589 305 0 
7.19489 0 0 0 0 264.588 264.922 0.913103 9.81036 40.4883 264.998 6.2589 305 0 
7.20501 0 0 0 0 264.588 264.922 0.913103 9.81036 40.4883 264.998 6.2589 305 0 
7.21511 0 0 0 0 264.588 264.922 0.913103 9.81036 40.4883 264.998 6.2589 305 0 
7.22531 0 0 0 0 264.588 264.922 0.913103 9.81036 40.4883 264.998 6.2589 305 0 
7.23542 0 0 0 0 264.588 264.922 0.913103 9.81036 40.4883 264.998 6.2589 305 0 
7.24552 0 0 0 0 264.588 264.922 0.913103 9.81036 40.4883 264.998 6.2589 305 0 
7.25565 0 0 0 0 264.588 264.922 0.913103 9.81036 40.4883 264.998 6.2589 305 0 
7.2658 0 0 0 0 264.588 264.922 0.913103 9.81036 40.4883 264.998 6.2589 305 0 
7.27591 0 0 0 0 264.588 264.922 0.913103 9.81036 40.4883 264.998 6.2589 305 0 
7.28603 0 0 0 0 264.588 264.922 0.913103 9.81036 40.4883 264.998 6.2589 305 0 
7.29614 0 0 0 0 264.588 264.922 0.913103 9.81036 40.4883 264.998 6.2589 305 0 
7.30627 0 0 0 0 264.588 264.922 0.913103 9.81036 40.4883 264.998 6.2589 305 0 
7.3164 0 0 0 0 264.588 264.922 0.913103 9.81036 40.4883 264.998 6.2589 305 0 
7.3265 0 0 0 0 264.588 264.922 0.913103 9.81036 40.4883 264.998 6.2589 305 0 
7.33665 0 0 0 0 264.588 264.922 0.913103 9.81036 40.4883 264.998 6.2589 305 0 
7.34676 0 0 0 0 264.588 264.922 0.913103 9.81036 40.4883 264.998 6.2589 305 0 
7.35685 0 0 0 0 264.588 264.922 0.913103 9.81036 40.4883 264.998 6.2589 305 0 
7.36695 0 0 0 0 264.588 264.922 0.913103 9.81036 40.4883 264.998 6.2589 305 0 
7.37704 0 0 0 0 264.588 264.922 0.913103 9.81036 40.4883 264.998 6.2589 305 0 
7.38714 0 0 0 0 264.588 264.922 0.913103 9.81036 40.4883 264.998 6.2589 305 0 
7.39723 0 0 0 0 264.588 264.922 0.913103 9.81036 40.4883 264.998 6.2589 305 0 
7.40732 0 0 0 0 264.588 264.922 0.913103 9.81036 40.4883 264.998 6.2589 305 0 
7.41741 0 0 0 0 264.588 264.922 0.913103 9.81036 40.4883 264.998 6.2589 305 0 
7.42751 0 0 0 0 264.588 264.922 0.913103 9.81036 40.4883 264.998 6.2589 305 0 
7.43761 0 0 0 0 264.588 264.922 0.913103 9.81036 40.4883 264.998 6.2589 305 0 
7.44782 0 0 0 0 264.588 264.922 0.913103 9.81036 40.4883 264.998 6.2589 305 0 
7.45794 0 0 0 0 264.588 264.922 0.913103 9.81036 40.4883 264.998 6.2589 305 0 
7.46806 0 0 0 0 264.588 264.922 0.913103 9.81036 40.4883 264.998 6.2589 305 0 
7.47819 0 0 0 0 264.588 264.922 0.913103 9.81036 40.4883 264.998 6.2589 305 0 
7.48831 0 0 0 0 264.588 264.922 0.913103 9.81036 40.4883 264.998 6.2589 305 0 
7.49846 0 0 0 0 264.588 264.922 0.913103 9.81036 40.4883 264.998 6.2589 305 0 
7.50857 0 0 0 0 264.588 264.922 0.913103 9.81036 40.4883 264.998 6.2589 305 0 
7.51871 0 0 0 0 264.588 264.922 0.913103 9.81036 40.4883 264.998 6.2589 305 0 
7.52883 0 0 0 0 264.588 264.922 0.913103 9.81036 40.4883 264.998 6.2589 305 0 
7.53895 0 0 0 0 264.588 264.922 0.913103 9.81036 40.4883 264.998 6.2589 305 0 
7.54907 0 0 0 0 264.588 264.922 0.913103 9.81036 40.4883 264.998 6.2589 305 0 
7.55919 0 0 0 0 264.588 264.922 0.913103 9.81036 40.4883 264.998 6.2589 305 0 
7.5693 0 0 0 0 264.588 264.922 0.913103 9.81036 40.4883 264.998 6.2589 305 0 
7.57942 0 0 0 0 264.588 264.922 0.913103 9.81036 40.4883 264.998 6.2589 305 0 
7.58955 0 0 0 0 264.588 264.922 0.913103 9.81036 40.4883 264.998 6.2589 305 0 
7.59968 0 0 0 0 264.588 264.922 0.913103 9.81036 40.4883 264.998 6.2589 305 0 
7.60977 0 0 0 0 264.588 264.922 0.913103 9.81036 40.4883 264.998 6.2589 305 0 
7.61987 0 0 0 0 264.588 264.922 0.913103 9.81036 40.4883 264.998 6.2589 305 0 
7.62996 0 0 0 0 264.588 264.922 0.913103 9.81036 40.4883 264.998 6.2589 305 0 
7.64006 0 0 0 0 264.588 264.922 0.913103 9.81036 40.4883 264.998 6.2589 305 0 
7.65018 0 0 0 0 264.588 264.922 0.913103 9.81036 40.4883 264.998 6.2589 305 0 
7.6603 0 0 0 0 264.588 264.922 0.913103 9.81036 40.4883 264.998 6.2589 305 0 
7.67041 0 0 0 0 264.588 264.922 0.913103 9.81036 40.4883 264.998 6.2589 305 0 
7.68051 0 0 0 0 264.588 264.922 0.913103 9.81036 40.4883 264.998 6.2589 305 0 
7.69063 0 0 0 0 264.588 264.922 0.913103 9.81036 40.4883 264.998 6.2589 305 0 
7.70073 0 0 0 0 264.588 264.922 0.913103 9.81036 40.4883 264.998 6.2589 305 0 
7.71084 0 0 0 0 264.588 264.922 0.913103 9.81036 40.4883 264.998 6.2589 305 0 
7.72096 0 0 0 0 264.588 264.922 0.913103 9.81036 40.4883 264.998 6.2589 305 0 
7.73109 0 0 0 0 264.588 264.922 0.913103 9.81036 40.4883 264.998 6.2589 305 0 
7.7412 0 0 0 0 264.588 264.922 0.913103 9.81036 40.4883 264.998 6.2589 305 0 
7.75132 0 0 0 0 264.588 264.922 0.913103 9.81036 40.4883 264.998 6.2589 305 0 
7.76146 0 0 0 0 264.588 264.922 0.913103 9.81036 40.4883 264.998 6.2589 305 0 
7.77158 0 0 0 0 264.588 264.922 0.913103 9.81036 40.4883 264.998 6.2589 305 0 
7.7817 0 0 0 0 264.588 264.922 0.913103 9.81036 40.4883 264.998 6.2589 305 0 
7.79181 0 0 0 0 264.588 264.922 0.913103 9.81036 40.4883 264.998 6.2589 305 0 
7.80191 0 0 0 0 264.588 264.922 0.913103 9.81036 40.4883 264.998 6.2589 305 0 
7.81203 0 0 0 0 264.588 264.922 0.913103 9.81036 40.4883 264.998 6.2589 305 0 
7.82213 0 0 0 0 264.588 264.922 0.913103 9.81036 40.4883 264.998 6.2589 305 0 
7.83225 0 0 0 0 264.588 264.922 0.913103 9.81036 40.4883 264.998 6.2589 305 0 
7.84236 0 0 0 0 264.588 264.922 0.913103 9.81036 40.4883 264.998 6.2589 305 0 
7.85249 0 0 0 0 264.588 264.922 0.913103 9.81036 40.4883 264.998 6.2589 305 0 
7.86259 0 0 0 0 264.588 264.922 0.913103 9.81036 40.4883 264.998 6.2589 305 0 
7.87272 0 0 0 0 264.588 264.922 0.913103 9.81036 40.4883 264.998 6.2589 305 0 
7.88284 0 0 0 0 264.588 264.922 0.913103 9.81036 40.4883 264.998 6.2589 305 0 
7.89296 0 0 0 0 264.588 264.922 0.913103 9.81036 40.4883 264.998 6.2589 305 0 
7.90316 0 0 0 0 264.588 264.922 0.913103 9.81036 40.4883 264.998 6.2589 305 0 
7.91326 0 0 0 0 264.588 264.922 0.913103 9.81036 40.4883 264.998 6.2589 305 0 
7.92336 0 0 0 0 264.588 264.922 0.913103 9.81036 40.4883 264.998 6.2589 305 0 
7.93347 0 0 0 0 264.588 264.922 0.913103 9.81036 40.4883 264.998 6.2589 305 0 
7.94356 0 0 0 0 264.588 264.922 0.913103 9.81036 40.4883 264.998 6.2589 305 0 
7.95366 0 0 0 0 264.588 264.922 0.913103 9.81036 40.4883 264.998 6.2589 305 0 
7.96376 0 0 0 0 264.588 264.922 0.913103 9.81036 40.4883 264.998 6.2589 305 0 
7.97389 0 0 0 0 264.588 264.922 0.913103 9.81036 40.4883 264.998 6.2589 305 0 
7.98399 0 0 0 0 264.588 264.922 0.913103 9.81036 40.4883 264.998 6.2589 305 0 
7.9941 0 0 0 0 264.588 264.922 0.913103 9.81036 40.4883 264.998 6.2589 305 0 
8.00421 0 0 0 0 264.588 264.922 0.913103 9.81036 40.4883 264.998 6.2589 305 0 
8.01433 0 0 0 0 264.588 264.922 0.913103 9.81036 40.4883 264.998 6.2589 305 0 
8.02444 0 0 0 0 264.588 264.922 0.913103 9.81036 40.4883 264.998 6.2589 305 0 
8.03455 0 0 0 0 264.588 264.922 0.913103 9.81036 40.4883 264.998 6.2589 305 0 
8.04468 0 0 0 0 264.588 264.922 0.913103 9.81036 40.4883 264.998 6.2589 305 0 
8.0548 0 0 0 0 264.588 264.922 0.913103 9.81036 40.4883 264.998 6.2589 305 0 
8.0649 0 0 0 0 264.588 264.922 0.913103 9.81036 40.4883 264.998 6.2589 305 0 
8.07502 0 0 0 0 264.588 264.922 0.913103 9.81036 40.4883 264.998 6.2589 305 0 
8.08516 0 0 0 0 264.588 264.922 0.913103 9.81036 40.4883 264.998 6.2589 305 0 
8.09528 0 0 0 0 264.588 264.922 0.913103 9.81036 40.4883 264.998 6.2589 305 0 
8.1054 0 0 0 0 264.588 264.922 0.913103 9.81036 40.4883 264.998 6.2589 305 0 
8.11549 0 0 0 0 264.588 264.922 0.913103 9.81036 40.4883 264.998 6.2589 305 0 
8.12559 0 0 0 0 264.588 264.922 0.913103 9.81036 40.4883 264.998 6.2589 305 0 
8.13573 0 0 0 0 264.588 264.922 0.913103 9.81036 40.4883 264.998 6.2589 305 0 
8.14583 0 0 0 0 264.588 264.922 0.913103 9.81036 40.4883 264.998 6.2589 305 0 
8.15594 0 0 0 0 264.588 264.922 0.913103 9.81036 40.4883 264.998 6.2589 305 0 
8.16606 0 0 0 0 264.588 264.922 0.913103 9.81036 40.4883 264.998 6.2589 305 0 
8.17617 0 0 0 0 264.588 264.922 0.913103 9.81036 40.4883 264.998 6.2589 305 0 
8.18629 0 0 0 0 264.588 264.922 0.913103 9.81036 40.4883 264.998 6.2589 305 0 
8.19645 0 0 0 0 264.588 264.922 0.913103 9.81036 40.4883 264.998 6.2589 305 0 
8.20656 0 0 0 0 264.588 264.922 0.913103 9.81036 40.4883 264.998 6.2589 305 0 
8.21667 0 0 0 0 264.588 264.922 0.913103 9.81036 40.4883 264.998 6.2589 305 0 
8.22679 0 0 0 0 264.588 264.922 0.913103 9.81036 40.4883 264.998 6.2589 305 0 
8.2369 0 0 0 0 264.588 264.922 0.913103 9.81036 40.4883 264.998 6.2589 305 0 
8.24703 0 0 0 0 264.588 264.922 0.913103 9.81036 40.4883 264.998 6.2589 305 0 
8.25713 0 0 0 0 264.588 264.922 0.913103 9.81036 40.4883 264.998 6.2589 305 0 
8.26727 0 0 0 0 264.588 264.922 0.913103 9.81036 40.4883 264.998 6.2589 305 0 
8.27737 0 0 0 0 264.588 264.922 0.913103 9.81036 40.4883 264.998 6.2589 305 0 
8.28749 0 0 0 0 264.588 264.922 0.913103 9.81036 40.4883 264.998 6.2589 305 0 
8.29761 0 0 0 0 264.588 264.922 0.913103 9.81036 40.4883 264.998 6.2589 305 0 
8.30771 0 0 0 0 264.588 264.922 0.913103 9.81036 40.4883 264.998 6.2589 305 0 
8.3178 0 0 0 0 264.588 264.922 0.913103 9.81036 40.4883 264.998 6.2589 305 0 
8.3279 0 0 0 0 264.588 264.922 0.913103 9.81036 40.4883 264.998 6.2589 305 0 
8.338 0 0 0 0 264.588 264.922 0.913103 9.81036 40.4883 264.998 6.2589 305 0 
8.34809 0 0 0 0 264.588 264.922 0.913103 9.81036 40.4883 264.998 6.2589 305 0 
8.3582 0 0 0 0 264.588 264.922 0.913103 9.81036 40.4883 264.998 6.2589 305 0 
8.36841 0 0 0 0 264.588 264.922 0.913103 9.81036 40.4883 264.998 6.2589 305 0 
8.37855 0 0 0 0 264.588 264.922 0.913103 9.81036 40.4883 264.998 6.2589 305 0 
8.38865 0 0 0 0 264.588 264.922 0.913103 9.81036 40.4883 264.998 6.2589 305 0 
8.39874 0 0 0 0 264.588 264.922 0.913103 9.81036 40.4883 264.998 6.2589 305 0 
8.40884 0 0 0 0 264.588 264.922 0.913103 9.81036 40.4883 264.998 6.2589 305 0 
8.41896 0 0 0 0 264.588 264.922 0.913103 9.81036 40.4883 264.998 6.2589 305 0 
8.42908 0 0 0 0 264.588 264.922 0.913103 9.81036 40.4883 264.998 6.2589 305 0 
8.43919 0 0 0 0 264.588 264.922 0.913103 9.81036 40.4883 264.998 6.2589 305 0 
8.44928 0 0 0 0 264.588 264.922 0.913103 9.81036 40.4883 264.998 6.2589 305 0 
8.4594 0 0 0 0 264.588 264.922 0.913103 9.81036 40.4883 264.998 6.2589 305 0 
8.46952 0 0 0 0 264.588 264.922 0.913103 9.81036 40.4883 264.998 6.2589 305 0 
8.47964 0 0 0 0 264.588 264.922 0.913103 9.81036 40.4883 264.998 6.2589 305 0 
8.48975 0 0 0 0 264.588 264.922 0.913103 9.81036 40.4883 264.998 6.2589 305 0 
8.49993 0 0 0 0 264.588 264.922 0.913103 9.81036 40.4883 264.998 6.2589 305 0 
8.51002 0 0 0 0 264.588 264.922 0.913103 9.81036 40.4883 264.998 6.2589 305 0 
8.52012 0 0 0 0 264.588 264.922 0.913103 9.81036 40.4883 264.998 6.2589 305 0 
8.53021 0 0 0 0 264.588 264.922 0.913103 9.81036 40.4883 264.998 6.2589 305 0 
8.54031 0 0 0 0 264.588 264.922 0.913103 9.81036 40.4883 264.998 6.2589 305 0 
8.55045 0 0 0 0 264.588 264.922 0.913103 9.81036 40.4883 264.998 6.2589 305 0 
8.56057 0 0 0 0 264.588 264.922 0.913103 9.81036 40.4883 264.998 6.2589 305 0 
8.57069 0 0 0 0 264.588 264.922 0.913103 9.81036 40.4883 264.998 6.2589 305 0 
8.58093 0 0 0 0 264.588 264.922 0.913103 9.81036 40.4883 264.998 6.2589 305 0 
8.59104 0 0 0 0 264.588 264.922 0.913103 9.81036 40.4883 264.998 6.2589 305 0 
8.60114 0 0 0 0 264.588 264.922 0.913103 9.81036 40.4883 264.998 6.2589 305 0 
8.61125 0 0 0 0 264.588 264.922 0.913103 9.81036 40.4883 264.998 6.2589 305 0 
8.62149 0 0 0 0 264.588 264.922 0.913103 9.81036 40.4883 264.998 6.2589 305 0 
8.6316 0 0 0 0 264.588 264.922 0.913103 9.81036 40.4883 264.998 6.2589 305 0 
8.6417 0 0 0 0 264.588 264.922 0.913103 9.81036 40.4883 264.998 6.2589 305 0 
8.65181 0 0 0 0 264.588 264.922 0.913103 9.81036 40.4883 264.998 6.2589 305 0 
8.66191 0 0 0 0 264.588 264.922 0.913103 9.81036 40.4883 264.998 6.2589 305 0 
8.67203 0 0 0 0 264.588 264.922 0.913103 9.81036 40.4883 264.998 6.2589 305 0 
8.68213 0 0 0 0 264.588 264.922 0.913103 9.81036 40.4883 264.998 6.2589 305 0 
8.69224 0 0 0 0 264.588 264.922 0.913103 9.81036 40.4883 264.998 6.2589 305 0 
8.70236 0 0 0 0 264.588 264.922 0.913103 9.81036 40.4883 264.998 6.2589 305 0 
8.71245 0 0 0 0 264.588 264.922 0.913103 9.81036 40.4883 264.998 6.2589 305 0 
8.72257 0 0 0 0 264.588 264.922 0.913103 9.81036 40.4883 264.998 6.2589 305 0 
8.73268 0 0 0 0 264.588 264.922 0.913103 9.81036 40.4883 264.998 6.2589 305 0 
8.7428 0 0 0 0 264.588 264.922 0.913103 9.81036 40.4883 264.998 6.2589 305 0 
8.75291 0 0 0 0 264.588 264.922 0.913103 9.81036 40.4883 264.998 6.2589 305 0 
8.76302 0 0 0 0 264.588 264.922 0.913103 9.81036 40.4883 264.998 6.2589 305 0 
8.77313 0 0 0 0 264.588 264.922 0.913103 9.81036 40.4883 264.998 6.2589 305 0 
8.78327 0 0 0 0 264.588 264.922 0.913103 9.81036 40.4883 264.998 6.2589 305 0 
8.79338 0 0 0 0 264.588 264.922 0.913103 9.81036 40.4883 264.998 6.2589 305 0 
8.80349 0 0 0 0 264.588 264.922 0.913103 9.81036 40.4883 264.998 6.2589 305 0 
8.81363 0 0 0 0 264.588 264.922 0.913103 9.81036 40.4883 264.998 6.2589 305 0 
8.82384 0 0 0 0 264.588 264.922 0.913103 9.81036 40.4883 264.998 6.2589 305 0 
8.83393 0 0 0 0 264.588 264.922 0.913103 9.81036 40.4883 264.998 6.2589 305 0 
8.84404 0 0 0 0 264.588 264.922 0.913103 9.81036 40.4883 264.998 6.2589 305 0 
8.85415 0 0 0 0 264.588 264.922 0.913103 9.81036 40.4883 264.998 6.2589 305 0 
8.86426 0 0 0 0 264.588 264.922 0.913103 9.81036 40.4883 264.998 6.2589 305 0 
8.87439 0 0 0 0 264.588 264.922 0.913103 9.81036 40.4883 264.998 6.2589 305 0 
8.88454 0 0 0 0 264.588 264.922 0.913103 9.81036 40.4883 264.998 6.2589 305 0 
8.89468 0 0 0 0 264.588 264.922 0.913103 9.81036 40.4883 264.998 6.2589 305 0 
8.9048 0 0 0 0 264.588 264.922 0.913103 9.81036 40.4883 264.998 6.2589 305 0 
8.91493 0 0 0 0 264.588 264.922 0.913103 9.81036 40.4883 264.998 6.2589 305 0 
8.92512 0 0 0 0 264.588 264.922 0.913103 9.81036 40.4883 264.998 6.2589 305 0 
8.93522 0 0 0 0 264.588 264.922 0.913103 9.81036 40.4883 264.998 6.2589 305 0 
8.94541 0 0 0 0 264.588 264.922 0.913103 9.81036 40.4883 264.998 6.2589 305 0 
8.95553 0 0 0 0 264.588 264.922 0.913103 9.81036 40.4883 264.998 6.2589 305 0 
8.96571 0 0 0 0 264.588 264.922 0.913103 9.81036 40.4883 264.998 6.2589 305 0 
8.97583 0 0 0 0 264.588 264.922 0.913103 9.81036 40.4883 264.998 6.2589 305 0 
8.98595 0 0 0 0 264.588 264.922 0.913103 9.81036 40.4883 264.998 6.2589 305 0 
8.99607 0 0 0 0 264.588 264.922 0.913103 9.81036 40.4883 264.998 6.2589 305 0 
9.00616 0 0 0 0 264.588 264.922 0.913103 9.81036 40.4883 264.998 6.2589 305 0 
9.01626 0 0 0 0 264.588 264.922 0.913103 9.81036 40.4883 264.998 6.2589 305 0 
9.02636 0 0 0 0 264.588 264.922 0.913103 9.81036 40.4883 264.998 6.2589 305 0 
9.03647 0 0 0 0 264.588 264.922 0.913103 9.81036 40.4883 264.998 6.2589 305 0 
9.0466 0 0 0 0 264.588 264.922 0.913103 9.81036 40.4883 264.998 6.2589 305 0 
9.05672 0 0 0 0 264.588 264.922 0.913103 9.81036 40.4883 264.998 6.2589 305 0 
9.06684 0 0 0 0 264.588 264.922 0.913103 9.81036 40.4883 264.998 6.2589 305 0 
9.07697 0 0 0 0 264.588 264.922 0.913103 9.81036 40.4883 264.998 6.2589 305 0 
9.08709 0 0 0 0 264.588 264.922 0.913103 9.81036 40.4883 264.998 6.2589 305 0 
9.09721 0 0 0 0 264.588 264.922 0.913103 9.81036 40.4883 264.998 6.2589 305 0 
9.10732 0 0 0 0 264.588 264.922 0.913103 9.81036 40.4883 264.998 6.2589 305 0 
9.11745 0 0 0 0 264.588 264.922 0.913103 9.81036 40.4883 264.998 6.2589 305 0 
9.12758 0 0 0 0 264.588 264.922 0.913103 9.81036 40.4883 264.998 6.2589 305 0 
9.1377 0 0 0 0 264.588 264.922 0.913103 9.81036 40.4883 264.998 6.2589 305 0 
9.14785 0 0 0 0 264.588 264.9 0.852229 9.74681 40.4993 264.987 6.25872 305 0 
9.15798 0 0 0 0 264.588 264.9 0.852229 9.74681 40.4993 264.987 6.25872 305 0 
9.16809 0 0 0 0 264.588 264.9 0.852229 9.74681 40.4993 264.987 6.25872 305 0 
9.17819 0 0 0 0 264.588 264.9 0.852229 9.74681 40.4993 264.987 6.25872 305 0 
9.18829 0 0 0 0 264.588 264.9 0.852229 9.74681 40.4993 264.987 6.25872 305 0 
9.19838 0 0 0 0 264.588 264.9 0.852229 9.74681 40.4993 264.987 6.25872 305 0 
9.21022 0 0 0 0 264.588 264.9 0.852229 9.74681 40.4993 264.987 6.25872 305 0 
9.22031 0 0 0 0 264.588 264.9 0.852229 9.74681 40.4993 264.987 6.25872 305 0 
9.23041 0 0 0 0 264.588 264.9 0.852229 9.74681 40.4993 264.987 6.25872 305 0 
9.24052 0 0 0 0 264.588 264.9 0.852229 9.74681 40.4993 264.987 6.25872 305 0 
9.25066 0 0 0 0 264.588 264.9 0.852229 9.74681 40.4993 264.987 6.25872 305 0 
9.26082 0 0 0 0 264.588 264.9 0.852229 9.74681 40.4993 264.987 6.25872 305 0 
9.27093 0 0 0 0 264.588 264.9 0.852229 9.74681 40.4993 264.987 6.25872 305 0 
9.28102 0 0 0 0 264.588 264.9 0.852229 9.74681 40.4993 264.987 6.25872 305 0 
9.29113 0 0 0 0 264.588 264.9 0.852229 9.74681 40.4993 264.987 6.25872 305 0 
9.30125 0 0 0 0 264.588 264.9 0.852229 9.74681 40.4993 264.987 6.25872 305 0 
9.31137 0 0 0 0 264.588 264.9 0.852229 9.74681 40.4993 264.987 6.25872 305 0 
9.32159 0 0 0 0 264.588 264.9 0.852229 9.74681 40.4993 264.987 6.25872 305 0 
9.33172 0 0 0 0 264.588 264.9 0.852229 9.74681 40.4993 264.987 6.25872 305 0 
9.34184 0 0 0 0 264.588 264.9 0.852229 9.74681 40.4993 264.987 6.25872 305 0 
9.35195 0 0 0 0 264.588 264.9 0.852229 9.74681 40.4993 264.987 6.25872 305 0 
9.36205 0 0 0 0 264.588 264.9 0.852229 9.74681 40.4993 264.987 6.25872 305 0 
9.37214 0 0 0 0 264.588 264.9 0.852229 9.74681 40.4993 264.987 6.25872 305 0 
9.38224 0 0 0 0 264.588 264.9 0.852229 9.74681 40.4993 264.987 6.25872 305 0 
9.39234 0 0 0 0 264.588 264.9 0.852229 9.74681 40.4993 264.987 6.25872 305 0 
9.40244 0 0 0 0 264.588 264.9 0.852229 9.74681 40.4993 264.987 6.25872 305 0 
9.41256 0 0 0 0 264.588 264.9 0.852229 9.74681 40.4993 264.987 6.25872 305 0 
9.42272 0 0 0 0 264.588 264.9 0.852229 9.74681 40.4993 264.987 6.25872 305 0 
9.43283 0 0 0 0 264.588 264.9 0.852229 9.74681 40.4993 264.987 6.25872 305 0 
9.44295 0 0 0 0 264.588 264.9 0.852229 9.74681 40.4993 264.987 6.25872 305 0 
9.45308 0 0 0 0 264.588 264.9 0.852229 9.74681 40.4993 264.987 6.25872 305 0 
9.46319 0 0 0 0 264.588 264.9 0.852229 9.74681 40.4993 264.987 6.25872 305 0 
9.47341 0 0 0 0 264.588 264.9 0.852229 9.74681 40.4993 264.987 6.25872 305 0 
9.48357 0 0 0 0 264.588 264.9 0.852229 9.74681 40.4993 264.987 6.25872 305 0 
9.4937 0 0 0 0 264.588 264.9 0.852229 9.74681 40.4993 264.987 6.25872 305 0 
9.5038 0 0 0 0 264.588 264.9 0.852229 9.74681 40.4993 264.987 6.25872 305 0 
9.51391 0 0 0 0 264.588 264.9 0.852229 9.74681 40.4993 264.987 6.25872 305 0 
9.52402 0 0 0 0 264.588 264.9 0.852229 9.74681 40.4993 264.987 6.25872 305 0 
9.53413 0 0 0 0 264.588 264.9 0.852229 9.74681 40.4993 264.987 6.25872 305 0 
9.54424 0 0 0 0 264.588 264.9 0.852229 9.74681 40.4993 264.987 6.25872 305 0 
9.55435 0 0 0 0 264.588 264.9 0.852229 9.74681 40.4993 264.987 6.25872 305 0 
9.56446 0 0 0 0 264.588 264.9 0.852229 9.74681 40.4993 264.987 6.25872 305 0 
9.57457 0 0 0 0 264.588 264.9 0.852229 9.74681 40.4993 264.987 6.25872 305 0 
9.5847 0 0 0 0 264.588 264.9 0.852229 9.74681 40.4993 264.987 6.25872 305 0 
9.59482 0 0 0 0 264.588 264.9 0.852229 9.74681 40.4993 264.987 6.25872 305 0 
9.60494 0 0 0 0 264.588 264.9 0.852229 9.74681 40.4993 264.987 6.25872 305 0 
9.61505 0 0 0 0 264.588 264.9 0.852229 9.74681 40.4993 264.987 6.25872 305 0 
9.62543 0 0 0 0 264.588 264.9 0.852229 9.74681 40.4993 264.987 6.25872 305 0 
9.63553 0 0 0 0 264.588 264.9 0.852229 9.74681 40.4993 264.987 6.25872 305 0 
9.64564 0 0 0 0 264.588 264.9 0.852229 9.74681 40.4993 264.987 6.25872 305 0 
9.65578 0 0 0 0 264.588 264.9 0.852229 9.74681 40.4993 264.987 6.25872 305 0 
9.66589 0 0 0 0 264.588 264.9 0.852229 9.74681 40.4993 264.987 6.25872 305 0 
9.67602 0 0 0 0 264.588 264.9 0.852229 9.74681 40.4993 264.987 6.25872 305 0 
9.68612 0 0 0 0 264.588 264.9 0.852229 9.74681 40.4993 264.987 6.25872 305 0 
9.69623 0 0 0 0 264.588 264.9 0.852229 9.74681 40.4993 264.987 6.25872 305 0 
9.70634 0 0 0 0 264.588 264.9 0.852229 9.74681 40.4993 264.987 6.25872 305 0 
9.71646 0 0 0 0 264.588 264.9 0.852229 9.74681 40.4993 264.987 6.25872 305 0 
9.72657 0 0 0 0 264.588 264.9 0.852229 9.74681 40.4993 264.987 6.25872 305 0 
9.73669 0 0 0 0 264.588 264.9 0.852229 9.74681 40.4993 264.987 6.25872 305 0 
9.7468 0 0 0 0 264.588 264.9 0.852229 9.74681 40.4993 264.987 6.25872 305 0 
9.75691 0 0 0 0 264.588 264.9 0.852229 9.74681 40.4993 264.987 6.25872 305 0 
9.76707 0 0 0 0 264.588 264.9 0.852229 9.74681 40.4993 264.987 6.25872 305 0 
9.77719 0 0 0 0 264.588 264.9 0.852229 9.74681 40.4993 264.987 6.25872 305 0 
9.78731 0 0 0 0 264.588 264.9 0.852229 9.74681 40.4993 264.987 6.25872 305 0 
9.79746 0 0 0 0 264.588 264.9 0.852229 9.74681 40.4993 264.987 6.25872 305 0 
9.80759 0 0 0 0 264.588 264.9 0.852229 9.74681 40.4993 264.987 6.25872 305 0 
9.8177 0 0 0 0 264.588 264.9 0.852229 9.74681 40.4993 264.987 6.25872 305 0 
9.82782 0 0 0 0 264.588 264.9 0.852229 9.74681 40.4993 264.987 6.25872 305 0 
9.83794 0 0 0 0 264.588 264.9 0.852229 9.74681 40.4993 264.987 6.25872 305 0 
9.84805 0 0 0 0 264.588 264.9 0.852229 9.74681 40.4993 264.987 6.25872 305 0 
9.85816 0 0 0 0 264.588 264.9 0.852229 9.74681 40.4993 264.987 6.25872 305 0 
9.86827 0 0 0 0 264.588 264.9 0.852229 9.74681 40.4993 264.987 6.25872 305 0 
9.87837 0 0 0 0 264.588 264.9 0.852229 9.74681 40.4993 264.987 6.25872 305 0 
9.88848 0 0 0 0 264.588 264.9 0.852229 9.74681 40.4993 264.987 6.25872 305 0 
9.8986 0 0 0 0 264.588 264.9 0.852229 9.74681 40.4993 264.987 6.25872 305 0 
9.9087 0 0 0 0 264.588 264.9 0.852229 9.74681 40.4993 264.987 6.25872 305 0 
9.9188 0 0 0 0 264.588 264.9 0.852229 9.74681 40.4993 264.987 6.25872 305 0 
9.92892 0 0 0 0 264.588 264.9 0.852229 9.74681 40.4993 264.987 6.25872 305 0 
9.93903 0 0 0 0 264.588 264.9 0.852229 9.74681 40.4993 264.987 6.25872 305 0 
9.94913 0 0 0 0 264.588 264.9 0.852229 9.74681 40.4993 264.987 6.25872 305 0 
9.95926 0 0 0 0 264.588 264.9 0.852229 9.74681 40.4993 264.987 6.25872 305 0 
9.96937 0 0 0 0 264.588 264.9 0.852229 9.74681 40.4993 264.987 6.25872 305 0 
9.97946 0 0 0 0 264.588 264.9 0.852229 9.74681 40.4993 264.987 6.25872 305 0 
9.98955 0 0 0 0 264.588 264.9 0.852229 9.74681 40.4993 264.987 6.25872 305 0 
9.99964 0 0 0 0 264.588 264.9 0.852229 9.74681 40.4993 264.987 6.25872 305 0 
10.0097 0 0 0 0 264.588 264.9 0.852229 9.74681 40.4993 264.987 6.25872 305 0 
10.0198 0 0 0 0 264.588 264.9 0.852229 9.74681 40.4993 264.987 6.25872 305 0 
10.0299 0 0 0 0 264.588 264.9 0.852229 9.74681 40.4993 264.987 6.25872 305 0 
10.04 0 0 0 0 264.588 264.9 0.852229 9.74681 40.4993 264.987 6.25872 305 0 
10.0501 0 0 0 0 264.588 264.9 0.852229 9.74681 40.4993 264.987 6.25872 305 0 
10.0602 0 0 0 0 264.588 264.9 0.852229 9.74681 40.4993 264.987 6.25872 305 0 
10.0703 0 0 0 0 264.588 264.9 0.852229 9.74681 40.4993 264.987 6.25872 305 0 
10.0804 0 0 0 0 264.588 264.9 0.852229 9.74681 40.4993 264.987 6.25872 305 0 
10.0904 0 0 0 0 264.588 264.9 0.852229 9.74681 40.4993 264.987 6.25872 305 0 
10.1005 0 0 0 0 264.588 264.9 0.852229 9.74681 40.4993 264.987 6.25872 305 0 
10.1106 0 0 0 0 264.588 264.9 0.852229 9.74681 40.4993 264.987 6.25872 305 0 
10.1207 0 0 0 0 264.588 264.9 0.852229 9.74681 40.4993 264.987 6.25872 305 0 
10.1308 0 0 0 0 264.588 264.9 0.852229 9.74681 40.4993 264.987 6.25872 305 0 
10.1409 0 0 0 0 264.588 264.9 0.852229 9.74681 40.4993 264.987 6.25872 305 0 
10.151 0 0 0 0 264.588 264.9 0.852229 9.74681 40.4993 264.987 6.25872 305 0 
10.1611 0 0 0 0 264.588 264.9 0.852229 9.74681 40.4993 264.987 6.25872 305 0 
10.1712 0 0 0 0 264.588 264.9 0.852229 9.74681 40.4993 264.987 6.25872 305 0 
10.1813 0 0 0 0 264.588 264.9 0.852229 9.74681 40.4993 264.987 6.25872 305 0 
10.1914 0 0 0 0 264.588 264.9 0.852229 9.74681 40.4993 264.987 6.25872 305 0 
10.2015 0 0 0 0 264.588 264.9 0.852229 9.74681 40.4993 264.987 6.25872 305 0 
10.2116 0 0 0 0 264.588 264.9 0.852229 9.74681 40.4993 264.987 6.25872 305 0 
10.2217 0 0 0 0 264.588 264.9 0.852229 9.74681 40.4993 264.987 6.25872 305 0 
10.2317 0 0 0 0 264.588 264.9 0.852229 9.74681 40.4993 264.987 6.25872 305 0 
10.2418 0 0 0 0 264.588 264.9 0.852229 9.74681 40.4993 264.987 6.25872 305 0 
10.2519 0 0 0 0 264.588 264.9 0.852229 9.74681 40.4993 264.987 6.25872 305 0 
10.262 0 0 0 0 264.588 264.9 0.852229 9.74681 40.4993 264.987 6.25872 305 0 
10.2721 0 0 0 0 264.588 264.9 0.852229 9.74681 40.4993 264.987 6.25872 305 0 
10.2822 0 0 0 0 264.588 264.9 0.852229 9.74681 40.4993 264.987 6.25872 305 0 
10.2923 0 0 0 0 264.588 264.9 0.852229 9.74681 40.4993 264.987 6.25872 305 0 
10.3024 0 0 0 0 264.588 264.9 0.852229 9.74681 40.4993 264.987 6.25872 305 0 
10.3125 0 0 0 0 264.588 264.9 0.852229 9.74681 40.4993 264.987 6.25872 305 0 
10.3226 0 0 0 0 264.588 264.9 0.852229 9.74681 40.4993 264.987 6.25872 305 0 
10.3327 0 0 0 0 264.588 264.9 0.852229 9.74681 40.4993 264.987 6.25872 305 0 
10.3428 0 0 0 0 264.588 264.9 0.852229 9.74681 40.4993 264.987 6.25872 305 0 
10.3529 0 0 0 0 264.588 264.9 0.852229 9.74681 40.4993 264.987 6.25872 305 0 
10.363 0 0 0 0 264.588 264.9 0.852229 9.74681 40.4993 264.987 6.25872 305 0 
10.3731 0 0 0 0 264.588 264.9 0.852229 9.74681 40.4993 264.987 6.25872 305 0 
10.3832 0 0 0 0 264.588 264.9 0.852229 9.74681 40.4993 264.987 6.25872 305 0 
10.3933 0 0 0 0 264.588 264.9 0.852229 9.74681 40.4993 264.987 6.25872 305 0 
10.4034 0 0 0 0 264.588 264.9 0.852229 9.74681 40.4993 264.987 6.25872 305 0 
10.4135 0 0 0 0 264.588 264.9 0.852229 9.74681 40.4993 264.987 6.25872 305 0 
10.4236 0 0 0 0 264.588 264.9 0.852229 9.74681 40.4993 264.987 6.25872 305 0 
10.4337 0 0 0 0 264.588 264.9 0.852229 9.74681 40.4993 264.987 6.25872 305 0 
10.4438 0 0 0 0 264.588 264.9 0.852229 9.74681 40.4993 264.987 6.25872 305 0 
10.4539 0 0 0 0 264.588 264.9 0.852229 9.74681 40.4993 264.987 6.25872 305 0 
10.464 0 0 0 0 264.588 264.9 0.852229 9.74681 40.4993 264.987 6.25872 305 0 
10.4741 0 0 0 0 264.588 264.9 0.852229 9.74681 40.4993 264.987 6.25872 305 0 
10.4842 0 0 0 0 264.588 264.9 0.852229 9.74681 40.4993 264.987 6.25872 305 0 
10.4943 0 0 0 0 264.588 264.9 0.852229 9.74681 40.4993 264.987 6.25872 305 0 
10.5044 0 0 0 0 264.588 264.9 0.852229 9.74681 40.4993 264.987 6.25872 305 0 
10.5144 0 0 0 0 264.588 264.9 0.852229 9.74681 40.4993 264.987 6.25872 305 0 
10.5245 0 0 0 0 264.588 264.9 0.852229 9.74681 40.4993 264.987 6.25872 305 0 
10.5346 0 0 0 0 264.588 264.9 0.852229 9.74681 40.4993 264.987 6.25872 305 0 
10.5447 0 0 0 0 264.588 264.9 0.852229 9.74681 40.4993 264.987 6.25872 305 0 
10.5548 0 0 0 0 264.588 264.9 0.852229 9.74681 40.4993 264.987 6.25872 305 0 
10.5649 0 0 0 0 264.588 264.9 0.852229 9.74681 40.4993 264.987 6.25872 305 0 
10.575 0 0 0 0 264.588 264.9 0.852229 9.74681 40.4993 264.987 6.25872 305 0 
10.5851 0 0 0 0 264.588 264.9 0.852229 9.74681 40.4993 264.987 6.25872 305 0 
10.5952 0 0 0 0 264.588 264.9 0.852229 9.74681 40.4993 264.987 6.25872 305 0 
10.6054 0 0 0 0 264.588 264.9 0.852229 9.74681 40.4993 264.987 6.25872 305 0 
10.6155 0 0 0 0 264.588 264.9 0.852229 9.74681 40.4993 264.987 6.25872 305 0 
10.6256 0 0 0 0 264.588 264.9 0.852229 9.74681 40.4993 264.987 6.25872 305 0 
10.6357 0 0 0 0 264.588 264.9 0.852229 9.74681 40.4993 264.987 6.25872 305 0 
10.6459 0 0 0 0 264.588 264.9 0.852229 9.74681 40.4993 264.987 6.25872 305 0 
10.656 0 0 0 0 264.588 264.9 0.852229 9.74681 40.4993 264.987 6.25872 305 0 
10.6661 0 0 0 0 264.588 264.9 0.852229 9.74681 40.4993 264.987 6.25872 305 0 
10.6762 0 0 0 0 264.588 264.9 0.852229 9.74681 40.4993 264.987 6.25872 305 0 
10.6863 0 0 0 0 264.588 264.9 0.852229 9.74681 40.4993 264.987 6.25872 305 0 
10.6964 0 0 0 0 264.588 264.9 0.852229 9.74681 40.4993 264.987 6.25872 305 0 
10.7066 0 0 0 0 264.588 264.9 0.852229 9.74681 40.4993 264.987 6.25872 305 0 
10.7167 0 0 0 0 264.588 264.9 0.852229 9.74681 40.4993 264.987 6.25872 305 0 
10.7268 0 0 0 0 264.588 264.9 0.852229 9.74681 40.4993 264.987 6.25872 305 0 
10.737 0 0 0 0 264.588 264.9 0.852229 9.74681 40.4993 264.987 6.25872 305 0 
10.7471 0 0 0 0 264.588 264.9 0.852229 9.74681 40.4993 264.987 6.25872 305 0 
10.7573 0 0 0 0 264.588 264.9 0.852229 9.74681 40.4993 264.987 6.25872 305 0 
10.7674 0 0 0 0 264.588 264.9 0.852229 9.74681 40.4993 264.987 6.25872 305 0 
10.7775 0 0 0 0 264.588 264.9 0.852229 9.74681 40.4993 264.987 6.25872 305 0 
10.7876 0 0 0 0 264.588 264.9 0.852229 9.74681 40.4993 264.987 6.25872 305 0 
10.7977 0 0 0 0 264.588 264.9 0.852229 9.74681 40.4993 264.987 6.25872 305 0 
10.8078 0 0 0 0 264.588 264.9 0.852229 9.74681 40.4993 264.987 6.25872 305 0 
10.8179 0 0 0 0 264.588 264.9 0.852229 9.74681 40.4993 264.987 6.25872 305 0 
10.8279 0 0 0 0 264.588 264.9 0.852229 9.74681 40.4993 264.987 6.25872 305 0 
10.838 0 0 0 0 264.588 264.9 0.852229 9.74681 40.4993 264.987 6.25872 305 0 
10.8481 0 0 0 0 264.588 264.9 0.852229 9.74681 40.4993 264.987 6.25872 305 0 
10.8582 0 0 0 0 264.588 264.9 0.852229 9.74681 40.4993 264.987 6.25872 305 0 
10.8683 0 0 0 0 264.588 264.9 0.852229 9.74681 40.4993 264.987 6.25872 305 0 
10.8784 0 0 0 0 264.588 264.9 0.852229 9.74681 40.4993 264.987 6.25872 305 0 
10.8885 0 0 0 0 264.588 264.9 0.852229 9.74681 40.4993 264.987 6.25872 305 0 
10.8986 0 0 0 0 264.588 264.9 0.852229 9.74681 40.4993 264.987 6.25872 305 0 
10.9087 0 0 0 0 264.588 264.9 0.852229 9.74681 40.4993 264.987 6.25872 305 0 
10.9188 0 0 0 0 264.588 264.9 0.852229 9.74681 40.4993 264.987 6.25872 305 0 
10.9289 0 0 0 0 264.588 264.9 0.852229 9.74681 40.4993 264.987 6.25872 305 0 
10.939 0 0 0 0 264.588 264.9 0.852229 9.74681 40.4993 264.987 6.25872 305 0 
10.9491 0 0 0 0 264.588 264.9 0.852229 9.74681 40.4993 264.987 6.25872 305 0 
10.9592 0 0 0 0 264.588 264.9 0.852229 9.74681 40.4993 264.987 6.25872 305 0 
10.9693 0 0 0 0 264.588 264.9 0.852229 9.74681 40.4993 264.987 6.25872 305 0 
10.9794 0 0 0 0 264.588 264.9 0.852229 9.74681 40.4993 264.987 6.25872 305 0 
10.9895 0 0 0 0 264.588 264.9 0.852229 9.74681 40.4993 264.987 6.25872 305 0 
10.9996 0 0 0 0 264.588 264.9 0.852229 9.74681 40.4993 264.987 6.25872 305 0 
11.0097 0 0 0 0 264.588 264.9 0.852229 9.74681 40.4993 264.987 6.25872 305 0 
11.0198 0 0 0 0 264.588 264.9 0.852229 9.74681 40.4993 264.987 6.25872 305 0 
11.0299 0 0 0 0 264.588 264.9 0.852229 9.74681 40.4993 264.987 6.25872 305 0 
11.04 0 0 0 0 264.588 264.9 0.852229 9.74681 40.4993 264.987 6.25872 305 0 
11.0501 0 0 0 0 264.588 264.9 0.852229 9.74681 40.4993 264.987 6.25872 305 0 
11.0602 0 0 0 0 264.588 264.9 0.852229 9.74681 40.4993 264.987 6.25872 305 0 
11.0703 0 0 0 0 264.588 264.9 0.852229 9.74681 40.4993 264.987 6.25872 305 0 
11.0804 0 0 0 0 264.588 264.9 0.852229 9.74681 40.4993 264.987 6.25872 305 0 
11.0905 0 0 0 0 264.588 264.9 0.852229 9.74681 40.4993 264.987 6.25872 305 0 
11.1006 0 0 0 0 264.588 264.9 0.852229 9.74681 40.4993 264.987 6.25872 305 0 
11.1107 0 0 0 0 264.588 264.9 0.852229 9.74681 40.4993 264.987 6.25872 305 0 
11.1208 0 0 0 0 264.588 264.9 0.852229 9.74681 40.4993 264.987 6.25872 305 0 
11.132 0 0 0 0 264.588 264.9 0.852229 9.74681 40.4993 264.987 6.25872 305 0 
11.142 0 0 0 0 264.588 264.9 0.852229 9.74681 40.4993 264.987 6.25872 305 0 
11.1521 0 0 0 0 264.588 264.9 0.852229 9.74681 40.4993 264.987 6.25872 305 0 
11.1622 0 0 0 0 264.588 264.9 0.852229 9.74681 40.4993 264.987 6.25872 305 0 
11.1723 0 0 0 0 264.588 264.9 0.852229 9.74681 40.4993 264.987 6.25872 305 0 
11.1824 0 0 0 0 264.588 264.9 0.852229 9.74681 40.4993 264.987 6.25872 305 0 
11.1925 0 0 0 0 264.588 264.9 0.852229 9.74681 40.4993 264.987 6.25872 305 0 
11.2026 0 0 0 0 264.588 264.9 0.852229 9.74681 40.4993 264.987 6.25872 305 0 
11.2127 0 0 0 0 264.588 264.9 0.852229 9.74681 40.4993 264.987 6.25872 305 0 
11.2229 0 0 0 0 264.588 264.9 0.852229 9.74681 40.4993 264.987 6.25872 305 0 
11.233 0 0 0 0 264.588 264.9 0.852229 9.74681 40.4993 264.987 6.25872 305 0 
11.2431 0 0 0 0 264.588 264.9 0.852229 9.74681 40.4993 264.987 6.25872 305 0 
11.2532 0 0 0 0 264.588 264.9 0.852229 9.74681 40.4993 264.987 6.25872 305 0 
11.2633 0 0 0 0 264.588 264.9 0.852229 9.74681 40.4993 264.987 6.25872 305 0 
11.2734 0 0 0 0 264.588 264.9 0.852229 9.74681 40.4993 264.987 6.25872 305 0 
11.2836 0 0 0 0 264.588 264.9 0.852229 9.74681 40.4993 264.987 6.25872 305 0 
11.2937 0 0 0 0 264.588 264.9 0.852229 9.74681 40.4993 264.987 6.25872 305 0 
11.3038 0 0 0 0 264.588 264.9 0.852229 9.74681 40.4993 264.987 6.25872 305 0 
11.3139 0 0 0 0 264.588 264.9 0.852229 9.74681 40.4993 264.987 6.25872 305 0 
11.324 0 0 0 0 264.588 264.9 0.852229 9.74681 40.4993 264.987 6.25872 305 0 
11.3341 0 0 0 0 264.588 264.9 0.852229 9.74681 40.4993 264.987 6.25872 305 0 
11.3442 0 0 0 0 264.588 264.9 0.852229 9.74681 40.4993 264.987 6.25872 305 0 
11.3543 0 0 0 0 264.588 264.9 0.852229 9.74681 40.4993 264.987 6.25872 305 0 
11.3644 0 0 0 0 264.588 264.9 0.852229 9.74681 40.4993 264.987 6.25872 305 0 
11.3745 0 0 0 0 264.588 264.9 0.852229 9.74681 40.4993 264.987 6.25872 305 0 
11.3846 0 0 0 0 264.588 264.9 0.852229 9.74681 40.4993 264.987 6.25872 305 0 
11.3947 0 0 0 0 264.588 264.9 0.852229 9.74681 40.4993 264.987 6.25872 305 0 
11.4048 0 0 0 0 264.588 264.9 0.852229 9.74681 40.4993 264.987 6.25872 305 0 
11.415 0 0 0 0 264.588 264.9 0.852229 9.74681 40.4993 264.987 6.25872 305 0 
11.4251 0 0 0 0 264.588 264.9 0.852229 9.74681 40.4993 264.987 6.25872 305 0 
11.4352 0 0 0 0 264.588 264.9 0.852229 9.74681 40.4993 264.987 6.25872 305 0 
11.4454 0 0 0 0 264.588 264.9 0.852229 9.74681 40.4993 264.987 6.25872 305 0 
11.4555 0 0 0 0 264.588 264.9 0.852229 9.74681 40.4993 264.987 6.25872 305 0 
11.4656 0 0 0 0 264.588 264.9 0.852229 9.74681 40.4993 264.987 6.25872 305 0 
11.4757 0 0 0 0 264.588 264.9 0.852229 9.74681 40.4993 264.987 6.25872 305 0 
11.4858 0 0 0 0 264.588 264.9 0.852229 9.74681 40.4993 264.987 6.25872 305 0 
11.4959 0 0 0 0 264.588 264.9 0.852229 9.74681 40.4993 264.987 6.25872 305 0 
11.5061 0 0 0 0 264.588 264.9 0.852229 9.74681 40.4993 264.987 6.25872 305 0 
11.5162 0 0 0 0 264.588 264.9 0.852229 9.74681 40.4993 264.987 6.25872 305 0 
11.5263 0 0 0 0 264.588 264.9 0.852229 9.74681 40.4993 264.987 6.25872 305 0 
11.5364 0 0 0 0 264.588 264.9 0.852229 9.74681 40.4993 264.987 6.25872 305 0 
11.5465 0 0 0 0 264.588 264.9 0.852229 9.74681 40.4993 264.987 6.25872 305 0 
11.5566 0 0 0 0 264.588 264.9 0.852229 9.74681 40.4993 264.987 6.25872 305 0 
11.5668 0 0 0 0 264.588 264.9 0.852229 9.74681 40.4993 264.987 6.25872 305 0 
11.577 0 0 0 0 264.588 264.9 0.852229 9.74681 40.4993 264.987 6.25872 305 0 
11.5871 0 0 0 0 264.588 264.9 0.852229 9.74681 40.4993 264.987 6.25872 305 0 
11.5973 0 0 0 0 264.588 264.9 0.852229 9.74681 40.4993 264.987 6.25872 305 0 
11.6074 0 0 0 0 264.588 264.9 0.852229 9.74681 40.4993 264.987 6.25872 305 0 
11.6175 0 0 0 0 264.588 264.9 0.852229 9.74681 40.4993 264.987 6.25872 305 0 
11.6277 0 0 0 0 264.588 264.9 0.852229 9.74681 40.4993 264.987 6.25872 305 0 
11.6378 0 0 0 0 264.588 264.9 0.852229 9.74681 40.4993 264.987 6.25872 305 0 
11.648 0 0 0 0 264.588 264.9 0.852229 9.74681 40.4993 264.987 6.25872 305 0 
11.6581 0 0 0 0 264.588 264.9 0.852229 9.74681 40.4993 264.987 6.25872 305 0 
11.6682 0 0 0 0 264.588 264.9 0.852229 9.74681 40.4993 264.987 6.25872 305 0 
11.6783 0 0 0 0 264.588 264.9 0.852229 9.74681 40.4993 264.987 6.25872 305 0 
11.6885 0 0 0 0 264.588 264.9 0.852229 9.74681 40.4993 264.987 6.25872 305 0 
11.6987 0 0 0 0 264.588 264.9 0.852229 9.74681 40.4993 264.987 6.25872 305 0 
11.7088 0 0 0 0 264.588 264.9 0.852229 9.74681 40.4993 264.987 6.25872 305 0 
11.719 0 0 0 0 264.588 264.9 0.852229 9.74681 40.4993 264.987 6.25872 305 0 
11.7291 0 0 0 0 264.588 264.9 0.852229 9.74681 40.4993 264.987 6.25872 305 0 
11.7392 0 0 0 0 264.588 264.9 0.852229 9.74681 40.4993 264.987 6.25872 305 0 
11.7494 0 0 0 0 264.588 264.9 0.852229 9.74681 40.4993 264.987 6.25872 305 0 
11.7595 0 0 0 0 264.588 264.9 0.852229 9.74681 40.4993 264.987 6.25872 305 0 
11.7697 0 0 0 0 264.588 264.9 0.852229 9.74681 40.4993 264.987 6.25872 305 0 
11.7798 0 0 0 0 264.588 264.9 0.852229 9.74681 40.4993 264.987 6.25872 305 0 
11.79 0 0 0 0 264.588 264.9 0.852229 9.74681 40.4993 264.987 6.25872 305 0 
11.8001 0 0 0 0 264.588 264.9 0.852229 9.74681 40.4993 264.987 6.25872 305 0 
11.8103 0 0 0 0 264.588 264.9 0.852229 9.74681 40.4993 264.987 6.25872 305 0 
11.8204 0 0 0 0 264.588 264.9 0.852229 9.74681 40.4993 264.987 6.25872 305 0 
11.8305 0 0 0 0 264.588 264.9 0.852229 9.74681 40.4993 264.987 6.25872 305 0 
11.8407 0 0 0 0 264.588 264.9 0.852229 9.74681 40.4993 264.987 6.25872 305 0 
11.8508 0 0 0 0 264.588 264.9 0.852229 9.74681 40.4993 264.987 6.25872 305 0 
11.8609 0 0 0 0 264.588 264.9 0.852229 9.74681 40.4993 264.987 6.25872 305 0 
11.871 0 0 0 0 264.588 264.9 0.852229 9.74681 40.4993 264.987 6.25872 305 0 
11.8811 0 0 0 0 264.588 264.9 0.852229 9.74681 40.4993 264.987 6.25872 305 0 
11.8912 0 0 0 0 264.588 264.9 0.852229 9.74681 40.4993 264.987 6.25872 305 0 
11.9013 0 0 0 0 264.588 264.9 0.852229 9.74681 40.4993 264.987 6.25872 305 0 
11.9115 0 0 0 0 264.588 264.9 0.852229 9.74681 40.4993 264.987 6.25872 305 0 
11.9216 0 0 0 0 264.588 264.9 0.852229 9.74681 40.4993 264.987 6.25872 305 0 
11.9318 0 0 0 0 264.588 264.9 0.852229 9.74681 40.4993 264.987 6.25872 305 0 
11.9419 0 0 0 0 264.588 264.9 0.852229 9.74681 40.4993 264.987 6.25872 305 0 
11.952 0 0 0 0 264.588 264.9 0.852229 9.74681 40.4993 264.987 6.25872 305 0 
11.9621 0 0 0 0 264.588 264.9 0.852229 9.74681 40.4993 264.987 6.25872 305 0 
11.9723 0 0 0 0 264.588 264.9 0.852229 9.74681 40.4993 264.987 6.25872 305 0 
11.9824 0 0 0 0 264.588 264.9 0.852229 9.74681 40.4993 264.987 6.25872 305 0 
11.9926 0 0 0 0 264.588 264.9 0.852229 9.74681 40.4993 264.987 6.25872 305 0 
12.0027 0 0 0 0 264.588 264.9 0.852229 9.74681 40.4993 264.987 6.25872 305 0 
12.0128 0 0 0 0 264.588 264.9 0.852229 9.74681 40.4993 264.987 6.25872 305 0 
12.023 0 0 0 0 264.588 264.9 0.852229 9.74681 40.4993 264.987 6.25872 305 0 
12.0331 0 0 0 0 264.588 264.9 0.852229 9.74681 40.4993 264.987 6.25872 305 0 
12.0433 0 0 0 0 264.588 264.9 0.852229 9.74681 40.4993 264.987 6.25872 305 0 
12.0535 0 0 0 0 264.588 264.9 0.852229 9.74681 40.4993 264.987 6.25872 305 0 
12.0636 0 0 0 0 264.588 264.9 0.852229 9.74681 40.4993 264.987 6.25872 305 0 
12.0739 0 0 0 0 264.588 264.9 0.852229 9.74681 40.4993 264.987 6.25872 305 0 
12.0841 0 0 0 0 264.588 264.9 0.852229 9.74681 40.4993 264.987 6.25872 305 0 
12.0943 0 0 0 0 264.588 264.9 0.852229 9.74681 40.4993 264.987 6.25872 305 0 
12.1045 0 0 0 0 264.588 264.9 0.852229 9.74681 40.4993 264.987 6.25872 305 0 
12.1146 0 0 0 0 264.588 264.9 0.852229 9.74681 40.4993 264.987 6.25872 305 0 
12.1247 0 0 0 0 264.588 264.9 0.852229 9.74681 40.4993 264.987 6.25872 305 0 
12.1349 0 0 0 0 264.588 264.9 0.852229 9.74681 40.4993 264.987 6.25872 305 0 
12.145 0 0 0 0 264.588 264.9 0.852229 9.74681 40.4993 264.987 6.25872 305 0 
12.1552 0 0 0 0 264.588 264.9 0.852229 9.74681 40.4993 264.987 6.25872 305 0 
12.1653 0 0 0 0 264.588 264.9 0.852229 9.74681 40.4993 264.987 6.25872 305 0 
12.1755 0 0 0 0 264.588 264.9 0.852229 9.74681 40.4993 264.987 6.25872 305 0 
12.1856 0 0 0 0 264.588 264.9 0.852229 9.74681 40.4993 264.987 6.25872 305 0 
12.1957 0 0 0 0 264.588 264.9 0.852229 9.74681 40.4993 264.987 6.25872 305 0 
12.2059 0 0 0 0 264.588 264.9 0.852229 9.74681 40.4993 264.987 6.25872 305 0 
12.216 0 0 0 0 264.588 264.9 0.852229 9.74681 40.4993 264.987 6.25872 305 0 
12.2261 0 0 0 0 264.588 264.9 0.852229 9.74681 40.4993 264.987 6.25872 305 0 
12.2362 0 0 0 0 264.588 264.9 0.852229 9.74681 40.4993 264.987 6.25872 305 0 
12.2464 0 0 0 0 264.588 264.9 0.852229 9.74681 40.4993 264.987 6.25872 305 0 
12.2565 0 0 0 0 264.588 264.9 0.852229 9.74681 40.4993 264.987 6.25872 305 0 
12.2666 0 0 0 0 264.588 264.9 0.852229 9.74681 40.4993 264.987 6.25872 305 0 
12.2767 0 0 0 0 264.588 264.9 0.852229 9.74681 40.4993 264.987 6.25872 305 0 
12.2869 0 0 0 0 264.588 264.9 0.852229 9.74681 40.4993 264.987 6.25872 305 0 
12.297 0 0 0 0 264.588 264.9 0.852229 9.74681 40.4993 264.987 6.25872 305 0 
12.3071 0 0 0 0 264.588 264.9 0.852229 9.74681 40.4993 264.987 6.25872 305 0 
12.3172 0 0 0 0 264.588 264.9 0.852229 9.74681 40.4993 264.987 6.25872 305 0 
12.3274 0 0 0 0 264.588 264.9 0.852229 9.74681 40.4993 264.987 6.25872 305 0 
12.3375 0 0 0 0 264.588 264.9 0.852229 9.74681 40.4993 264.987 6.25872 305 0 
12.3476 0 0 0 0 264.588 264.9 0.852229 9.74681 40.4993 264.987 6.25872 305 0 
12.3578 0 0 0 0 264.588 264.9 0.852229 9.74681 40.4993 264.987 6.25872 305 0 
12.3681 0 0 0 0 264.588 264.9 0.852229 9.74681 40.4993 264.987 6.25872 305 0 
12.3782 0 0 0 0 264.588 264.9 0.852229 9.74681 40.4993 264.987 6.25872 305 0 
12.3883 0 0 0 0 264.588 264.9 0.852229 9.74681 40.4993 264.987 6.25872 305 0 
12.3984 0 0 0 0 264.588 264.9 0.852229 9.74681 40.4993 264.987 6.25872 305 0 
12.4085 0 0 0 0 264.588 264.9 0.852229 9.74681 40.4993 264.987 6.25872 305 0 
12.4186 0 0 0 0 264.588 264.9 0.852229 9.74681 40.4993 264.987 6.25872 305 0 
12.429 0 0 0 0 264.588 264.9 0.852229 9.74681 40.4993 264.987 6.25872 305 0 
12.4391 0 0 0 0 264.588 264.9 0.852229 9.74681 40.4993 264.987 6.25872 305 0 
12.4526 0 0 0 0 264.588 264.9 0.852229 9.74681 40.4993 264.987 6.25872 305 0 
12.4627 0 0 0 0 264.588 264.9 0.852229 9.74681 40.4993 264.987 6.25872 305 0 
12.4728 0 0 0 0 264.588 264.9 0.852229 9.74681 40.4993 264.987 6.25872 305 0 
12.4829 0 0 0 0 264.588 264.9 0.852229 9.74681 40.4993 264.987 6.25872 305 0 
12.493 0 0 0 0 264.588 264.9 0.852229 9.74681 40.4993 264.987 6.25872 305 0 
12.5032 0 0 0 0 264.588 264.9 0.852229 9.74681 40.4993 264.987 6.25872 305 0 
12.5133 0 0 0 0 264.588 264.9 0.852229 9.74681 40.4993 264.987 6.25872 305 0 
12.5234 0 0 0 0 264.588 264.9 0.852229 9.74681 40.4993 264.987 6.25872 305 0 
12.5335 0 0 0 0 264.588 264.9 0.852229 9.74681 40.4993 264.987 6.25872 305 0 
12.5436 0 0 0 0 264.588 264.9 0.852229 9.74681 40.4993 264.987 6.25872 305 0 
12.5538 0 0 0 0 264.588 264.9 0.852229 9.74681 40.4993 264.987 6.25872 305 0 
12.5639 0 0 0 0 264.588 264.9 0.852229 9.74681 40.4993 264.987 6.25872 305 0 
12.574 0 0 0 0 264.588 264.9 0.852229 9.74681 40.4993 264.987 6.25872 305 0 
12.5841 0 0 0 0 264.588 264.9 0.852229 9.74681 40.4993 264.987 6.25872 305 0 
12.5942 0 0 0 0 264.588 264.9 0.852229 9.74681 40.4993 264.987 6.25872 305 0 
12.6043 0 0 0 0 264.588 264.9 0.852229 9.74681 40.4993 264.987 6.25872 305 0 
12.6144 0 0 0 0 264.588 264.9 0.852229 9.74681 40.4993 264.987 6.25872 305 0 
12.6245 0 0 0 0 264.588 264.9 0.852229 9.74681 40.4993 264.987 6.25872 305 0 
12.6346 0 0 0 0 264.588 264.9 0.852229 9.74681 40.4993 264.987 6.25872 305 0 
12.6448 0 0 0 0 264.588 264.9 0.852229 9.74681 40.4993 264.987 6.25872 305 0 
12.6549 0 0 0 0 264.588 264.9 0.852229 9.74681 40.4993 264.987 6.25872 305 0 
12.665 0 0 0 0 264.588 264.9 0.852229 9.74681 40.4993 264.987 6.25872 305 0 
12.6753 0 0 0 0 264.588 264.9 0.852229 9.74681 40.4993 264.987 6.25872 305 0 
12.6854 0 0 0 0 264.588 264.9 0.852229 9.74681 40.4993 264.987 6.25872 305 0 
12.6955 0 0 0 0 264.588 264.9 0.852229 9.74681 40.4993 264.987 6.25872 305 0 
12.7056 0 0 0 0 264.588 264.9 0.852229 9.74681 40.4993 264.987 6.25872 305 0 
12.7157 0 0 0 0 264.588 264.9 0.852229 9.74681 40.4993 264.987 6.25872 305 0 
12.7258 0 0 0 0 264.588 264.9 0.852229 9.74681 40.4993 264.987 6.25872 305 0 
12.7359 0 0 0 0 264.588 264.9 0.852229 9.74681 40.4993 264.987 6.25872 305 0 
12.746 0 0 0 0 264.588 264.9 0.852229 9.74681 40.4993 264.987 6.25872 305 0 
12.7561 0 0 0 0 264.588 264.9 0.852229 9.74681 40.4993 264.987 6.25872 305 0 
12.7662 0 0 0 0 264.588 264.9 0.852229 9.74681 40.4993 264.987 6.25872 305 0 
12.7763 0 0 0 0 264.588 264.9 0.852229 9.74681 40.4993 264.987 6.25872 305 0 
12.7865 0 0 0 0 264.588 264.9 0.852229 9.74681 40.4993 264.987 6.25872 305 0 
12.7965 0 0 0 0 264.588 264.9 0.852229 9.74681 40.4993 264.987 6.25872 305 0 
12.8067 0 0 0 0 264.588 264.9 0.852229 9.74681 40.4993 264.987 6.25872 305 0 
12.8168 0 0 0 0 264.588 264.9 0.852229 9.74681 40.4993 264.987 6.25872 305 0 
12.8269 0 0 0 0 264.588 264.9 0.852229 9.74681 40.4993 264.987 6.25872 305 0 
12.837 0 0 0 0 264.588 264.9 0.852229 9.74681 40.4993 264.987 6.25872 305 0 
12.8471 0 0 0 0 264.588 264.9 0.852229 9.74681 40.4993 264.987 6.25872 305 0 
12.8573 0 0 0 0 264.588 264.9 0.852229 9.74681 40.4993 264.987 6.25872 305 0 
12.8675 0 0 0 0 264.588 264.9 0.852229 9.74681 40.4993 264.987 6.25872 305 0 
12.8776 0 0 0 0 264.588 264.9 0.852229 9.74681 40.4993 264.987 6.25872 305 0 
12.8877 0 0 0 0 264.588 264.9 0.852229 9.74681 40.4993 264.987 6.25872 305 0 
12.8978 0 0 0 0 264.588 264.9 0.852229 9.74681 40.4993 264.987 6.25872 305 0 
12.908 0 0 0 0 264.588 264.9 0.852229 9.74681 40.4993 264.987 6.25872 305 0 
12.9181 0 0 0 0 264.588 264.9 0.852229 9.74681 40.4993 264.987 6.25872 305 0 
12.9282 0 0 0 0 264.588 264.9 0.852229 9.74681 40.4993 264.987 6.25872 305 0 
12.9384 0 0 0 0 264.588 264.9 0.852229 9.74681 40.4993 264.987 6.25872 305 0 
12.9485 0 0 0 0 264.588 264.9 0.852229 9.74681 40.4993 264.987 6.25872 305 0 
12.9586 0 0 0 0 264.588 264.9 0.852229 9.74681 40.4993 264.987 6.25872 305 0 
12.9688 0 0 0 0 264.588 264.9 0.852229 9.74681 40.4993 264.987 6.25872 305 0 
12.9789 0 0 0 0 264.588 264.9 0.852229 9.74681 40.4993 264.987 6.25872 305 0 
12.989 0 0 0 0 264.588 264.9 0.852229 9.74681 40.4993 264.987 6.25872 305 0 
12.9991 0 0 0 0 264.588 264.9 0.852229 9.74681 40.4993 264.987 6.25872 305 0 
13.0092 0 0 0 0 264.588 264.9 0.852229 9.74681 40.4993 264.987 6.25872 305 0 
