0 0 0 0 0 0 0 0 0 0 0 0 0 0
0.01 0 0 0 0 0 0 0 0 305 0 0 305 0 
0.045826 0.00208333 0.00104167 4.57917 2.28958 0.0890869 0.0222717 -0.182621 -0.182637 304.944 0.0557499 -8.88017e-05 305 0 
0.056031 0.00416667 0.00208333 9.15833 4.57917 0.178174 0.0668151 -0.304368 -0.304438 304.877 0.122649 -0.000372967 305 0 
0.066125 0.00416667 0.00416667 9.15833 9.15833 0.267261 0.155902 -0.304368 -0.304527 304.788 0.211848 -0.000846574 305 0 
0.076225 0.00625 0.00416667 13.7375 9.15833 0.400891 0.244989 -0.426115 -0.426408 304.677 0.323346 -0.00155698 305 0 
0.086329 0.00625 0.00416667 13.7375 9.15833 0.534521 0.334076 -0.547862 -0.548333 304.565 0.434842 -0.00250419 305 0 
0.096423 0.00625 0.00625 13.7375 13.7375 0.668151 0.489978 -0.486988 -0.487706 304.42 0.579786 -0.00381252 305 0 
0.10651 0.00833333 0.00729167 18.3167 16.0271 0.846325 0.64588 -0.547862 -0.548864 304.253 0.747029 -0.00532213 305 0 
0.116621 0.00833333 0.00729167 18.3167 16.0271 1.0245 0.801782 -0.608735 -0.610057 304.086 0.91427 -0.00700933 305 0 
0.126727 0.00833333 0.009375 18.3167 20.6063 1.20267 1.00223 -0.547862 -0.549545 303.896 1.10381 -0.0089215 305 0 
0.136839 0.0104167 0.00833333 22.8958 18.3167 1.42539 1.1804 -0.669609 -0.671695 303.695 1.3045 -0.0110527 305 0 
0.146952 0.0104167 0.0104167 22.8958 22.8958 1.64811 1.40312 -0.669609 -0.672189 303.473 1.52748 -0.0136575 305 0 
0.157054 0.0104167 0.0104167 22.8958 22.8958 1.87082 1.62584 -0.669609 -0.672683 303.25 1.75047 -0.0162623 305 0 
0.167163 0.0114583 0.0125 25.1854 27.475 2.13808 1.8931 -0.669609 -0.673277 302.982 2.01805 -0.019388 305 0 
0.177304 0.0125 0.0114583 27.475 25.1854 2.40535 2.13808 -0.730482 -0.734747 302.726 2.27448 -0.0225197 305 0 
0.18743 0.0135417 0.0125 29.7646 27.475 2.69488 2.40535 -0.791356 -0.796325 302.447 2.55321 -0.0262197 305 0 
0.197541 0.0125 0.0125 27.475 27.475 2.98441 2.67261 -0.852229 -0.857962 302.168 2.83193 -0.0302156 305 0 
0.207662 0.0145833 0.0125 32.0542 27.475 3.29621 2.96214 -0.913103 -0.919721 301.867 3.13294 -0.0348509 305 0 
0.217773 0.0145833 0.0145833 32.0542 32.0542 3.60802 3.27394 -0.913103 -0.920673 301.555 3.4451 -0.0398236 305 0 
0.227882 0.0145833 0.0145833 32.0542 32.0542 3.91982 3.58575 -0.913103 -0.921627 301.243 3.75726 -0.0447963 305 0 
0.238027 0.015625 0.0145833 34.3438 32.0542 4.27617 3.89755 -1.03485 -1.04447 300.908 4.09172 -0.0504793 305 0 
0.248395 0.0166667 0.0166667 36.6333 36.6333 4.63252 4.2539 -1.03485 -1.04571 300.552 4.44846 -0.05692 305 0 
0.258499 0.0125 0.0125 27.475 27.475 4.89978 4.52116 -1.03485 -1.04664 300.284 4.71601 -0.0617506 305 0 
0.268605 0.015625 0.015625 34.3438 34.3438 5.23385 4.85523 -1.03485 -1.04781 299.95 5.05046 -0.0677888 305 0 
0.278706 0.0166667 0.0166667 36.6333 36.6333 5.5902 5.21158 -1.03485 -1.04905 299.593 5.4072 -0.0742295 305 0 
0.288823 0.01875 0.0177083 41.2125 38.9229 5.99109 5.61247 -1.03485 -1.05046 299.191 5.80854 -0.0814754 305 0 
0.298938 0.0177083 0.0166667 38.9229 36.6333 6.36971 5.96882 -1.09572 -1.11266 298.824 6.17642 -0.0883127 305 0 
0.309051 0.0177083 0.01875 38.9229 41.2125 6.74833 6.36971 -1.03485 -1.05321 298.433 6.5666 -0.0955644 305 0 
0.319171 0.01875 0.01875 41.2125 41.2125 7.17149 6.7706 -1.09572 -1.11558 298.021 6.97908 -0.103231 305 0 
0.329279 0.0197917 0.01875 43.5021 41.2125 7.59465 7.17149 -1.1566 -1.17804 297.608 7.39155 -0.111335 305 0 
0.339392 0.0208333 0.0197917 45.7917 43.5021 8.04009 7.61693 -1.1566 -1.17981 297.163 7.83746 -0.120333 305 0 
0.349541 0.0208333 0.0208333 45.7917 45.7917 8.48552 8.06236 -1.1566 -1.18158 296.717 8.28337 -0.129331 305 0 
0.359649 0.0208333 0.0208333 45.7917 45.7917 8.93096 8.5078 -1.1566 -1.18336 296.271 8.72928 -0.138329 305 0 
0.369757 0.021875 0.0208333 48.0812 45.7917 9.42094 8.95323 -1.27834 -1.30708 295.803 9.19748 -0.148274 305 0 
0.37987 0.021875 0.021875 48.0812 48.0812 9.88864 9.42094 -1.27834 -1.30915 295.334 9.66566 -0.158716 305 0 
0.389993 0.021875 0.0208333 48.0812 45.7917 10.3563 9.88864 -1.27834 -1.31123 294.866 10.1338 -0.169158 305 0 
0.400099 0.021875 0.021875 48.0812 48.0812 10.8463 10.3563 -1.33922 -1.37429 294.387 10.6132 -0.180103 305 0 
0.410211 0.0229167 0.021875 50.3708 48.0812 11.3363 10.8241 -1.40009 -1.43745 293.908 11.0925 -0.191558 305 0 
0.420318 0.0229167 0.0229167 50.3708 50.3708 11.8263 11.314 -1.40009 -1.43986 293.417 11.5829 -0.203539 305 0 
0.430421 0.0229167 0.0229167 50.3708 50.3708 12.3163 11.804 -1.40009 -1.44227 292.927 12.0734 -0.21552 305 0 
0.440531 0.0229167 0.021875 50.3708 48.0812 12.8062 12.2717 -1.46096 -1.50556 292.447 12.5527 -0.227483 305 0 
0.450642 0.0229167 0.0229167 50.3708 50.3708 13.2962 12.784 -1.40009 -1.44722 291.946 13.0543 -0.240003 305 0 
0.460766 0.0229167 0.0229167 50.3708 50.3708 13.7862 13.2739 -1.40009 -1.44965 291.455 13.5447 -0.251984 305 0 
0.470875 0.0229167 0.0229167 50.3708 50.3708 14.2984 13.7639 -1.46096 -1.51308 290.954 14.0463 -0.264504 305 0 
0.480983 0.0229167 0.0239583 50.3708 52.6604 14.8107 14.2762 -1.46096 -1.51575 290.441 14.5591 -0.277574 305 0 
0.504086 0.0229167 0.0229167 50.3708 50.3708 15.9243 15.3898 -1.46096 -1.52159 289.326 15.6737 -0.305988 305 0 
0.52853 0.0229167 0.0229167 50.3708 50.3708 17.0601 16.5702 -1.33922 -1.40572 288.167 16.833 -0.334307 305 0 
0.538729 0.0229167 0.0229167 50.3708 50.3708 17.5501 17.0601 -1.33922 -1.40812 287.677 17.3234 -0.345767 305 0 
0.54889 0.0239583 0.0239583 52.6604 52.6604 18.0846 17.5947 -1.33922 -1.41074 287.142 17.8585 -0.358269 305 0 
0.584701 0.0229167 0.021875 50.3708 48.0812 19.755 19.2428 -1.40009 -1.48 285.481 19.5194 -0.39796 305 0 
0.620642 0.0239583 0.0229167 52.6604 50.3708 21.5145 20.98 -1.46096 -1.55019 283.731 21.2694 -0.44164 305 0 
0.643801 0.0229167 0.0239583 50.3708 52.6604 22.6503 22.1381 -1.40009 -1.4955 282.583 22.4174 -0.470296 305 0 
0.679525 0.0229167 0.021875 50.3708 48.0812 24.3875 23.8307 -1.52184 -1.62676 280.866 24.134 -0.514053 305 0 
0.702507 0.0229167 0.021875 50.3708 48.0812 25.4566 24.8998 -1.52184 -1.63298 279.797 25.204 -0.542466 305 0 
0.712625 0.0229167 0.021875 50.3708 48.0812 25.9465 25.3898 -1.52184 -1.63585 279.306 25.6944 -0.555489 305 0 
0.72275 0.021875 0.0208333 48.0812 45.7917 26.4143 25.8352 -1.58271 -1.69945 278.849 26.1514 -0.567866 305 0 
0.732872 0.0229167 0.0229167 50.3708 50.3708 26.9042 26.3252 -1.58271 -1.70245 278.359 26.6418 -0.58141 305 0 
0.743074 0.0239583 0.0229167 52.6604 50.3708 27.4165 26.8151 -1.64359 -1.76645 277.857 27.1434 -0.595527 305 0 
0.766111 0.0208333 0.021875 45.7917 48.0812 28.3742 27.7951 -1.58271 -1.71166 276.888 28.1131 -0.622822 305 0 
0.789032 0.0229167 0.0229167 50.3708 50.3708 29.51 28.9087 -1.64359 -1.77964 275.762 29.2388 -0.654508 305 0 
0.799139 0.0229167 0.0229167 50.3708 50.3708 30.0223 29.3987 -1.70446 -1.84382 275.261 29.7403 -0.669158 305 0 
0.809243 0.0239583 0.0229167 52.6604 50.3708 30.5345 29.8886 -1.76533 -1.90811 274.759 30.2418 -0.684341 305 0 
0.83232 0.0229167 0.0229167 50.3708 50.3708 31.6704 31.0022 -1.82621 -1.97696 273.634 31.3674 -0.719613 305 0 
0.855466 0.0229167 0.0229167 50.3708 50.3708 32.784 32.1158 -1.82621 -1.98505 272.519 32.4818 -0.755128 305 0 
0.865585 0.0229167 0.0229167 50.3708 50.3708 33.2739 32.6058 -1.82621 -1.98863 272.029 32.9722 -0.770754 305 0 
0.875707 0.0239583 0.021875 52.6604 48.0812 33.7862 33.0735 -1.94795 -2.11408 271.539 33.4625 -0.786901 305 0 
0.898692 0.021875 0.021875 48.0812 48.0812 34.8775 34.1648 -1.94795 -2.12262 270.447 34.5546 -0.824025 305 0 
0.921603 0.0208333 0.021875 45.7917 48.0812 35.9465 35.2561 -1.88708 -2.07014 269.366 35.6355 -0.860196 305 0 
0.931711 0.021875 0.0229167 48.0812 50.3708 36.4365 35.7684 -1.82621 -2.01307 268.864 36.137 -0.876444 305 0 
0.941819 0.0229167 0.0229167 50.3708 50.3708 36.9265 36.2584 -1.82621 -2.01675 268.374 36.6274 -0.892071 305 0 
0.951936 0.0229167 0.0229167 50.3708 50.3708 37.4165 36.7483 -1.82621 -2.02045 267.884 37.1177 -0.907697 305 0 
0.962056 0.0229167 0.0229167 50.3708 50.3708 37.9065 37.2383 -1.82621 -2.02415 267.394 37.6081 -0.923324 305 0 
0.972182 0.0239583 0.0239583 52.6604 52.6604 38.4187 37.7728 -1.76533 -1.96719 266.87 38.1319 -0.939737 305 0 
1.00821 0.0229167 0.0239583 50.3708 52.6604 40.1782 39.5546 -1.70446 -1.91927 265.098 39.9039 -0.993383 305 0 
1.03112 0.0229167 0.021875 50.3708 48.0812 41.2918 40.6459 -1.76533 -1.98829 263.995 41.0073 -1.02679 305 0 
1.05404 0.0208333 0.0229167 45.7917 50.3708 42.3831 41.7372 -1.76533 -1.99656 262.903 42.0994 -1.06043 305 0 
1.06415 0.0229167 0.0229167 50.3708 50.3708 42.8731 42.2272 -1.76533 -2.00029 262.412 42.5898 -1.07554 305 0 
1.07428 0.0229167 0.0239583 50.3708 52.6604 43.3853 42.7394 -1.76533 -2.0042 261.9 43.1025 -1.09133 305 0 
1.09729 0.0229167 0.021875 50.3708 48.0812 44.4989 43.853 -1.76533 -2.01277 260.785 44.2169 -1.12566 305 0 
1.12028 0.021875 0.0229167 48.0812 50.3708 45.5902 44.9666 -1.70446 -1.96032 259.682 45.3203 -1.15906 305 0 
1.13039 0.021875 0.0229167 48.0812 50.3708 46.0802 45.4566 -1.70446 -1.96403 259.192 45.8107 -1.17365 305 0 
1.1405 0.021875 0.0229167 48.0812 50.3708 46.5702 45.9465 -1.70446 -1.96776 258.702 46.301 -1.18823 305 0 
1.1506 0.0229167 0.0229167 50.3708 50.3708 47.0601 46.4365 -1.70446 -1.97149 258.211 46.7914 -1.20282 305 0 
1.16071 0.0229167 0.0229167 50.3708 50.3708 47.5501 46.9265 -1.70446 -1.97525 257.721 47.2818 -1.2174 305 0 
1.17083 0.0229167 0.0229167 50.3708 50.3708 48.0624 47.4165 -1.76533 -2.04003 257.22 47.7833 -1.23258 305 0 
1.18095 0.0229167 0.025 50.3708 54.95 48.5523 47.951 -1.64359 -1.92224 256.707 48.296 -1.24783 305 0 
1.20458 0.0239583 0.0229167 52.6604 50.3708 49.7327 49.1091 -1.70446 -1.99206 255.537 49.4663 -1.28202 305 0 
1.24038 0.0229167 0.0229167 50.3708 50.3708 51.4699 50.8463 -1.70446 -2.00571 253.799 51.2049 -1.33373 305 0 
1.26344 0.0229167 0.021875 50.3708 48.0812 52.4944 51.8486 -1.76533 -2.07475 252.785 52.2191 -1.36443 305 0 
1.27354 0.0229167 0.021875 50.3708 48.0812 52.9844 52.3163 -1.82621 -2.13962 252.305 52.6983 -1.37945 305 0 
1.28368 0.0229167 0.0229167 50.3708 50.3708 53.4744 52.8285 -1.76533 -2.08295 251.804 53.1998 -1.39516 305 0 
1.29379 0.0229167 0.0239583 50.3708 52.6604 53.9644 53.3408 -1.70446 -2.02618 251.303 53.7013 -1.41034 305 0 
1.317 0.0229167 0.0229167 50.3708 50.3708 55.1002 54.4543 -1.76533 -2.0963 250.177 54.8269 -1.44442 305 0 
1.33993 0.0229167 0.0229167 50.3708 50.3708 56.1915 55.5234 -1.82621 -2.16641 249.096 55.908 -1.4783 305 0 
1.35003 0.0229167 0.021875 50.3708 48.0812 56.6815 55.9911 -1.88708 -2.23152 248.617 56.3872 -1.49382 305 0 
1.36014 0.021875 0.021875 48.0812 48.0812 57.1492 56.4811 -1.82621 -2.1749 248.138 56.8664 -1.50935 305 0 
1.37024 0.021875 0.0229167 48.0812 50.3708 57.6392 56.9933 -1.76533 -2.11837 247.637 57.3679 -1.52506 305 0 
1.38035 0.0229167 0.0229167 50.3708 50.3708 58.1514 57.4833 -1.82621 -2.1836 247.135 57.8694 -1.54078 305 0 
1.39047 0.01875 0.01875 41.2125 41.2125 58.5523 57.8842 -1.82621 -2.18715 246.734 58.2706 -1.55356 305 0 
1.40067 0.0197917 0.01875 43.5021 41.2125 58.9755 58.2851 -1.88708 -2.25174 246.322 58.6829 -1.56692 305 0 
1.41078 0.021875 0.0229167 48.0812 50.3708 59.4655 58.7973 -1.82621 -2.1954 245.821 59.1844 -1.58317 305 0 
1.4209 0.0229167 0.0239583 50.3708 52.6604 59.9555 59.3096 -1.76533 -2.13895 245.319 59.6859 -1.59889 305 0 
1.44396 0.0239583 0.0239583 52.6604 52.6604 61.1136 60.4677 -1.76533 -2.14911 244.161 60.8449 -1.63459 305 0 
1.46693 0.0239583 0.021875 52.6604 48.0812 62.2494 61.559 -1.88708 -2.28099 243.046 61.9594 -1.67011 305 0 
1.48985 0.0229167 0.0229167 50.3708 50.3708 63.363 62.6726 -1.88708 -2.2915 241.932 63.0738 -1.7068 305 0 
1.51328 0.0229167 0.0229167 50.3708 50.3708 64.4543 63.8085 -1.76533 -2.18008 240.818 64.1882 -1.74232 305 0 
1.52341 0.0229167 0.0239583 50.3708 52.6604 64.9443 64.3207 -1.70446 -2.12369 240.317 64.6897 -1.7575 305 0 
1.54639 0.0229167 0.021875 50.3708 48.0812 66.0579 65.412 -1.76533 -2.19451 239.214 65.7931 -1.7909 305 0 
1.56937 0.021875 0.0208333 48.0812 45.7917 67.1269 66.4588 -1.82621 -2.26527 238.155 66.8518 -1.82408 305 0 
1.57955 0.021875 0.021875 48.0812 48.0812 67.6169 66.9488 -1.82621 -2.26995 237.665 67.3422 -1.83971 305 0 
1.58964 0.0229167 0.0229167 50.3708 50.3708 68.1069 67.4388 -1.82621 -2.27464 237.175 67.8325 -1.85533 305 0 
1.59975 0.0229167 0.0229167 50.3708 50.3708 68.5969 67.9287 -1.82621 -2.27936 236.685 68.3229 -1.87096 305 0 
1.60987 0.0229167 0.0229167 50.3708 50.3708 69.0869 68.4187 -1.82621 -2.28409 236.194 68.8132 -1.88659 305 0 
1.61999 0.0229167 0.0229167 50.3708 50.3708 69.5768 68.9087 -1.82621 -2.28884 235.704 69.3036 -1.90221 305 0 
1.6301 0.0239583 0.0239583 52.6604 52.6604 70.1114 69.4209 -1.88708 -2.35488 235.18 69.8273 -1.91918 305 0 
1.66591 0.0229167 0.0229167 50.3708 50.3708 71.8485 71.1804 -1.82621 -2.31144 233.431 71.577 -1.97587 305 0 
1.70181 0.0239583 0.021875 52.6604 48.0812 73.6303 72.9176 -1.94795 -2.45122 231.671 73.3377 -2.03385 305 0 
1.72729 0.0229167 0.0229167 50.3708 50.3708 74.833 74.1425 -1.88708 -2.40311 230.457 74.5524 -2.0745 305 0 
1.75047 0.015625 0.0145833 34.3438 32.0542 75.7906 75.0779 -1.94795 -2.47403 229.51 75.4996 -2.1062 305 0 
1.76062 0.021875 0.0229167 48.0812 50.3708 76.2584 75.5679 -1.88708 -2.41827 229.031 75.9788 -2.12223 305 0 
1.77074 0.021875 0.0229167 48.0812 50.3708 76.7483 76.0579 -1.88708 -2.42346 228.541 76.4691 -2.13838 305 0 
1.78084 0.0229167 0.0229167 50.3708 50.3708 77.2383 76.5479 -1.88708 -2.42867 228.051 76.9594 -2.15452 305 0 
1.79095 0.021875 0.0229167 48.0812 50.3708 77.706 77.0379 -1.82621 -2.37285 227.572 77.4386 -2.17005 305 0 
1.80107 0.0229167 0.0229167 50.3708 50.3708 78.196 77.5501 -1.76533 -2.31715 227.07 77.9402 -2.18577 305 0 
1.81118 0.0229167 0.0229167 50.3708 50.3708 78.7082 78.0624 -1.76533 -2.32239 226.558 78.4528 -2.20156 305 0 
1.82129 0.0229167 0.0239583 50.3708 52.6604 79.1982 78.5746 -1.70446 -2.2666 226.057 78.9543 -2.21674 305 0 
1.84432 0.0208333 0.0229167 45.7917 50.3708 80.2895 79.7105 -1.58271 -2.15579 224.942 80.0689 -2.2487 305 0 
1.86739 0.0229167 0.0239583 50.3708 52.6604 81.4254 80.8463 -1.58271 -2.16674 223.806 81.2057 -2.2801 305 0 
1.89043 0.0229167 0.021875 50.3708 48.0812 82.539 81.9376 -1.64359 -2.2385 222.703 82.3092 -2.31116 305 0 
1.91334 0.0208333 0.0208333 45.7917 45.7917 83.608 83.029 -1.58271 -2.1884 221.622 83.3903 -2.34159 305 0 
1.92345 0.021875 0.021875 48.0812 48.0812 84.098 83.4967 -1.64359 -2.25408 221.143 83.8695 -2.35508 305 0 
1.93358 0.0229167 0.021875 50.3708 48.0812 84.6102 83.9866 -1.70446 -2.32015 220.642 84.3711 -2.36973 305 0 
1.94371 0.0239583 0.0239583 52.6604 52.6604 85.1225 84.5212 -1.64359 -2.26473 220.118 84.8949 -2.38503 305 0 
1.97965 0.0229167 0.0239583 50.3708 52.6604 86.8597 86.2806 -1.58271 -2.22176 218.369 86.6448 -2.43429 305 0 
2.00261 0.0229167 0.0229167 50.3708 50.3708 87.9733 87.3719 -1.64359 -2.29407 217.266 87.7482 -2.46535 305 0 
2.02556 0.021875 0.0208333 48.0812 45.7917 89.0423 88.441 -1.64359 -2.30543 216.196 88.8181 -2.49603 305 0 
2.03568 0.0229167 0.021875 50.3708 48.0812 89.5323 88.931 -1.64359 -2.31067 215.706 89.3085 -2.5101 305 0 
2.04577 0.0229167 0.021875 50.3708 48.0812 90.0223 89.3987 -1.70446 -2.37676 215.227 89.7878 -2.5241 305 0 
2.05588 0.0229167 0.0229167 50.3708 50.3708 90.5123 89.8886 -1.70446 -2.38218 214.737 90.2782 -2.53868 305 0 
2.06602 0.0229167 0.0229167 50.3708 50.3708 91.0245 90.3786 -1.76533 -2.44871 214.236 90.7797 -2.55386 305 0 
2.07615 0.0239583 0.0239583 52.6604 52.6604 91.5368 90.8909 -1.76533 -2.45458 213.723 91.2923 -2.56966 305 0 
2.11208 0.0239583 0.0229167 52.6604 50.3708 93.2962 92.6503 -1.76533 -2.47498 211.963 93.0532 -2.6239 305 0 
2.13509 0.0229167 0.0229167 50.3708 50.3708 94.4098 93.7639 -1.76533 -2.48806 210.849 94.1677 -2.65823 305 0 
2.1581 0.021875 0.0229167 48.0812 50.3708 95.5011 94.8775 -1.70446 -2.44012 209.746 95.271 -2.69163 305 0 
2.16824 0.021875 0.0229167 48.0812 50.3708 95.9911 95.3675 -1.70446 -2.44584 209.256 95.7614 -2.70622 305 0 
2.17838 0.0229167 0.0229167 50.3708 50.3708 96.5033 95.8575 -1.76533 -2.51266 208.755 96.2629 -2.7214 305 0 
2.1885 0.0239583 0.0229167 52.6604 50.3708 97.0156 96.3474 -1.82621 -2.57966 208.254 96.7644 -2.73712 305 0 
2.21154 0.0208333 0.0229167 45.7917 50.3708 98.0846 97.461 -1.70446 -2.47119 207.162 97.8566 -2.77076 305 0 
2.23461 0.021875 0.021875 48.0812 48.0812 99.1759 98.5523 -1.70446 -2.48429 206.07 98.9488 -2.80325 305 0 
2.24472 0.021875 0.0208333 48.0812 45.7917 99.6437 99.02 -1.70446 -2.48995 205.602 99.4169 -2.81717 305 0 
2.25486 0.0166667 0.0177083 36.6333 38.9229 100 99.3987 -1.64359 -2.43348 205.235 99.7847 -2.82791 305 0 
2.26499 0.0229167 0.0229167 50.3708 50.3708 100.512 99.9109 -1.64359 -2.43958 204.722 100.297 -2.84261 305 0 
2.27512 0.0229167 0.0229167 50.3708 50.3708 101.024 100.401 -1.70446 -2.50652 204.221 100.799 -2.85726 305 0 
2.28525 0.0229167 0.0239583 50.3708 52.6604 101.514 100.935 -1.58271 -2.39093 203.709 101.312 -2.87197 305 0 
2.30823 0.0229167 0.0229167 50.3708 50.3708 102.673 102.027 -1.76533 -2.58734 202.584 102.437 -2.90485 305 0 
2.33125 0.0229167 0.0229167 50.3708 50.3708 103.786 103.14 -1.76533 -2.60166 201.47 103.552 -2.93918 305 0 
2.34136 0.0229167 0.0229167 50.3708 50.3708 104.276 103.63 -1.76533 -2.60801 200.98 104.042 -2.95429 305 0 
2.35148 0.0145833 0.0166667 32.0542 36.6333 104.588 103.987 -1.64359 -2.4905 200.645 104.376 -2.96423 305 0 
2.36162 0.0229167 0.0229167 50.3708 50.3708 105.1 104.477 -1.70446 -2.55769 200.144 104.878 -2.97888 305 0 
2.37175 0.0229167 0.0239583 50.3708 52.6604 105.59 104.989 -1.64359 -2.50317 199.643 105.38 -2.99353 305 0 
2.39479 0.0229167 0.0229167 50.3708 50.3708 106.748 106.125 -1.70446 -2.5787 198.496 106.528 -3.02706 305 0 
2.41788 0.0229167 0.0229167 50.3708 50.3708 107.906 107.238 -1.82621 -2.71565 197.359 107.664 -3.06208 305 0 
2.42801 0.0239583 0.0229167 52.6604 50.3708 108.419 107.751 -1.82621 -2.72272 196.847 108.177 -3.07842 305 0 
2.45104 0.0229167 0.0229167 50.3708 50.3708 109.555 108.842 -1.94795 -2.86032 195.733 109.291 -3.11512 305 0 
2.47403 0.0229167 0.0208333 50.3708 45.7917 110.668 109.911 -2.0697 -2.99846 194.642 110.383 -3.1534 305 0 
2.48416 0.0260417 0.0260417 57.2396 57.2396 111.225 110.49 -2.00883 -2.94628 194.074 110.952 -3.17363 305 0 
2.52151 0.0229167 0.0229167 50.3708 50.3708 112.94 112.183 -2.0697 -3.03354 192.371 112.656 -3.2343 305 0 
2.55751 0.021875 0.021875 48.0812 48.0812 114.633 113.875 -2.0697 -3.06049 190.678 114.35 -3.29548 305 0 
2.56765 0.0229167 0.0208333 50.3708 45.7917 115.145 114.321 -2.25232 -3.25105 190.2 114.829 -3.31355 305 0 
2.57778 0.0229167 0.0229167 50.3708 50.3708 115.635 114.811 -2.25232 -3.25945 189.71 115.32 -3.33282 305 0 
2.5879 0.021875 0.0229167 48.0812 50.3708 116.125 115.301 -2.25232 -3.2679 189.22 115.81 -3.35209 305 0 
2.59801 0.0197917 0.0208333 43.5021 45.7917 116.57 115.746 -2.25232 -3.27562 188.775 116.255 -3.36961 305 0 
2.60813 0.0208333 0.021875 45.7917 48.0812 117.016 116.236 -2.13057 -3.16186 188.307 116.723 -3.38751 305 0 
2.61825 0.0229167 0.0229167 50.3708 50.3708 117.506 116.748 -2.0697 -3.10935 187.806 117.225 -3.40588 305 0 
2.62837 0.0239583 0.0229167 52.6604 50.3708 118.04 117.238 -2.19145 -3.23977 187.294 117.737 -3.42494 305 0 
2.65145 0.0229167 0.0229167 50.3708 50.3708 119.154 118.352 -2.19145 -3.25916 186.181 118.852 -3.46756 305 0 
2.67442 0.0229167 0.0229167 50.3708 50.3708 120.267 119.465 -2.19145 -3.27879 185.068 119.966 -3.51017 305 0 
2.68456 0.0229167 0.0229167 50.3708 50.3708 120.757 119.955 -2.19145 -3.2875 184.578 120.456 -3.52892 305 0 
2.69467 0.0229167 0.0239583 50.3708 52.6604 121.269 120.468 -2.19145 -3.29666 184.066 120.968 -3.54852 305 0 
2.71776 0.0229167 0.021875 50.3708 48.0812 122.383 121.559 -2.25232 -3.37759 182.964 122.071 -3.5913 305 0 
2.74095 0.0229167 0.0229167 50.3708 50.3708 123.497 122.673 -2.25232 -3.39829 181.851 123.186 -3.6351 305 0 
2.75106 0.0145833 0.0145833 32.0542 32.0542 123.808 122.984 -2.25232 -3.40413 181.539 123.498 -3.64736 305 0 
2.76119 0.0229167 0.0229167 50.3708 50.3708 124.298 123.474 -2.25232 -3.41335 181.049 123.988 -3.66663 305 0 
2.77132 0.0229167 0.0229167 50.3708 50.3708 124.811 123.964 -2.31319 -3.48379 180.548 124.489 -3.6866 305 0 
2.78144 0.0229167 0.0229167 50.3708 50.3708 125.301 124.454 -2.31319 -3.49327 180.059 124.979 -3.7064 305 0 
2.79156 0.0239583 0.0229167 52.6604 50.3708 125.813 124.944 -2.37407 -3.56399 179.558 125.481 -3.7269 305 0 
2.81458 0.0229167 0.0239583 50.3708 52.6604 126.949 126.102 -2.31319 -3.52584 178.412 126.628 -3.77384 305 0 
2.85056 0.021875 0.0229167 48.0812 50.3708 128.708 127.84 -2.37407 -3.62193 176.665 128.377 -3.84539 305 0 
2.87354 0.0229167 0.021875 50.3708 48.0812 129.844 128.931 -2.49581 -3.76706 175.552 129.491 -3.89274 305 0 
2.88367 0.0229167 0.0229167 50.3708 50.3708 130.334 129.443 -2.43494 -3.71689 175.051 129.993 -3.91431 305 0 
2.89383 0.0229167 0.0229167 50.3708 50.3708 130.846 129.955 -2.43494 -3.7278 174.539 130.505 -3.93609 305 0 
2.90394 0.0229167 0.0229167 50.3708 50.3708 131.359 130.445 -2.49581 -3.7995 174.039 131.006 -3.95766 305 0 
2.91409 0.0229167 0.0229167 50.3708 50.3708 131.849 130.935 -2.49581 -3.81023 173.549 131.496 -3.97902 305 0 
2.92422 0.0239583 0.0239583 52.6604 52.6604 132.361 131.47 -2.43494 -3.7608 173.026 132.02 -4.00155 305 0 
2.9601 0.0239583 0.025 52.6604 54.95 134.165 133.252 -2.49581 -3.86139 171.235 133.813 -4.07873 305 0 
2.98311 0.025 0.025 54.95 54.95 135.323 134.432 -2.43494 -3.82687 170.067 134.983 -4.12906 305 0 
3.00667 0.0239583 0.021875 52.6604 48.0812 136.481 135.546 -2.55669 -3.97477 168.932 136.119 -4.17856 305 0 
3.04239 0.0229167 0.0208333 50.3708 45.7917 138.174 137.216 -2.61756 -4.07593 167.253 137.801 -4.25452 305 0 
3.06534 0.021875 0.021875 48.0812 48.0812 139.243 138.307 -2.55669 -4.04136 166.174 138.882 -4.30332 305 0 
3.07551 0.021875 0.0208333 48.0812 45.7917 139.71 138.775 -2.55669 -4.05277 165.707 139.35 -4.32419 305 0 
3.08564 0.021875 0.021875 48.0812 48.0812 140.178 139.243 -2.55669 -4.06425 165.24 139.817 -4.34507 305 0 
3.09577 0.021875 0.0229167 48.0812 50.3708 140.668 139.733 -2.55669 -4.07634 164.75 140.307 -4.36695 305 0 
3.10588 0.0229167 0.0229167 50.3708 50.3708 141.158 140.223 -2.55669 -4.08851 164.261 140.798 -4.38882 305 0 
3.116 0.0229167 0.0229167 50.3708 50.3708 141.67 140.735 -2.55669 -4.1013 163.749 141.31 -4.41169 305 0 
3.12611 0.0229167 0.0229167 50.3708 50.3708 142.16 141.225 -2.55669 -4.11362 163.26 141.8 -4.43356 305 0 
3.13621 0.0229167 0.025 50.3708 54.95 142.673 141.759 -2.49581 -4.06588 162.737 142.324 -4.45665 305 0 
3.15922 0.0229167 0.0229167 50.3708 50.3708 143.786 142.873 -2.49581 -4.09391 161.625 143.438 -4.50518 305 0 
3.18258 0.0229167 0.0229167 50.3708 50.3708 144.944 144.031 -2.49581 -4.12347 160.469 144.596 -4.55565 305 0 
3.1927 0.0229167 0.0229167 50.3708 50.3708 145.434 144.521 -2.49581 -4.1361 159.979 145.086 -4.577 305 0 
3.20282 0.0239583 0.0239583 52.6604 52.6604 145.947 145.056 -2.43494 -4.08871 159.457 145.61 -4.59953 305 0 
3.24025 0.0177083 0.01875 38.9229 41.2125 147.661 146.748 -2.49581 -4.19409 157.755 147.314 -4.67288 305 0 
3.27606 0.0229167 0.0239583 50.3708 52.6604 149.376 148.463 -2.49581 -4.2402 156.043 149.03 -4.74761 305 0 
3.29907 0.0229167 0.0229167 50.3708 50.3708 150.512 149.599 -2.49581 -4.2713 154.908 150.166 -4.79711 305 0 
3.32209 0.0229167 0.021875 50.3708 48.0812 151.626 150.69 -2.55669 -4.36302 153.808 151.269 -4.84574 305 0 
3.33221 0.0229167 0.021875 50.3708 48.0812 152.116 151.158 -2.61756 -4.43762 153.33 151.748 -4.86738 305 0 
3.34231 0.0229167 0.021875 50.3708 48.0812 152.606 151.648 -2.61756 -4.45185 152.841 152.238 -4.88977 305 0 
3.35241 0.0229167 0.0229167 50.3708 50.3708 153.096 152.16 -2.55669 -4.40552 152.34 152.739 -4.91241 305 0 
3.36252 0.0229167 0.0229167 50.3708 50.3708 153.586 152.65 -2.55669 -4.41974 151.851 153.229 -4.93428 305 0 
3.37263 0.0239583 0.0239583 52.6604 52.6604 154.12 153.163 -2.61756 -4.49601 151.329 153.753 -4.95792 305 0 
3.40872 0.0229167 0.0239583 50.3708 52.6604 155.902 154.922 -2.67843 -4.61048 149.561 155.524 -5.03979 305 0 
3.43178 0.0229167 0.0229167 50.3708 50.3708 157.06 156.058 -2.73931 -4.70723 148.417 156.671 -5.09404 305 0 
3.45473 0.0229167 0.0229167 50.3708 50.3708 158.196 157.149 -2.86106 -4.86502 147.306 157.784 -5.14848 305 0 
3.46484 0.0229167 0.021875 50.3708 48.0812 158.708 157.617 -2.9828 -5.00321 146.817 158.274 -5.17348 305 0 
3.47495 0.0229167 0.021875 50.3708 48.0812 159.198 158.107 -2.9828 -5.01996 146.328 158.764 -5.19899 305 0 
3.48505 0.0229167 0.0229167 50.3708 50.3708 159.688 158.619 -2.92193 -4.97624 145.828 159.265 -5.22482 305 0 
3.49517 0.0239583 0.0239583 52.6604 52.6604 160.223 159.131 -2.9828 -5.05514 145.306 159.789 -5.2518 305 0 
3.53114 0.0239583 0.0229167 52.6604 50.3708 162.004 160.869 -3.10455 -5.23959 143.552 161.548 -5.34529 305 0 
3.55418 0.0229167 0.0229167 50.3708 50.3708 163.118 161.982 -3.10455 -5.28055 142.441 162.661 -5.40565 305 0 
3.57721 0.021875 0.021875 48.0812 48.0812 164.209 163.074 -3.10455 -5.32131 141.353 163.752 -5.4648 305 0 
3.58737 0.0229167 0.0229167 50.3708 50.3708 164.722 163.563 -3.16542 -5.40122 140.854 164.253 -5.49222 305 0 
3.59749 0.0229167 0.0229167 50.3708 50.3708 165.212 164.053 -3.16542 -5.42007 140.365 164.743 -5.5193 305 0 
3.6076 0.0229167 0.0229167 50.3708 50.3708 165.702 164.566 -3.10455 -5.37851 139.866 165.244 -5.54673 305 0 
3.61774 0.0239583 0.0229167 52.6604 50.3708 166.236 165.056 -3.2263 -5.52024 139.355 165.756 -5.57503 305 0 
3.64101 0.0229167 0.0229167 50.3708 50.3708 167.35 166.192 -3.16542 -5.50402 138.234 166.881 -5.63778 305 0 
3.66402 0.0229167 0.021875 50.3708 48.0812 168.463 167.283 -3.2263 -5.60938 137.136 167.983 -5.69929 305 0 
3.67414 0.0229167 0.0229167 50.3708 50.3708 168.953 167.773 -3.2263 -5.62948 136.647 168.473 -5.72689 305 0 
3.68428 0.0229167 0.0239583 50.3708 52.6604 169.465 168.285 -3.2263 -5.65066 136.137 168.985 -5.75574 305 0 
3.70733 0.0229167 0.0229167 50.3708 50.3708 170.601 169.421 -3.2263 -5.69818 135.005 170.12 -5.81971 305 0 
3.73033 0.021875 0.0208333 48.0812 45.7917 171.693 170.49 -3.28717 -5.80524 133.929 171.2 -5.88113 305 0 
3.74044 0.0135417 0.0135417 29.7646 29.7646 171.982 170.78 -3.28717 -5.81781 133.641 171.49 -5.89774 305 0 
3.75056 0.0239583 0.0229167 52.6604 50.3708 172.494 171.269 -3.34804 -5.90069 133.142 171.99 -5.92676 305 0 
3.77366 0.021875 0.0229167 48.0812 50.3708 173.608 172.383 -3.34804 -5.95043 132.033 173.104 -5.99185 305 0 
3.79673 0.021875 0.021875 48.0812 48.0812 174.699 173.474 -3.34804 -6 130.946 174.194 -6.05563 305 0 
3.80687 0.0229167 0.0229167 50.3708 50.3708 175.189 173.987 -3.28717 -5.96204 130.447 174.695 -6.08465 305 0 
3.81715 0.0229167 0.0229167 50.3708 50.3708 175.702 174.477 -3.34804 -6.04601 129.948 175.196 -6.11367 305 0 
3.82728 0.0229167 0.0229167 50.3708 50.3708 176.214 174.967 -3.40892 -6.13039 129.449 175.697 -6.14323 305 0 
3.83741 0.0229167 0.0239583 50.3708 52.6604 176.704 175.479 -3.34804 -6.09321 128.95 176.198 -6.17278 305 0 
3.86042 0.0229167 0.0229167 50.3708 50.3708 177.862 176.615 -3.40892 -6.20901 127.808 177.344 -6.24043 305 0 
3.88343 0.0229167 0.0229167 50.3708 50.3708 178.998 177.728 -3.46979 -6.32523 126.689 178.469 -6.30795 305 0 
3.89354 0.0239583 0.0229167 52.6604 50.3708 179.51 178.218 -3.53066 -6.41133 126.19 178.969 -6.33857 305 0 
3.91654 0.0229167 0.021875 50.3708 48.0812 180.624 179.31 -3.59154 -6.52892 125.093 180.071 -6.4071 305 0 
3.93962 0.021875 0.0229167 48.0812 50.3708 181.715 180.401 -3.59154 -6.58633 124.008 181.162 -6.47551 305 0 
3.94974 0.0229167 0.0229167 50.3708 50.3708 182.205 180.891 -3.59154 -6.61243 123.52 181.651 -6.50623 305 0 
3.95987 0.0229167 0.0229167 50.3708 50.3708 182.717 181.381 -3.65241 -6.70034 123.022 182.152 -6.53791 305 0 
3.97 0.0229167 0.0229167 50.3708 50.3708 183.207 181.893 -3.59154 -6.66672 122.523 182.653 -6.56959 305 0 
3.98011 0.0229167 0.0239583 50.3708 52.6604 183.697 182.405 -3.53066 -6.63307 122.025 183.154 -6.60074 305 0 
4.00309 0.021875 0.0229167 48.0812 50.3708 184.811 183.519 -3.53066 -6.6941 120.918 184.266 -6.66937 305 0 
4.02612 0.0229167 0.0229167 50.3708 50.3708 185.924 184.633 -3.53066 -6.75625 119.81 185.379 -6.738 305 0 
4.03624 0.0229167 0.021875 50.3708 48.0812 186.414 185.1 -3.59154 -6.84433 119.334 185.858 -6.76777 305 0 
4.04635 0.0239583 0.0229167 52.6604 50.3708 186.926 185.612 -3.59154 -6.8738 118.825 186.37 -6.79988 305 0 
4.06937 0.0229167 0.0229167 50.3708 50.3708 188.062 186.726 -3.65241 -7.00057 117.707 187.494 -6.87099 305 0 
4.09237 0.0229167 0.021875 50.3708 48.0812 189.176 187.84 -3.65241 -7.06735 116.6 188.606 -6.94198 305 0 
4.10249 0.0229167 0.0229167 50.3708 50.3708 189.666 188.33 -3.65241 -7.09714 116.114 189.096 -6.97322 305 0 
4.11263 0.0229167 0.0239583 50.3708 52.6604 190.178 188.842 -3.65241 -7.12854 115.605 189.608 -7.00588 305 0 
4.13576 0.0229167 0.021875 50.3708 48.0812 191.292 189.955 -3.65241 -7.19778 114.498 190.721 -7.07687 305 0 
4.15882 0.021875 0.0229167 48.0812 50.3708 192.339 191.069 -3.46979 -7.08275 113.425 191.8 -7.14401 305 0 
4.169 0.0229167 0.0229167 50.3708 50.3708 192.851 191.581 -3.46979 -7.11484 112.916 192.312 -7.17504 305 0 
4.17915 0.0229167 0.025 50.3708 54.95 193.363 192.116 -3.40892 -7.08692 112.396 192.835 -7.20646 305 0 
4.20213 0.0229167 0.0229167 50.3708 50.3708 194.477 193.229 -3.40892 -7.15774 111.29 193.948 -7.27273 305 0 
4.22522 0.0229167 0.021875 50.3708 48.0812 195.59 194.298 -3.53066 -7.35087 110.206 195.039 -7.33883 305 0 
4.23532 0.0177083 0.01875 38.9229 41.2125 195.969 194.699 -3.46979 -7.31594 109.819 195.428 -7.36264 305 0 
4.24544 0.0229167 0.0229167 50.3708 50.3708 196.481 195.189 -3.53066 -7.41044 109.321 195.929 -7.39326 305 0 
4.25556 0.0229167 0.0229167 50.3708 50.3708 196.971 195.679 -3.53066 -7.44375 108.835 196.419 -7.42346 305 0 
4.26568 0.025 0.0229167 54.95 50.3708 197.506 196.169 -3.65241 -7.60093 108.326 196.931 -7.45557 305 0 
4.28868 0.0229167 0.0229167 50.3708 50.3708 198.619 197.327 -3.53066 -7.55894 107.199 198.066 -7.52678 305 0 
4.31172 0.0229167 0.0229167 50.3708 50.3708 199.688 198.396 -3.53066 -7.63495 106.138 199.134 -7.59266 305 0 
4.32184 0 0 0 0 199.71 198.396 -3.59154 -7.69663 106.127 199.145 -7.59335 305 0 
4.33195 0.00729167 0.0114583 16.0271 25.1854 199.866 198.641 -3.34804 -7.46745 105.928 199.346 -7.60549 305 0 
4.3421 0.0229167 0.0229167 50.3708 50.3708 200.379 199.154 -3.34804 -7.50368 105.419 199.858 -7.63543 305 0 
4.35222 0.0229167 0.0229167 50.3708 50.3708 200.891 199.644 -3.40892 -7.60048 104.922 200.359 -7.66499 305 0 
4.36235 0.0239583 0.025 52.6604 54.95 201.403 200.178 -3.34804 -7.57749 104.402 200.882 -7.69586 305 0 
4.39832 0.0229167 0.0229167 50.3708 50.3708 203.096 201.871 -3.34804 -7.70215 102.723 202.574 -7.79478 305 0 
4.43429 0.0229167 0.0229167 50.3708 50.3708 204.766 203.608 -3.16542 -7.64766 101.032 204.277 -7.89165 305 0 
4.44442 0.0229167 0.0197917 50.3708 43.5021 205.278 204.031 -3.40892 -7.92722 100.568 204.744 -7.91849 305 0 
4.45454 0.0229167 0.0229167 50.3708 50.3708 205.768 204.543 -3.34804 -7.90582 100.071 205.245 -7.94804 305 0 
4.46464 0.0239583 0.0229167 52.6604 50.3708 206.303 205.033 -3.46979 -8.06847 99.563 205.757 -7.97852 305 0 
4.48774 0.0229167 0.021875 50.3708 48.0812 207.439 206.169 -3.46979 -8.16138 98.4371 206.892 -8.04732 305 0 
4.51081 0.0239583 0.0229167 52.6604 50.3708 208.575 207.283 -3.53066 -8.31673 97.3225 208.016 -8.11604 305 0 
4.53386 0.01875 0.021875 41.2125 48.0812 209.644 208.374 -3.46979 -8.34864 96.2524 209.096 -8.18204 305 0 
4.55687 0.021875 0.021875 48.0812 48.0812 210.713 209.443 -3.46979 -8.44218 95.1935 210.164 -8.24679 305 0 
4.56702 0.021875 0.021875 48.0812 48.0812 211.18 209.911 -3.46979 -8.48377 94.7303 210.632 -8.27512 305 0 
4.57714 0.0229167 0.0229167 50.3708 50.3708 211.693 210.401 -3.53066 -8.58981 94.2341 211.133 -8.30573 305 0 
4.58727 0.0229167 0.0229167 50.3708 50.3708 212.183 210.913 -3.46979 -8.57458 93.7379 211.633 -8.33635 305 0 
4.59739 0.0229167 0.0229167 50.3708 50.3708 212.695 211.425 -3.46979 -8.62158 93.2308 212.145 -8.36738 305 0 
4.60751 0.0239583 0.0229167 52.6604 50.3708 213.207 211.915 -3.53066 -8.72908 92.7348 212.646 -8.398 305 0 
4.63124 0.0229167 0.0229167 50.3708 50.3708 214.388 213.096 -3.53066 -8.84132 91.5667 213.826 -8.47074 305 0 
4.65455 0.021875 0.0229167 48.0812 50.3708 215.457 214.209 -3.46979 -8.88752 90.476 214.928 -8.5381 305 0 
4.66468 0.021875 0.0229167 48.0812 50.3708 215.947 214.699 -3.40892 -8.87364 90.0023 215.406 -8.56685 305 0 
4.6748 0.0239583 0.0229167 52.6604 50.3708 216.481 215.189 -3.53066 -9.04639 89.4957 215.918 -8.59788 305 0 
4.69783 0.0229167 0.0229167 50.3708 50.3708 217.572 216.236 -3.65241 -9.2779 88.4389 216.987 -8.6649 305 0 
4.72098 0.0229167 0.0229167 50.3708 50.3708 218.708 217.372 -3.65241 -9.39822 87.3167 218.122 -8.73731 305 0 
4.7311 0.0145833 0.0145833 32.0542 32.0542 219.042 217.706 -3.65241 -9.43419 86.9867 218.455 -8.75861 305 0 
4.74128 0.021875 0.021875 48.0812 48.0812 219.51 218.174 -3.65241 -9.48502 86.5247 218.923 -8.78843 305 0 
4.75142 0.0239583 0.0239583 52.6604 52.6604 220.022 218.686 -3.65241 -9.54132 86.0189 219.435 -8.82108 305 0 
4.78747 0.0229167 0.0229167 50.3708 50.3708 221.715 220.423 -3.53066 -9.61174 84.3257 221.148 -8.92859 305 0 
4.8232 0.0229167 0.0229167 50.3708 50.3708 223.408 222.116 -3.53066 -9.80791 82.6552 222.84 -9.03291 305 0 
4.83331 0.0229167 0.0239583 50.3708 52.6604 223.898 222.628 -3.46979 -9.80645 82.1607 223.341 -9.06353 305 0 
4.85624 0.0229167 0.0229167 50.3708 50.3708 224.989 223.742 -3.40892 -9.87804 81.0731 224.443 -9.12972 305 0 
4.87924 0.0229167 0.021875 50.3708 48.0812 226.102 224.811 -3.53066 -10.1349 79.997 225.533 -9.19582 305 0 
4.8894 0.0239583 0.021875 52.6604 48.0812 226.615 225.301 -3.59154 -10.2596 79.5032 226.034 -9.22696 305 0 
4.91262 0.0229167 0.021875 50.3708 48.0812 227.751 226.392 -3.71328 -10.5273 78.4064 227.147 -9.29796 305 0 
4.93561 0.0229167 0.021875 50.3708 48.0812 228.82 227.439 -3.77416 -10.7319 77.3654 228.204 -9.36709 305 0 
4.94573 0.0229167 0.0229167 50.3708 50.3708 229.31 227.929 -3.77416 -10.8 76.8834 228.693 -9.39936 305 0 
4.95587 0.0229167 0.021875 50.3708 48.0812 229.8 228.396 -3.83503 -10.9284 76.4125 229.172 -9.43116 305 0 
4.96601 0.0229167 0.0197917 50.3708 43.5021 230.29 228.842 -3.95678 -11.1175 75.9529 229.639 -9.46296 305 0 
4.97615 0.0229167 0.021875 50.3708 48.0812 230.78 229.332 -3.95678 -11.1893 75.4715 230.128 -9.4968 305 0 
4.98627 0.0229167 0.021875 50.3708 48.0812 231.269 229.822 -3.95678 -11.262 74.9903 230.618 -9.53063 305 0 
4.99639 0.0239583 0.0229167 52.6604 50.3708 231.804 230.334 -4.01765 -11.4019 74.4764 231.141 -9.56705 305 0 
5.01952 0.0229167 0.0229167 50.3708 50.3708 232.873 231.403 -4.01765 -11.567 73.4274 232.208 -9.64201 305 0 
5.04252 0.021875 0.0197917 48.0812 43.5021 233.987 232.45 -4.20027 -11.9226 72.3685 233.287 -9.71947 305 0 
5.05264 0.0229167 0.0229167 50.3708 50.3708 234.477 232.962 -4.1394 -11.9442 71.8776 233.788 -9.75594 305 0 
5.06276 0.025 0.0229167 54.95 50.3708 235.011 233.452 -4.26115 -12.1516 71.376 234.299 -9.79348 305 0 
5.08582 0.021875 0.01875 48.0812 41.2125 236.102 234.499 -4.38289 -12.4578 70.3301 235.366 -9.87411 305 0 
5.10879 0.0229167 0.0229167 50.3708 50.3708 237.216 235.612 -4.38289 -12.6568 69.2418 236.478 -9.95928 305 0 
5.1189 0.0229167 0.0229167 50.3708 50.3708 237.706 236.102 -4.38289 -12.7464 68.7632 236.967 -9.99675 305 0 
5.12901 0.0197917 0.0208333 43.5021 45.7917 238.129 236.548 -4.32202 -12.7658 68.3391 237.401 -10.0297 305 0 
5.13915 0.0239583 0.0229167 52.6604 50.3708 238.664 237.038 -4.44377 -12.9837 67.839 237.912 -10.0689 305 0 
5.16209 0.0229167 0.0229167 50.3708 50.3708 239.777 238.151 -4.44377 -13.1987 66.753 239.024 -10.1553 305 0 
5.185 0.0239583 0.0229167 52.6604 50.3708 240.869 239.22 -4.50464 -13.4754 65.7006 240.102 -10.2396 305 0 
5.20809 0.0208333 0.0177083 45.7917 38.9229 241.938 240.223 -4.68726 -13.8735 64.693 241.136 -10.3226 305 0 
5.23133 0.0145833 0.0145833 32.0542 32.0542 242.873 241.158 -4.68726 -14.0752 63.7841 242.069 -10.3991 305 0 
5.24146 0.021875 0.021875 48.0812 48.0812 243.363 241.648 -4.68726 -14.1832 63.3083 242.558 -10.4392 305 0 
5.25157 0.021875 0.0229167 48.0812 50.3708 243.853 242.138 -4.68726 -14.2928 62.8328 243.047 -10.4793 305 0 
5.26174 0.0229167 0.0229167 50.3708 50.3708 244.365 242.628 -4.74813 -14.4678 62.3467 243.547 -10.5205 305 0 
5.27188 0.0229167 0.0229167 50.3708 50.3708 244.878 243.118 -4.80901 -14.645 61.861 244.047 -10.5623 305 0 
5.282 0.0229167 0.0229167 50.3708 50.3708 245.367 243.608 -4.80901 -14.7607 61.3865 244.536 -10.6034 305 0 
5.29213 0.0239583 0.0229167 52.6604 50.3708 245.88 244.098 -4.86988 -14.9421 60.9015 245.036 -10.6457 305 0 
5.31516 0.021875 0.0229167 48.0812 50.3708 246.971 245.212 -4.80901 -15.1533 59.8355 246.136 -10.7388 305 0 
5.33829 0.028125 0.028125 61.8187 61.8187 248.218 246.414 -4.93076 -15.5894 58.6528 247.358 -10.8429 305 0 
5.37667 0.021875 0.0229167 48.0812 50.3708 249.933 248.107 -4.99163 -16.1119 57.0116 249.058 -10.9903 305 0 
5.4127 0.0208333 0.021875 45.7917 48.0812 251.604 249.777 -4.99163 -16.5919 55.4067 250.724 -11.1358 305 0 
5.42282 0.0208333 0.0197917 45.7917 43.5021 252.673 250.802 -5.11338 -17.03 54.4033 251.768 -11.228 305 0 
5.43294 0.0197917 0.01875 43.5021 41.2125 254.343 252.428 -5.23512 -17.6777 52.8282 253.411 -11.3768 305 0 
5.44307 0.01875 0.01875 41.2125 41.2125 255.88 253.942 -5.296 -18.2568 51.375 254.933 -11.5169 305 0 
5.4532 0.015625 0.0145833 34.3438 32.0542 257.261 255.234 -5.53949 -18.9827 50.107 256.265 -11.6432 305 0 
5.46332 0.0135417 0.0125 29.7646 27.475 258.486 256.392 -5.72211 -19.6214 48.9809 257.452 -11.7602 305 0 
5.47344 0.0135417 0.0114583 29.7646 25.1854 259.599 257.416 -5.96561 -20.2968 47.9747 258.517 -11.8691 305 0 
5.48357 0.0104167 0.0104167 22.8958 22.8958 260.557 258.352 -6.02648 -20.7582 47.0871 259.459 -11.968 305 0 
5.4937 0.0104167 0.00833333 22.8958 18.3167 261.403 259.109 -6.26997 -21.3555 46.3378 260.257 -12.054 305 0 
5.50383 0.00833333 0.00833333 18.3167 18.3167 262.027 259.733 -6.26997 -21.6403 45.7568 260.878 -12.1221 305 0 
5.51394 0.00625 0.00625 13.7375 13.7375 262.628 260.267 -6.45259 -22.0896 45.229 261.443 -12.1851 305 0 
5.52406 0.00520833 0.00416667 11.4479 9.15833 263.118 260.668 -6.69609 -22.5487 44.8164 261.886 -12.2361 305 0 
5.53417 0.003125 0.003125 6.86875 6.86875 263.341 260.869 -6.75696 -22.714 44.6209 262.097 -12.2609 305 0 
5.5443 0.00208333 0.00208333 4.57917 4.57917 263.586 261.047 -6.93958 -23.0025 44.4256 262.307 -12.2862 305 0 
5.55449 0 0.00104167 0 2.28958 263.719 261.136 -7.06133 -23.1807 44.3231 262.418 -12.2998 305 0 
5.56462 0 0 0 0 263.764 261.136 -7.18308 -23.3139 44.3026 262.44 -12.3025 305 0 
5.57477 0 0 0 0 263.764 261.136 -7.18308 -23.3139 44.3026 262.44 -12.3025 305 0 
5.58492 0 0 0 0 263.764 261.136 -7.18308 -23.3139 44.3026 262.44 -12.3025 305 0 
5.59502 0 0 0 0 263.764 261.136 -7.18308 -23.3139 44.3026 262.44 -12.3025 305 0 
5.60515 0 0 0 0 263.764 261.136 -7.18308 -23.3139 44.3026 262.44 -12.3025 305 0 
5.61528 0 0 0 0 263.764 261.136 -7.18308 -23.3139 44.3026 262.44 -12.3025 305 0 
5.62541 0 0 0 0 263.764 261.136 -7.18308 -23.3139 44.3026 262.44 -12.3025 305 0 
5.63553 0 0 0 0 263.764 261.136 -7.18308 -23.3139 44.3026 262.44 -12.3025 305 0 
5.64565 0 0 0 0 263.764 261.136 -7.18308 -23.3139 44.3026 262.44 -12.3025 305 0 
5.65578 0 0 0 0 263.764 261.136 -7.18308 -23.3139 44.3026 262.44 -12.3025 305 0 
5.66591 0 0 0 0 263.764 261.136 -7.18308 -23.3139 44.3026 262.44 -12.3025 305 0 
5.67622 0 0 0 0 263.764 261.136 -7.18308 -23.3139 44.3026 262.44 -12.3025 305 0 
5.68637 0 0 0 0 263.764 261.136 -7.18308 -23.3139 44.3026 262.44 -12.3025 305 0 
5.69659 0 0 0 0 263.764 261.136 -7.18308 -23.3139 44.3026 262.44 -12.3025 305 0 
5.70672 0 0 0 0 263.764 261.136 -7.18308 -23.3139 44.3026 262.44 -12.3025 305 0 
5.71685 0 0 0 0 263.764 261.136 -7.18308 -23.3139 44.3026 262.44 -12.3025 305 0 
5.72696 0 0 0 0 263.764 261.136 -7.18308 -23.3139 44.3026 262.44 -12.3025 305 0 
5.73708 0 0 0 0 263.764 261.136 -7.18308 -23.3139 44.3026 262.44 -12.3025 305 0 
5.74719 0 0 0 0 263.764 261.136 -7.18308 -23.3139 44.3026 262.44 -12.3025 305 0 
5.75732 0 0 0 0 263.764 261.136 -7.18308 -23.3139 44.3026 262.44 -12.3025 305 0 
5.76747 0 0 0 0 263.764 261.136 -7.18308 -23.3139 44.3026 262.44 -12.3025 305 0 
5.77759 0 0 0 0 263.764 261.136 -7.18308 -23.3139 44.3026 262.44 -12.3025 305 0 
5.78771 0 0 0 0 263.764 261.136 -7.18308 -23.3139 44.3026 262.44 -12.3025 305 0 
5.79781 0 0 0 0 263.764 261.136 -7.18308 -23.3139 44.3026 262.44 -12.3025 305 0 
5.80792 0 0 0 0 263.764 261.136 -7.18308 -23.3139 44.3026 262.44 -12.3025 305 0 
5.81814 0 0 0 0 263.764 261.136 -7.18308 -23.3139 44.3026 262.44 -12.3025 305 0 
5.82827 0 0 0 0 263.764 261.136 -7.18308 -23.3139 44.3026 262.44 -12.3025 305 0 
5.8384 0 0 0 0 263.764 261.136 -7.18308 -23.3139 44.3026 262.44 -12.3025 305 0 
5.84856 0 0 0 0 263.764 261.136 -7.18308 -23.3139 44.3026 262.44 -12.3025 305 0 
5.85866 0 0 0 0 263.764 261.136 -7.18308 -23.3139 44.3026 262.44 -12.3025 305 0 
5.86877 0 0 0 0 263.764 261.136 -7.18308 -23.3139 44.3026 262.44 -12.3025 305 0 
5.87889 0 0 0 0 263.764 261.136 -7.18308 -23.3139 44.3026 262.44 -12.3025 305 0 
5.88899 0 0 0 0 263.764 261.136 -7.18308 -23.3139 44.3026 262.44 -12.3025 305 0 
5.89914 0 0 0 0 263.764 261.136 -7.18308 -23.3139 44.3026 262.44 -12.3025 305 0 
5.90929 0 0 0 0 263.764 261.136 -7.18308 -23.3139 44.3026 262.44 -12.3025 305 0 
5.91939 0 0 0 0 263.764 261.136 -7.18308 -23.3139 44.3026 262.44 -12.3025 305 0 
5.92951 0 0 0 0 263.764 261.136 -7.18308 -23.3139 44.3026 262.44 -12.3025 305 0 
5.93962 0 0 0 0 263.764 261.136 -7.18308 -23.3139 44.3026 262.44 -12.3025 305 0 
5.94974 0 0 0 0 263.764 261.136 -7.18308 -23.3139 44.3026 262.44 -12.3025 305 0 
5.95987 0 0 0 0 263.764 261.136 -7.18308 -23.3139 44.3026 262.44 -12.3025 305 0 
5.96998 0 0 0 0 263.764 261.136 -7.18308 -23.3139 44.3026 262.44 -12.3025 305 0 
5.98009 0 0 0 0 263.764 261.136 -7.18308 -23.3139 44.3026 262.44 -12.3025 305 0 
5.99022 0 0 0 0 263.764 261.136 -7.18308 -23.3139 44.3026 262.44 -12.3025 305 0 
6.00034 0 0 0 0 263.764 261.136 -7.18308 -23.3139 44.3026 262.44 -12.3025 305 0 
6.01048 0 0 0 0 263.764 261.136 -7.18308 -23.3139 44.3026 262.44 -12.3025 305 0 
6.02062 0 0 0 0 263.764 261.136 -7.18308 -23.3139 44.3026 262.44 -12.3025 305 0 
6.03077 0 0 0 0 263.764 261.136 -7.18308 -23.3139 44.3026 262.44 -12.3025 305 0 
6.04089 0 0 0 0 263.764 261.136 -7.18308 -23.3139 44.3026 262.44 -12.3025 305 0 
6.05101 0 0 0 0 263.764 261.136 -7.18308 -23.3139 44.3026 262.44 -12.3025 305 0 
6.06119 0 0 0 0 263.764 261.136 -7.18308 -23.3139 44.3026 262.44 -12.3025 305 0 
6.07131 0 0 0 0 263.764 261.136 -7.18308 -23.3139 44.3026 262.44 -12.3025 305 0 
6.08144 0 0 0 0 263.764 261.136 -7.18308 -23.3139 44.3026 262.44 -12.3025 305 0 
6.09159 0 0 0 0 263.764 261.136 -7.18308 -23.3139 44.3026 262.44 -12.3025 305 0 
6.10174 0 0 0 0 263.764 261.136 -7.18308 -23.3139 44.3026 262.44 -12.3025 305 0 
6.11187 0 0 0 0 263.764 261.136 -7.18308 -23.3139 44.3026 262.44 -12.3025 305 0 
6.12199 0 0 0 0 263.764 261.136 -7.18308 -23.3139 44.3026 262.44 -12.3025 305 0 
6.13212 0 0 0 0 263.764 261.136 -7.18308 -23.3139 44.3026 262.44 -12.3025 305 0 
6.14227 0 0 0 0 263.764 261.136 -7.18308 -23.3139 44.3026 262.44 -12.3025 305 0 
6.1524 0 0 0 0 263.764 261.136 -7.18308 -23.3139 44.3026 262.44 -12.3025 305 0 
6.16254 0 0 0 0 263.764 261.136 -7.18308 -23.3139 44.3026 262.44 -12.3025 305 0 
6.17273 0 0 0 0 263.764 261.136 -7.18308 -23.3139 44.3026 262.44 -12.3025 305 0 
6.18286 0 0 0 0 263.764 261.136 -7.18308 -23.3139 44.3026 262.44 -12.3025 305 0 
6.19297 0 0 0 0 263.764 261.136 -7.18308 -23.3139 44.3026 262.44 -12.3025 305 0 
6.2031 0 0 0 0 263.764 261.136 -7.18308 -23.3139 44.3026 262.44 -12.3025 305 0 
6.21321 0 0 0 0 263.764 261.136 -7.18308 -23.3139 44.3026 262.44 -12.3025 305 0 
6.22335 0 0 0 0 263.764 261.136 -7.18308 -23.3139 44.3026 262.44 -12.3025 305 0 
6.23346 0 0 0 0 263.764 261.136 -7.18308 -23.3139 44.3026 262.44 -12.3025 305 0 
6.2436 0 0 0 0 263.764 261.136 -7.18308 -23.3139 44.3026 262.44 -12.3025 305 0 
6.25373 0 0 0 0 263.764 261.136 -7.18308 -23.3139 44.3026 262.44 -12.3025 305 0 
6.2639 0 0 0 0 263.764 261.136 -7.18308 -23.3139 44.3026 262.44 -12.3025 305 0 
6.27408 0 0 0 0 263.764 261.136 -7.18308 -23.3139 44.3026 262.44 -12.3025 305 0 
6.28422 0 0 0 0 263.764 261.136 -7.18308 -23.3139 44.3026 262.44 -12.3025 305 0 
6.29436 0 0 0 0 263.764 261.136 -7.18308 -23.3139 44.3026 262.44 -12.3025 305 0 
6.30452 0 0 0 0 263.764 261.136 -7.18308 -23.3139 44.3026 262.44 -12.3025 305 0 
6.31466 0 0 0 0 263.764 261.136 -7.18308 -23.3139 44.3026 262.44 -12.3025 305 0 
6.32478 0 0 0 0 263.764 261.136 -7.18308 -23.3139 44.3026 262.44 -12.3025 305 0 
6.33493 0 0 0 0 263.764 261.136 -7.18308 -23.3139 44.3026 262.44 -12.3025 305 0 
6.34511 0 0 0 0 263.764 261.136 -7.18308 -23.3139 44.3026 262.44 -12.3025 305 0 
6.35527 0 0 0 0 263.764 261.136 -7.18308 -23.3139 44.3026 262.44 -12.3025 305 0 
6.36538 0 0 0 0 263.764 261.136 -7.18308 -23.3139 44.3026 262.44 -12.3025 305 0 
6.37555 0 0 0 0 263.764 261.136 -7.18308 -23.3139 44.3026 262.44 -12.3025 305 0 
6.38565 0 0 0 0 263.764 261.136 -7.18308 -23.3139 44.3026 262.44 -12.3025 305 0 
6.39578 0 0 0 0 263.764 261.136 -7.18308 -23.3139 44.3026 262.44 -12.3025 305 0 
6.40591 0 0 0 0 263.764 261.136 -7.18308 -23.3139 44.3026 262.44 -12.3025 305 0 
6.41607 0 0 0 0 263.764 261.136 -7.18308 -23.3139 44.3026 262.44 -12.3025 305 0 
6.42623 0 0 0 0 263.764 261.136 -7.18308 -23.3139 44.3026 262.44 -12.3025 305 0 
6.43634 0 0 0 0 263.764 261.136 -7.18308 -23.3139 44.3026 262.44 -12.3025 305 0 
6.44648 0 0 0 0 263.764 261.136 -7.18308 -23.3139 44.3026 262.44 -12.3025 305 0 
6.45664 0 0 0 0 263.764 261.136 -7.18308 -23.3139 44.3026 262.44 -12.3025 305 0 
6.46674 0 0 0 0 263.764 261.136 -7.18308 -23.3139 44.3026 262.44 -12.3025 305 0 
6.47688 0 0 0 0 263.764 261.136 -7.18308 -23.3139 44.3026 262.44 -12.3025 305 0 
6.48699 0 0 0 0 263.764 261.136 -7.18308 -23.3139 44.3026 262.44 -12.3025 305 0 
6.49709 0 0 0 0 263.764 261.136 -7.18308 -23.3139 44.3026 262.44 -12.3025 305 0 
6.50719 0 0 0 0 263.764 261.136 -7.18308 -23.3139 44.3026 262.44 -12.3025 305 0 
6.5173 0 0 0 0 263.764 261.136 -7.18308 -23.3139 44.3026 262.44 -12.3025 305 0 
6.52741 0 0 0 0 263.764 261.136 -7.18308 -23.3139 44.3026 262.44 -12.3025 305 0 
6.53755 0 0 0 0 263.764 261.136 -7.18308 -23.3139 44.3026 262.44 -12.3025 305 0 
6.54768 0 0 0 0 263.764 261.136 -7.18308 -23.3139 44.3026 262.44 -12.3025 305 0 
6.55779 0 0 0 0 263.764 261.136 -7.18308 -23.3139 44.3026 262.44 -12.3025 305 0 
6.5679 0 0 0 0 263.764 261.136 -7.18308 -23.3139 44.3026 262.44 -12.3025 305 0 
6.57805 0 0 0 0 263.764 261.136 -7.18308 -23.3139 44.3026 262.44 -12.3025 305 0 
6.58816 0 0 0 0 263.764 261.136 -7.18308 -23.3139 44.3026 262.44 -12.3025 305 0 
6.59835 0 0 0 0 263.764 261.136 -7.18308 -23.3139 44.3026 262.44 -12.3025 305 0 
6.60846 0 0 0 0 263.764 261.136 -7.18308 -23.3139 44.3026 262.44 -12.3025 305 0 
6.61857 0 0 0 0 263.764 261.136 -7.18308 -23.3139 44.3026 262.44 -12.3025 305 0 
6.6287 0 0 0 0 263.764 261.136 -7.18308 -23.3139 44.3026 262.44 -12.3025 305 0 
6.63883 0 0 0 0 263.764 261.136 -7.18308 -23.3139 44.3026 262.44 -12.3025 305 0 
6.64893 0 0 0 0 263.764 261.136 -7.18308 -23.3139 44.3026 262.44 -12.3025 305 0 
6.65903 0 0 0 0 263.764 261.136 -7.18308 -23.3139 44.3026 262.44 -12.3025 305 0 
6.66914 0 0 0 0 263.764 261.136 -7.18308 -23.3139 44.3026 262.44 -12.3025 305 0 
6.67928 0 0 0 0 263.764 261.136 -7.18308 -23.3139 44.3026 262.44 -12.3025 305 0 
6.68946 0 0 0 0 263.764 261.136 -7.18308 -23.3139 44.3026 262.44 -12.3025 305 0 
6.69958 0 0 0 0 263.764 261.136 -7.18308 -23.3139 44.3026 262.44 -12.3025 305 0 
6.70971 0 0 0 0 263.764 261.136 -7.18308 -23.3139 44.3026 262.44 -12.3025 305 0 
6.71984 0 0 0 0 263.764 261.136 -7.18308 -23.3139 44.3026 262.44 -12.3025 305 0 
6.72996 0 0 0 0 263.764 261.136 -7.18308 -23.3139 44.3026 262.44 -12.3025 305 0 
6.74007 0 0 0 0 263.764 261.136 -7.18308 -23.3139 44.3026 262.44 -12.3025 305 0 
6.7502 0 0 0 0 263.764 261.136 -7.18308 -23.3139 44.3026 262.44 -12.3025 305 0 
6.76032 0 0 0 0 263.764 261.136 -7.18308 -23.3139 44.3026 262.44 -12.3025 305 0 
6.77044 0 0 0 0 263.764 261.136 -7.18308 -23.3139 44.3026 262.44 -12.3025 305 0 
6.78056 0 0 0 0 263.764 261.136 -7.18308 -23.3139 44.3026 262.44 -12.3025 305 0 
6.79072 0 0 0 0 263.764 261.136 -7.18308 -23.3139 44.3026 262.44 -12.3025 305 0 
6.80086 0 0 0 0 263.764 261.136 -7.18308 -23.3139 44.3026 262.44 -12.3025 305 0 
6.81304 0 0 0 0 263.764 261.136 -7.18308 -23.3139 44.3026 262.44 -12.3025 305 0 
6.82317 0 0 0 0 263.764 261.136 -7.18308 -23.3139 44.3026 262.44 -12.3025 305 0 
6.83329 0 0 0 0 263.764 261.136 -7.18308 -23.3139 44.3026 262.44 -12.3025 305 0 
6.84341 0 0 0 0 263.764 261.136 -7.18308 -23.3139 44.3026 262.44 -12.3025 305 0 
6.85355 0 0 0 0 263.764 261.136 -7.18308 -23.3139 44.3026 262.44 -12.3025 305 0 
6.86365 0 0 0 0 263.764 261.136 -7.18308 -23.3139 44.3026 262.44 -12.3025 305 0 
6.87376 0 0 0 0 263.764 261.136 -7.18308 -23.3139 44.3026 262.44 -12.3025 305 0 
6.88388 0 0 0 0 263.764 261.136 -7.18308 -23.3139 44.3026 262.44 -12.3025 305 0 
6.894 0 0 0 0 263.764 261.136 -7.18308 -23.3139 44.3026 262.44 -12.3025 305 0 
6.90417 0 0 0 0 263.764 261.136 -7.18308 -23.3139 44.3026 262.44 -12.3025 305 0 
6.91427 0 0 0 0 263.764 261.136 -7.18308 -23.3139 44.3026 262.44 -12.3025 305 0 
6.92439 0 0 0 0 263.764 261.136 -7.18308 -23.3139 44.3026 262.44 -12.3025 305 0 
6.93451 0 0 0 0 263.764 261.136 -7.18308 -23.3139 44.3026 262.44 -12.3025 305 0 
6.94464 0 0 0 0 263.764 261.136 -7.18308 -23.3139 44.3026 262.44 -12.3025 305 0 
6.95478 0 0 0 0 263.764 261.136 -7.18308 -23.3139 44.3026 262.44 -12.3025 305 0 
6.9649 0 0 0 0 263.764 261.136 -7.18308 -23.3139 44.3026 262.44 -12.3025 305 0 
6.97503 0 0 0 0 263.764 261.136 -7.18308 -23.3139 44.3026 262.44 -12.3025 305 0 
6.98514 0 0 0 0 263.764 261.136 -7.18308 -23.3139 44.3026 262.44 -12.3025 305 0 
6.99529 0 0 0 0 263.764 261.136 -7.18308 -23.3139 44.3026 262.44 -12.3025 305 0 
7.00551 0 0 0 0 263.764 261.136 -7.18308 -23.3139 44.3026 262.44 -12.3025 305 0 
7.01564 0 0 0 0 263.764 261.136 -7.18308 -23.3139 44.3026 262.44 -12.3025 305 0 
7.02576 0 0 0 0 263.764 261.136 -7.18308 -23.3139 44.3026 262.44 -12.3025 305 0 
7.03588 0 0 0 0 263.764 261.136 -7.18308 -23.3139 44.3026 262.44 -12.3025 305 0 
7.04605 0 0 0 0 263.764 261.136 -7.18308 -23.3139 44.3026 262.44 -12.3025 305 0 
7.05617 0 0 0 0 263.764 261.136 -7.18308 -23.3139 44.3026 262.44 -12.3025 305 0 
7.06629 0 0 0 0 263.764 261.136 -7.18308 -23.3139 44.3026 262.44 -12.3025 305 0 
7.07644 0 0 0 0 263.764 261.136 -7.18308 -23.3139 44.3026 262.44 -12.3025 305 0 
7.08656 0 0 0 0 263.764 261.136 -7.18308 -23.3139 44.3026 262.44 -12.3025 305 0 
7.09668 0 0 0 0 263.764 261.136 -7.18308 -23.3139 44.3026 262.44 -12.3025 305 0 
7.10681 0 0 0 0 263.764 261.136 -7.18308 -23.3139 44.3026 262.44 -12.3025 305 0 
7.11692 0 0 0 0 263.764 261.136 -7.18308 -23.3139 44.3026 262.44 -12.3025 305 0 
7.12703 0 0 0 0 263.764 261.136 -7.18308 -23.3139 44.3026 262.44 -12.3025 305 0 
7.1372 0 0 0 0 263.764 261.136 -7.18308 -23.3139 44.3026 262.44 -12.3025 305 0 
7.14733 0 0 0 0 263.764 261.136 -7.18308 -23.3139 44.3026 262.44 -12.3025 305 0 
7.15744 0 0 0 0 263.764 261.136 -7.18308 -23.3139 44.3026 262.44 -12.3025 305 0 
7.16756 0 0 0 0 263.742 261.136 -7.1222 -23.2473 44.3128 262.429 -12.3012 305 0 
7.17778 0 0 0 0 263.742 261.136 -7.1222 -23.2473 44.3128 262.429 -12.3012 305 0 
7.18791 0 0 0 0 263.742 261.136 -7.1222 -23.2473 44.3128 262.429 -12.3012 305 0 
7.19803 0 0 0 0 263.742 261.136 -7.1222 -23.2473 44.3128 262.429 -12.3012 305 0 
7.20818 0 0 0 0 263.742 261.136 -7.1222 -23.2473 44.3128 262.429 -12.3012 305 0 
7.21829 0 0 0 0 263.742 261.136 -7.1222 -23.2473 44.3128 262.429 -12.3012 305 0 
7.22842 0 0 0 0 263.742 261.136 -7.1222 -23.2473 44.3128 262.429 -12.3012 305 0 
7.23855 0 0 0 0 263.742 261.136 -7.1222 -23.2473 44.3128 262.429 -12.3012 305 0 
7.24867 0 0 0 0 263.742 261.136 -7.1222 -23.2473 44.3128 262.429 -12.3012 305 0 
7.25879 0 0 0 0 263.742 261.136 -7.1222 -23.2473 44.3128 262.429 -12.3012 305 0 
7.26891 0 0 0 0 263.742 261.136 -7.1222 -23.2473 44.3128 262.429 -12.3012 305 0 
7.27903 0 0 0 0 263.742 261.136 -7.1222 -23.2473 44.3128 262.429 -12.3012 305 0 
7.28919 0 0 0 0 263.742 261.136 -7.1222 -23.2473 44.3128 262.429 -12.3012 305 0 
7.29932 0 0 0 0 263.742 261.136 -7.1222 -23.2473 44.3128 262.429 -12.3012 305 0 
7.30955 0 0 0 0 263.742 261.136 -7.1222 -23.2473 44.3128 262.429 -12.3012 305 0 
7.31967 0 0 0 0 263.742 261.136 -7.1222 -23.2473 44.3128 262.429 -12.3012 305 0 
7.32978 0 0 0 0 263.742 261.136 -7.1222 -23.2473 44.3128 262.429 -12.3012 305 0 
7.33989 0 0 0 0 263.742 261.136 -7.1222 -23.2473 44.3128 262.429 -12.3012 305 0 
7.35008 0 0 0 0 263.742 261.136 -7.1222 -23.2473 44.3128 262.429 -12.3012 305 0 
7.36019 0 0 0 0 263.742 261.136 -7.1222 -23.2473 44.3128 262.429 -12.3012 305 0 
7.37033 0 0 0 0 263.742 261.136 -7.1222 -23.2473 44.3128 262.429 -12.3012 305 0 
7.38043 0 0 0 0 263.742 261.136 -7.1222 -23.2473 44.3128 262.429 -12.3012 305 0 
7.39056 0 0 0 0 263.742 261.136 -7.1222 -23.2473 44.3128 262.429 -12.3012 305 0 
7.4007 0 0 0 0 263.742 261.136 -7.1222 -23.2473 44.3128 262.429 -12.3012 305 0 
7.41083 0 0 0 0 263.742 261.136 -7.1222 -23.2473 44.3128 262.429 -12.3012 305 0 
7.42099 0 0 0 0 263.742 261.136 -7.1222 -23.2473 44.3128 262.429 -12.3012 305 0 
7.43109 0 0 0 0 263.742 261.136 -7.1222 -23.2473 44.3128 262.429 -12.3012 305 0 
7.44121 0 0 0 0 263.742 261.136 -7.1222 -23.2473 44.3128 262.429 -12.3012 305 0 
7.4514 0 0 0 0 263.742 261.136 -7.1222 -23.2473 44.3128 262.429 -12.3012 305 0 
7.46152 0 0 0 0 263.742 261.136 -7.1222 -23.2473 44.3128 262.429 -12.3012 305 0 
7.47166 0 0 0 0 263.742 261.136 -7.1222 -23.2473 44.3128 262.429 -12.3012 305 0 
7.48194 0 0 0 0 263.742 261.136 -7.1222 -23.2473 44.3128 262.429 -12.3012 305 0 
7.49205 0 0 0 0 263.742 261.136 -7.1222 -23.2473 44.3128 262.429 -12.3012 305 0 
7.50217 0 0 0 0 263.742 261.136 -7.1222 -23.2473 44.3128 262.429 -12.3012 305 0 
7.51228 0 0 0 0 263.742 261.136 -7.1222 -23.2473 44.3128 262.429 -12.3012 305 0 
7.52238 0 0 0 0 263.742 261.136 -7.1222 -23.2473 44.3128 262.429 -12.3012 305 0 
7.53249 0 0 0 0 263.742 261.136 -7.1222 -23.2473 44.3128 262.429 -12.3012 305 0 
7.54263 0 0 0 0 263.742 261.136 -7.1222 -23.2473 44.3128 262.429 -12.3012 305 0 
7.55273 0 0 0 0 263.742 261.136 -7.1222 -23.2473 44.3128 262.429 -12.3012 305 0 
7.56285 0 0 0 0 263.742 261.136 -7.1222 -23.2473 44.3128 262.429 -12.3012 305 0 
7.57297 0 0 0 0 263.742 261.136 -7.1222 -23.2473 44.3128 262.429 -12.3012 305 0 
7.58308 0 0 0 0 263.742 261.136 -7.1222 -23.2473 44.3128 262.429 -12.3012 305 0 
7.59319 0 0 0 0 263.742 261.136 -7.1222 -23.2473 44.3128 262.429 -12.3012 305 0 
7.6033 0 0 0 0 263.742 261.136 -7.1222 -23.2473 44.3128 262.429 -12.3012 305 0 
7.61342 0 0 0 0 263.742 261.136 -7.1222 -23.2473 44.3128 262.429 -12.3012 305 0 
7.62352 0 0 0 0 263.742 261.136 -7.1222 -23.2473 44.3128 262.429 -12.3012 305 0 
7.63366 0 0 0 0 263.742 261.136 -7.1222 -23.2473 44.3128 262.429 -12.3012 305 0 
7.64378 0 0 0 0 263.742 261.136 -7.1222 -23.2473 44.3128 262.429 -12.3012 305 0 
7.6539 0 0 0 0 263.742 261.136 -7.1222 -23.2473 44.3128 262.429 -12.3012 305 0 
7.66401 0 0 0 0 263.742 261.136 -7.1222 -23.2473 44.3128 262.429 -12.3012 305 0 
7.67411 0 0 0 0 263.742 261.136 -7.1222 -23.2473 44.3128 262.429 -12.3012 305 0 
7.68421 0 0 0 0 263.742 261.136 -7.1222 -23.2473 44.3128 262.429 -12.3012 305 0 
7.69431 0 0 0 0 263.742 261.136 -7.1222 -23.2473 44.3128 262.429 -12.3012 305 0 
7.70442 0 0 0 0 263.742 261.136 -7.1222 -23.2473 44.3128 262.429 -12.3012 305 0 
7.71454 0 0 0 0 263.742 261.136 -7.1222 -23.2473 44.3128 262.429 -12.3012 305 0 
7.72469 0 0 0 0 263.742 261.136 -7.1222 -23.2473 44.3128 262.429 -12.3012 305 0 
7.73481 0 0 0 0 263.742 261.136 -7.1222 -23.2473 44.3128 262.429 -12.3012 305 0 
7.74493 0 0 0 0 263.742 261.136 -7.1222 -23.2473 44.3128 262.429 -12.3012 305 0 
7.75505 0 0 0 0 263.742 261.136 -7.1222 -23.2473 44.3128 262.429 -12.3012 305 0 
7.76519 0 0 0 0 263.742 261.136 -7.1222 -23.2473 44.3128 262.429 -12.3012 305 0 
7.77531 0 0 0 0 263.742 261.136 -7.1222 -23.2473 44.3128 262.429 -12.3012 305 0 
7.78543 0 0 0 0 263.742 261.136 -7.1222 -23.2473 44.3128 262.429 -12.3012 305 0 
7.79557 0 0 0 0 263.742 261.136 -7.1222 -23.2473 44.3128 262.429 -12.3012 305 0 
7.80568 0 0 0 0 263.742 261.136 -7.1222 -23.2473 44.3128 262.429 -12.3012 305 0 
7.8159 0 0 0 0 263.742 261.136 -7.1222 -23.2473 44.3128 262.429 -12.3012 305 0 
7.82609 0 0 0 0 263.742 261.136 -7.1222 -23.2473 44.3128 262.429 -12.3012 305 0 
7.83631 0 0 0 0 263.742 261.136 -7.1222 -23.2473 44.3128 262.429 -12.3012 305 0 
7.84642 0 0 0 0 263.742 261.136 -7.1222 -23.2473 44.3128 262.429 -12.3012 305 0 
7.85653 0 0 0 0 263.742 261.136 -7.1222 -23.2473 44.3128 262.429 -12.3012 305 0 
7.86666 0 0 0 0 263.742 261.136 -7.1222 -23.2473 44.3128 262.429 -12.3012 305 0 
7.87679 0 0 0 0 263.742 261.136 -7.1222 -23.2473 44.3128 262.429 -12.3012 305 0 
7.88692 0 0 0 0 263.742 261.136 -7.1222 -23.2473 44.3128 262.429 -12.3012 305 0 
7.89707 0 0 0 0 263.742 261.136 -7.1222 -23.2473 44.3128 262.429 -12.3012 305 0 
7.90728 0 0 0 0 263.742 261.136 -7.1222 -23.2473 44.3128 262.429 -12.3012 305 0 
7.9174 0 0 0 0 263.742 261.136 -7.1222 -23.2473 44.3128 262.429 -12.3012 305 0 
7.92752 0 0 0 0 263.742 261.136 -7.1222 -23.2473 44.3128 262.429 -12.3012 305 0 
7.93764 0 0 0 0 263.742 261.136 -7.1222 -23.2473 44.3128 262.429 -12.3012 305 0 
7.94776 0 0 0 0 263.742 261.136 -7.1222 -23.2473 44.3128 262.429 -12.3012 305 0 
7.95788 0 0 0 0 263.742 261.136 -7.1222 -23.2473 44.3128 262.429 -12.3012 305 0 
7.9681 0 0 0 0 263.742 261.136 -7.1222 -23.2473 44.3128 262.429 -12.3012 305 0 
7.97823 0 0 0 0 263.742 261.136 -7.1222 -23.2473 44.3128 262.429 -12.3012 305 0 
7.98839 0 0 0 0 263.742 261.136 -7.1222 -23.2473 44.3128 262.429 -12.3012 305 0 
7.99853 0 0 0 0 263.742 261.136 -7.1222 -23.2473 44.3128 262.429 -12.3012 305 0 
8.00867 0 0 0 0 263.742 261.136 -7.1222 -23.2473 44.3128 262.429 -12.3012 305 0 
8.01882 0 0 0 0 263.742 261.136 -7.1222 -23.2473 44.3128 262.429 -12.3012 305 0 
8.02895 0 0 0 0 263.742 261.136 -7.1222 -23.2473 44.3128 262.429 -12.3012 305 0 
8.03916 0 0 0 0 263.742 261.136 -7.1222 -23.2473 44.3128 262.429 -12.3012 305 0 
8.04928 0 0 0 0 263.742 261.136 -7.1222 -23.2473 44.3128 262.429 -12.3012 305 0 
8.05971 0 0 0 0 263.742 261.136 -7.1222 -23.2473 44.3128 262.429 -12.3012 305 0 
8.06989 0 0 0 0 263.742 261.136 -7.1222 -23.2473 44.3128 262.429 -12.3012 305 0 
8.08001 0 0 0 0 263.742 261.136 -7.1222 -23.2473 44.3128 262.429 -12.3012 305 0 
8.09014 0 0 0 0 263.742 261.136 -7.1222 -23.2473 44.3128 262.429 -12.3012 305 0 
8.10027 0 0 0 0 263.742 261.136 -7.1222 -23.2473 44.3128 262.429 -12.3012 305 0 
8.11089 0 0 0 0 263.742 261.136 -7.1222 -23.2473 44.3128 262.429 -12.3012 305 0 
8.121 0 0 0 0 263.742 261.136 -7.1222 -23.2473 44.3128 262.429 -12.3012 305 0 
8.13111 0 0 0 0 263.742 261.136 -7.1222 -23.2473 44.3128 262.429 -12.3012 305 0 
8.14134 0 0 0 0 263.742 261.136 -7.1222 -23.2473 44.3128 262.429 -12.3012 305 0 
8.15145 0 0 0 0 263.742 261.136 -7.1222 -23.2473 44.3128 262.429 -12.3012 305 0 
8.16158 0 0 0 0 263.742 261.136 -7.1222 -23.2473 44.3128 262.429 -12.3012 305 0 
8.17169 0 0 0 0 263.742 261.136 -7.1222 -23.2473 44.3128 262.429 -12.3012 305 0 
8.18179 0 0 0 0 263.742 261.136 -7.1222 -23.2473 44.3128 262.429 -12.3012 305 0 
8.192 0 0 0 0 263.742 261.136 -7.1222 -23.2473 44.3128 262.429 -12.3012 305 0 
8.20212 0 0 0 0 263.742 261.136 -7.1222 -23.2473 44.3128 262.429 -12.3012 305 0 
8.21224 0 0 0 0 263.742 261.136 -7.1222 -23.2473 44.3128 262.429 -12.3012 305 0 
8.22245 0 0 0 0 263.742 261.136 -7.1222 -23.2473 44.3128 262.429 -12.3012 305 0 
8.23256 0 0 0 0 263.742 261.136 -7.1222 -23.2473 44.3128 262.429 -12.3012 305 0 
8.2427 0 0 0 0 263.742 261.136 -7.1222 -23.2473 44.3128 262.429 -12.3012 305 0 
8.25283 0 0 0 0 263.742 261.136 -7.1222 -23.2473 44.3128 262.429 -12.3012 305 0 
8.26295 0 0 0 0 263.742 261.136 -7.1222 -23.2473 44.3128 262.429 -12.3012 305 0 
8.27309 0 0 0 0 263.742 261.136 -7.1222 -23.2473 44.3128 262.429 -12.3012 305 0 
8.28319 0 0 0 0 263.742 261.136 -7.1222 -23.2473 44.3128 262.429 -12.3012 305 0 
8.2933 0 0 0 0 263.742 261.136 -7.1222 -23.2473 44.3128 262.429 -12.3012 305 0 
8.30341 0 0 0 0 263.742 261.136 -7.1222 -23.2473 44.3128 262.429 -12.3012 305 0 
8.31357 0 0 0 0 263.742 261.136 -7.1222 -23.2473 44.3128 262.429 -12.3012 305 0 
8.32368 0 0 0 0 263.742 261.136 -7.1222 -23.2473 44.3128 262.429 -12.3012 305 0 
8.33382 0 0 0 0 263.742 261.136 -7.1222 -23.2473 44.3128 262.429 -12.3012 305 0 
8.34393 0 0 0 0 263.742 261.136 -7.1222 -23.2473 44.3128 262.429 -12.3012 305 0 
8.35408 0 0 0 0 263.742 261.136 -7.1222 -23.2473 44.3128 262.429 -12.3012 305 0 
8.36424 0 0 0 0 263.742 261.136 -7.1222 -23.2473 44.3128 262.429 -12.3012 305 0 
8.37436 0 0 0 0 263.742 261.136 -7.1222 -23.2473 44.3128 262.429 -12.3012 305 0 
8.38449 0 0 0 0 263.742 261.136 -7.1222 -23.2473 44.3128 262.429 -12.3012 305 0 
8.39462 0 0 0 0 263.742 261.136 -7.1222 -23.2473 44.3128 262.429 -12.3012 305 0 
8.40474 0 0 0 0 263.742 261.136 -7.1222 -23.2473 44.3128 262.429 -12.3012 305 0 
8.41488 0 0 0 0 263.742 261.136 -7.1222 -23.2473 44.3128 262.429 -12.3012 305 0 
8.425 0 0 0 0 263.742 261.136 -7.1222 -23.2473 44.3128 262.429 -12.3012 305 0 
8.43513 0 0 0 0 263.742 261.136 -7.1222 -23.2473 44.3128 262.429 -12.3012 305 0 
8.44524 0 0 0 0 263.742 261.136 -7.1222 -23.2473 44.3128 262.429 -12.3012 305 0 
8.45535 0 0 0 0 263.742 261.136 -7.1222 -23.2473 44.3128 262.429 -12.3012 305 0 
8.46546 0 0 0 0 263.742 261.136 -7.1222 -23.2473 44.3128 262.429 -12.3012 305 0 
8.47557 0 0 0 0 263.742 261.136 -7.1222 -23.2473 44.3128 262.429 -12.3012 305 0 
8.4857 0 0 0 0 263.742 261.136 -7.1222 -23.2473 44.3128 262.429 -12.3012 305 0 
8.49583 0 0 0 0 263.742 261.136 -7.1222 -23.2473 44.3128 262.429 -12.3012 305 0 
8.50594 0 0 0 0 263.742 261.136 -7.1222 -23.2473 44.3128 262.429 -12.3012 305 0 
8.51608 0 0 0 0 263.742 261.136 -7.1222 -23.2473 44.3128 262.429 -12.3012 305 0 
8.5262 0 0 0 0 263.742 261.136 -7.1222 -23.2473 44.3128 262.429 -12.3012 305 0 
8.53633 0 0 0 0 263.742 261.136 -7.1222 -23.2473 44.3128 262.429 -12.3012 305 0 
8.54644 0 0 0 0 263.742 261.136 -7.1222 -23.2473 44.3128 262.429 -12.3012 305 0 
8.55654 0 0 0 0 263.742 261.136 -7.1222 -23.2473 44.3128 262.429 -12.3012 305 0 
8.56672 0 0 0 0 263.742 261.136 -7.1222 -23.2473 44.3128 262.429 -12.3012 305 0 
8.57684 0 0 0 0 263.742 261.136 -7.1222 -23.2473 44.3128 262.429 -12.3012 305 0 
8.6018 0 0 0 0 263.742 261.136 -7.1222 -23.2473 44.3128 262.429 -12.3012 305 0 
8.61194 0 0 0 0 263.742 261.136 -7.1222 -23.2473 44.3128 262.429 -12.3012 305 0 
8.62208 0 0 0 0 263.742 261.136 -7.1222 -23.2473 44.3128 262.429 -12.3012 305 0 
8.6322 0 0 0 0 263.742 261.136 -7.1222 -23.2473 44.3128 262.429 -12.3012 305 0 
8.64233 0 0 0 0 263.742 261.136 -7.1222 -23.2473 44.3128 262.429 -12.3012 305 0 
8.65244 0 0 0 0 263.742 261.136 -7.1222 -23.2473 44.3128 262.429 -12.3012 305 0 
8.66264 0 0 0 0 263.742 261.136 -7.1222 -23.2473 44.3128 262.429 -12.3012 305 0 
8.67276 0 0 0 0 263.742 261.136 -7.1222 -23.2473 44.3128 262.429 -12.3012 305 0 
8.68288 0 0 0 0 263.742 261.136 -7.1222 -23.2473 44.3128 262.429 -12.3012 305 0 
8.69301 0 0 0 0 263.742 261.136 -7.1222 -23.2473 44.3128 262.429 -12.3012 305 0 
8.70314 0 0 0 0 263.742 261.136 -7.1222 -23.2473 44.3128 262.429 -12.3012 305 0 
8.71327 0 0 0 0 263.742 261.136 -7.1222 -23.2473 44.3128 262.429 -12.3012 305 0 
8.72338 0 0 0 0 263.742 261.136 -7.1222 -23.2473 44.3128 262.429 -12.3012 305 0 
8.73358 0 0 0 0 263.742 261.136 -7.1222 -23.2473 44.3128 262.429 -12.3012 305 0 
8.74369 0 0 0 0 263.742 261.136 -7.1222 -23.2473 44.3128 262.429 -12.3012 305 0 
8.75385 0 0 0 0 263.742 261.136 -7.1222 -23.2473 44.3128 262.429 -12.3012 305 0 
8.76397 0 0 0 0 263.742 261.136 -7.1222 -23.2473 44.3128 262.429 -12.3012 305 0 
8.77408 0 0 0 0 263.742 261.136 -7.1222 -23.2473 44.3128 262.429 -12.3012 305 0 
8.7842 0 0 0 0 263.742 261.136 -7.1222 -23.2473 44.3128 262.429 -12.3012 305 0 
8.79432 0 0 0 0 263.742 261.136 -7.1222 -23.2473 44.3128 262.429 -12.3012 305 0 
8.80443 0 0 0 0 263.742 261.136 -7.1222 -23.2473 44.3128 262.429 -12.3012 305 0 
8.81455 0 0 0 0 263.742 261.136 -7.1222 -23.2473 44.3128 262.429 -12.3012 305 0 
8.82467 0 0 0 0 263.742 261.136 -7.1222 -23.2473 44.3128 262.429 -12.3012 305 0 
8.83479 0 0 0 0 263.742 261.136 -7.1222 -23.2473 44.3128 262.429 -12.3012 305 0 
8.84493 0 0 0 0 263.742 261.136 -7.1222 -23.2473 44.3128 262.429 -12.3012 305 0 
8.85505 0 0 0 0 263.742 261.136 -7.1222 -23.2473 44.3128 262.429 -12.3012 305 0 
8.86519 0 0 0 0 263.742 261.136 -7.1222 -23.2473 44.3128 262.429 -12.3012 305 0 
8.87529 0 0 0 0 263.742 261.136 -7.1222 -23.2473 44.3128 262.429 -12.3012 305 0 
8.8854 0 0 0 0 263.742 261.136 -7.1222 -23.2473 44.3128 262.429 -12.3012 305 0 
8.89552 0 0 0 0 263.742 261.136 -7.1222 -23.2473 44.3128 262.429 -12.3012 305 0 
8.90566 0 0 0 0 263.742 261.136 -7.1222 -23.2473 44.3128 262.429 -12.3012 305 0 
8.91579 0 0 0 0 263.742 261.136 -7.1222 -23.2473 44.3128 262.429 -12.3012 305 0 
8.9259 0 0 0 0 263.742 261.136 -7.1222 -23.2473 44.3128 262.429 -12.3012 305 0 
8.93601 0 0 0 0 263.742 261.136 -7.1222 -23.2473 44.3128 262.429 -12.3012 305 0 
8.94611 0 0 0 0 263.742 261.136 -7.1222 -23.2473 44.3128 262.429 -12.3012 305 0 
8.95624 0 0 0 0 263.742 261.136 -7.1222 -23.2473 44.3128 262.429 -12.3012 305 0 
8.96635 0 0 0 0 263.742 261.136 -7.1222 -23.2473 44.3128 262.429 -12.3012 305 0 
8.97892 0 0 0 0 263.742 261.136 -7.1222 -23.2473 44.3128 262.429 -12.3012 305 0 
8.98904 0 0 0 0 263.742 261.136 -7.1222 -23.2473 44.3128 262.429 -12.3012 305 0 
8.99914 0 0 0 0 263.742 261.136 -7.1222 -23.2473 44.3128 262.429 -12.3012 305 0 
9.00924 0 0 0 0 263.742 261.136 -7.1222 -23.2473 44.3128 262.429 -12.3012 305 0 
9.01935 0 0 0 0 263.742 261.136 -7.1222 -23.2473 44.3128 262.429 -12.3012 305 0 
9.02945 0 0 0 0 263.742 261.136 -7.1222 -23.2473 44.3128 262.429 -12.3012 305 0 
9.03957 0 0 0 0 263.742 261.136 -7.1222 -23.2473 44.3128 262.429 -12.3012 305 0 
9.04968 0 0 0 0 263.742 261.136 -7.1222 -23.2473 44.3128 262.429 -12.3012 305 0 
9.05979 0 0 0 0 263.742 261.136 -7.1222 -23.2473 44.3128 262.429 -12.3012 305 0 
9.06991 0 0 0 0 263.742 261.136 -7.1222 -23.2473 44.3128 262.429 -12.3012 305 0 
9.08003 0 0 0 0 263.742 261.136 -7.1222 -23.2473 44.3128 262.429 -12.3012 305 0 
9.09017 0 0 0 0 263.742 261.136 -7.1222 -23.2473 44.3128 262.429 -12.3012 305 0 
9.10029 0 0 0 0 263.742 261.136 -7.1222 -23.2473 44.3128 262.429 -12.3012 305 0 
9.11043 0 0 0 0 263.742 261.136 -7.1222 -23.2473 44.3128 262.429 -12.3012 305 0 
9.12055 0 0 0 0 263.742 261.136 -7.1222 -23.2473 44.3128 262.429 -12.3012 305 0 
9.13066 0 0 0 0 263.742 261.136 -7.1222 -23.2473 44.3128 262.429 -12.3012 305 0 
9.14079 0 0 0 0 263.742 261.136 -7.1222 -23.2473 44.3128 262.429 -12.3012 305 0 
9.15091 0 0 0 0 263.742 261.136 -7.1222 -23.2473 44.3128 262.429 -12.3012 305 0 
9.16103 0 0 0 0 263.742 261.136 -7.1222 -23.2473 44.3128 262.429 -12.3012 305 0 
9.17115 0 0 0 0 263.742 261.136 -7.1222 -23.2473 44.3128 262.429 -12.3012 305 0 
9.18127 0 0 0 0 263.742 261.136 -7.1222 -23.2473 44.3128 262.429 -12.3012 305 0 
9.19139 0 0 0 0 263.742 261.136 -7.1222 -23.2473 44.3128 262.429 -12.3012 305 0 
9.20152 0 0 0 0 263.742 261.136 -7.1222 -23.2473 44.3128 262.429 -12.3012 305 0 
9.21163 0 0 0 0 263.742 261.136 -7.1222 -23.2473 44.3128 262.429 -12.3012 305 0 
9.2218 0 0 0 0 263.742 261.136 -7.1222 -23.2473 44.3128 262.429 -12.3012 305 0 
9.23191 0 0 0 0 263.742 261.136 -7.1222 -23.2473 44.3128 262.429 -12.3012 305 0 
9.24203 0 0 0 0 263.742 261.136 -7.1222 -23.2473 44.3128 262.429 -12.3012 305 0 
9.25213 0 0 0 0 263.742 261.136 -7.1222 -23.2473 44.3128 262.429 -12.3012 305 0 
9.26225 0 0 0 0 263.742 261.136 -7.1222 -23.2473 44.3128 262.429 -12.3012 305 0 
9.27237 0 0 0 0 263.742 261.136 -7.1222 -23.2473 44.3128 262.429 -12.3012 305 0 
9.28251 0 0 0 0 263.742 261.136 -7.1222 -23.2473 44.3128 262.429 -12.3012 305 0 
9.29262 0 0 0 0 263.742 261.136 -7.1222 -23.2473 44.3128 262.429 -12.3012 305 0 
9.30274 0 0 0 0 263.742 261.136 -7.1222 -23.2473 44.3128 262.429 -12.3012 305 0 
9.31363 0 0 0 0 263.742 261.136 -7.1222 -23.2473 44.3128 262.429 -12.3012 305 0 
9.32375 0 0 0 0 263.742 261.136 -7.1222 -23.2473 44.3128 262.429 -12.3012 305 0 
9.33386 0 0 0 0 263.742 261.136 -7.1222 -23.2473 44.3128 262.429 -12.3012 305 0 
9.34397 0 0 0 0 263.742 261.136 -7.1222 -23.2473 44.3128 262.429 -12.3012 305 0 
9.35408 0 0 0 0 263.742 261.136 -7.1222 -23.2473 44.3128 262.429 -12.3012 305 0 
9.36423 0 0 0 0 263.742 261.136 -7.1222 -23.2473 44.3128 262.429 -12.3012 305 0 
9.37434 0 0 0 0 263.742 261.136 -7.1222 -23.2473 44.3128 262.429 -12.3012 305 0 
9.38447 0 0 0 0 263.742 261.136 -7.1222 -23.2473 44.3128 262.429 -12.3012 305 0 
9.39459 0 0 0 0 263.742 261.136 -7.1222 -23.2473 44.3128 262.429 -12.3012 305 0 
9.40471 0 0 0 0 263.742 261.136 -7.1222 -23.2473 44.3128 262.429 -12.3012 305 0 
9.41485 0 0 0 0 263.742 261.136 -7.1222 -23.2473 44.3128 262.429 -12.3012 305 0 
9.42497 0 0 0 0 263.742 261.136 -7.1222 -23.2473 44.3128 262.429 -12.3012 305 0 
9.43512 0 0 0 0 263.742 261.136 -7.1222 -23.2473 44.3128 262.429 -12.3012 305 0 
9.44524 0 0 0 0 263.742 261.136 -7.1222 -23.2473 44.3128 262.429 -12.3012 305 0 
9.45535 0 0 0 0 263.742 261.136 -7.1222 -23.2473 44.3128 262.429 -12.3012 305 0 
9.46547 0 0 0 0 263.742 261.136 -7.1222 -23.2473 44.3128 262.429 -12.3012 305 0 
9.47559 0 0 0 0 263.742 261.136 -7.1222 -23.2473 44.3128 262.429 -12.3012 305 0 
9.48572 0 0 0 0 263.742 261.136 -7.1222 -23.2473 44.3128 262.429 -12.3012 305 0 
9.49588 0 0 0 0 263.742 261.136 -7.1222 -23.2473 44.3128 262.429 -12.3012 305 0 
9.506 0 0 0 0 263.742 261.136 -7.1222 -23.2473 44.3128 262.429 -12.3012 305 0 
9.51612 0 0 0 0 263.742 261.136 -7.1222 -23.2473 44.3128 262.429 -12.3012 305 0 
9.52624 0 0 0 0 263.742 261.136 -7.1222 -23.2473 44.3128 262.429 -12.3012 305 0 
9.53635 0 0 0 0 263.742 261.136 -7.1222 -23.2473 44.3128 262.429 -12.3012 305 0 
9.54648 0 0 0 0 263.742 261.136 -7.1222 -23.2473 44.3128 262.429 -12.3012 305 0 
9.5566 0 0 0 0 263.742 261.136 -7.1222 -23.2473 44.3128 262.429 -12.3012 305 0 
9.56674 0 0 0 0 263.742 261.136 -7.1222 -23.2473 44.3128 262.429 -12.3012 305 0 
9.57687 0 0 0 0 263.742 261.136 -7.1222 -23.2473 44.3128 262.429 -12.3012 305 0 
9.587 0 0 0 0 263.742 261.136 -7.1222 -23.2473 44.3128 262.429 -12.3012 305 0 
9.59712 0 0 0 0 263.742 261.136 -7.1222 -23.2473 44.3128 262.429 -12.3012 305 0 
9.60726 0 0 0 0 263.742 261.136 -7.1222 -23.2473 44.3128 262.429 -12.3012 305 0 
9.61737 0 0 0 0 263.742 261.136 -7.1222 -23.2473 44.3128 262.429 -12.3012 305 0 
9.62754 0 0 0 0 263.742 261.136 -7.1222 -23.2473 44.3128 262.429 -12.3012 305 0 
9.63765 0 0 0 0 263.742 261.136 -7.1222 -23.2473 44.3128 262.429 -12.3012 305 0 
9.64777 0 0 0 0 263.742 261.136 -7.1222 -23.2473 44.3128 262.429 -12.3012 305 0 
9.65791 0 0 0 0 263.742 261.136 -7.1222 -23.2473 44.3128 262.429 -12.3012 305 0 
9.66802 0 0 0 0 263.742 261.136 -7.1222 -23.2473 44.3128 262.429 -12.3012 305 0 
9.67813 0 0 0 0 263.742 261.136 -7.1222 -23.2473 44.3128 262.429 -12.3012 305 0 
9.68825 0 0 0 0 263.742 261.136 -7.1222 -23.2473 44.3128 262.429 -12.3012 305 0 
9.69839 0 0 0 0 263.742 261.136 -7.1222 -23.2473 44.3128 262.429 -12.3012 305 0 
9.70852 0 0 0 0 263.742 261.136 -7.1222 -23.2473 44.3128 262.429 -12.3012 305 0 
9.71864 0 0 0 0 263.742 261.136 -7.1222 -23.2473 44.3128 262.429 -12.3012 305 0 
9.72877 0 0 0 0 263.742 261.136 -7.1222 -23.2473 44.3128 262.429 -12.3012 305 0 
9.73888 0 0 0 0 263.742 261.136 -7.1222 -23.2473 44.3128 262.429 -12.3012 305 0 
9.74901 0 0 0 0 263.742 261.136 -7.1222 -23.2473 44.3128 262.429 -12.3012 305 0 
9.75912 0 0 0 0 263.742 261.136 -7.1222 -23.2473 44.3128 262.429 -12.3012 305 0 
9.76925 0 0 0 0 263.742 261.136 -7.1222 -23.2473 44.3128 262.429 -12.3012 305 0 
9.77939 0 0 0 0 263.742 261.136 -7.1222 -23.2473 44.3128 262.429 -12.3012 305 0 
9.78952 0 0 0 0 263.742 261.136 -7.1222 -23.2473 44.3128 262.429 -12.3012 305 0 
9.79968 0 0 0 0 263.742 261.136 -7.1222 -23.2473 44.3128 262.429 -12.3012 305 0 
9.80982 0 0 0 0 263.742 261.136 -7.1222 -23.2473 44.3128 262.429 -12.3012 305 0 
9.81992 0 0 0 0 263.742 261.136 -7.1222 -23.2473 44.3128 262.429 -12.3012 305 0 
9.83006 0 0 0 0 263.742 261.136 -7.1222 -23.2473 44.3128 262.429 -12.3012 305 0 
9.84017 0 0 0 0 263.742 261.136 -7.1222 -23.2473 44.3128 262.429 -12.3012 305 0 
9.85033 0 0 0 0 263.742 261.136 -7.1222 -23.2473 44.3128 262.429 -12.3012 305 0 
9.86044 0 0 0 0 263.742 261.136 -7.1222 -23.2473 44.3128 262.429 -12.3012 305 0 
9.87055 0 0 0 0 263.742 261.136 -7.1222 -23.2473 44.3128 262.429 -12.3012 305 0 
9.88066 0 0 0 0 263.742 261.136 -7.1222 -23.2473 44.3128 262.429 -12.3012 305 0 
9.89077 0 0 0 0 263.742 261.136 -7.1222 -23.2473 44.3128 262.429 -12.3012 305 0 
9.90088 0 0 0 0 263.742 261.136 -7.1222 -23.2473 44.3128 262.429 -12.3012 305 0 
9.91099 0 0 0 0 263.742 261.136 -7.1222 -23.2473 44.3128 262.429 -12.3012 305 0 
9.92111 0 0 0 0 263.742 261.136 -7.1222 -23.2473 44.3128 262.429 -12.3012 305 0 
9.93124 0 0 0 0 263.742 261.136 -7.1222 -23.2473 44.3128 262.429 -12.3012 305 0 
9.94136 0 0 0 0 263.742 261.136 -7.1222 -23.2473 44.3128 262.429 -12.3012 305 0 
9.95147 0 0 0 0 263.742 261.136 -7.1222 -23.2473 44.3128 262.429 -12.3012 305 0 
9.96158 0 0 0 0 263.742 261.136 -7.1222 -23.2473 44.3128 262.429 -12.3012 305 0 
9.97168 0 0 0 0 263.742 261.136 -7.1222 -23.2473 44.3128 262.429 -12.3012 305 0 
9.98178 0 0 0 0 263.742 261.136 -7.1222 -23.2473 44.3128 262.429 -12.3012 305 0 
9.99189 0 0 0 0 263.742 261.136 -7.1222 -23.2473 44.3128 262.429 -12.3012 305 0 
10.002 0 0 0 0 263.742 261.136 -7.1222 -23.2473 44.3128 262.429 -12.3012 305 0 
10.0121 0 0 0 0 263.742 261.136 -7.1222 -23.2473 44.3128 262.429 -12.3012 305 0 
10.0223 0 0 0 0 263.742 261.136 -7.1222 -23.2473 44.3128 262.429 -12.3012 305 0 
10.0324 0 0 0 0 263.742 261.136 -7.1222 -23.2473 44.3128 262.429 -12.3012 305 0 
10.0425 0 0 0 0 263.742 261.136 -7.1222 -23.2473 44.3128 262.429 -12.3012 305 0 
10.0526 0 0 0 0 263.742 261.136 -7.1222 -23.2473 44.3128 262.429 -12.3012 305 0 
10.0627 0 0 0 0 263.742 261.136 -7.1222 -23.2473 44.3128 262.429 -12.3012 305 0 
10.0728 0 0 0 0 263.742 261.136 -7.1222 -23.2473 44.3128 262.429 -12.3012 305 0 
10.083 0 0 0 0 263.742 261.136 -7.1222 -23.2473 44.3128 262.429 -12.3012 305 0 
10.0931 0 0 0 0 263.742 261.136 -7.1222 -23.2473 44.3128 262.429 -12.3012 305 0 
10.1032 0 0 0 0 263.742 261.136 -7.1222 -23.2473 44.3128 262.429 -12.3012 305 0 
10.1133 0 0 0 0 263.742 261.136 -7.1222 -23.2473 44.3128 262.429 -12.3012 305 0 
10.1234 0 0 0 0 263.742 261.136 -7.1222 -23.2473 44.3128 262.429 -12.3012 305 0 
10.1336 0 0 0 0 263.742 261.136 -7.1222 -23.2473 44.3128 262.429 -12.3012 305 0 
10.1437 0 0 0 0 263.742 261.136 -7.1222 -23.2473 44.3128 262.429 -12.3012 305 0 
10.1538 0 0 0 0 263.742 261.136 -7.1222 -23.2473 44.3128 262.429 -12.3012 305 0 
10.164 0 0 0 0 263.742 261.136 -7.1222 -23.2473 44.3128 262.429 -12.3012 305 0 
10.1741 0 0 0 0 263.742 261.136 -7.1222 -23.2473 44.3128 262.429 -12.3012 305 0 
10.1843 0 0 0 0 263.742 261.136 -7.1222 -23.2473 44.3128 262.429 -12.3012 305 0 
10.1944 0 0 0 0 263.742 261.136 -7.1222 -23.2473 44.3128 262.429 -12.3012 305 0 
10.2045 0 0 0 0 263.742 261.136 -7.1222 -23.2473 44.3128 262.429 -12.3012 305 0 
10.2146 0 0 0 0 263.742 261.136 -7.1222 -23.2473 44.3128 262.429 -12.3012 305 0 
10.2247 0 0 0 0 263.742 261.136 -7.1222 -23.2473 44.3128 262.429 -12.3012 305 0 
10.2349 0 0 0 0 263.742 261.136 -7.1222 -23.2473 44.3128 262.429 -12.3012 305 0 
10.245 0 0 0 0 263.742 261.136 -7.1222 -23.2473 44.3128 262.429 -12.3012 305 0 
10.2551 0 0 0 0 263.742 261.136 -7.1222 -23.2473 44.3128 262.429 -12.3012 305 0 
10.2652 0 0 0 0 263.742 261.136 -7.1222 -23.2473 44.3128 262.429 -12.3012 305 0 
10.2754 0 0 0 0 263.742 261.136 -7.1222 -23.2473 44.3128 262.429 -12.3012 305 0 
10.2855 0 0 0 0 263.742 261.136 -7.1222 -23.2473 44.3128 262.429 -12.3012 305 0 
10.2956 0 0 0 0 263.742 261.136 -7.1222 -23.2473 44.3128 262.429 -12.3012 305 0 
10.3057 0 0 0 0 263.742 261.136 -7.1222 -23.2473 44.3128 262.429 -12.3012 305 0 
10.3158 0 0 0 0 263.742 261.136 -7.1222 -23.2473 44.3128 262.429 -12.3012 305 0 
10.326 0 0 0 0 263.742 261.136 -7.1222 -23.2473 44.3128 262.429 -12.3012 305 0 
10.3361 0 0 0 0 263.742 261.136 -7.1222 -23.2473 44.3128 262.429 -12.3012 305 0 
10.3463 0 0 0 0 263.742 261.136 -7.1222 -23.2473 44.3128 262.429 -12.3012 305 0 
10.3564 0 0 0 0 263.742 261.136 -7.1222 -23.2473 44.3128 262.429 -12.3012 305 0 
10.3665 0 0 0 0 263.742 261.136 -7.1222 -23.2473 44.3128 262.429 -12.3012 305 0 
10.3767 0 0 0 0 263.742 261.136 -7.1222 -23.2473 44.3128 262.429 -12.3012 305 0 
10.3868 0 0 0 0 263.742 261.136 -7.1222 -23.2473 44.3128 262.429 -12.3012 305 0 
10.3969 0 0 0 0 263.742 261.136 -7.1222 -23.2473 44.3128 262.429 -12.3012 305 0 
10.407 0 0 0 0 263.742 261.136 -7.1222 -23.2473 44.3128 262.429 -12.3012 305 0 
10.4172 0 0 0 0 263.742 261.136 -7.1222 -23.2473 44.3128 262.429 -12.3012 305 0 
10.4273 0 0 0 0 263.742 261.136 -7.1222 -23.2473 44.3128 262.429 -12.3012 305 0 
10.4374 0 0 0 0 263.742 261.136 -7.1222 -23.2473 44.3128 262.429 -12.3012 305 0 
10.4476 0 0 0 0 263.742 261.136 -7.1222 -23.2473 44.3128 262.429 -12.3012 305 0 
10.4577 0 0 0 0 263.742 261.136 -7.1222 -23.2473 44.3128 262.429 -12.3012 305 0 
10.4678 0 0 0 0 263.742 261.136 -7.1222 -23.2473 44.3128 262.429 -12.3012 305 0 
10.4779 0 0 0 0 263.742 261.136 -7.1222 -23.2473 44.3128 262.429 -12.3012 305 0 
10.488 0 0 0 0 263.742 261.136 -7.1222 -23.2473 44.3128 262.429 -12.3012 305 0 
10.4982 0 0 0 0 263.742 261.136 -7.1222 -23.2473 44.3128 262.429 -12.3012 305 0 
10.5083 0 0 0 0 263.742 261.136 -7.1222 -23.2473 44.3128 262.429 -12.3012 305 0 
10.5185 0 0 0 0 263.742 261.136 -7.1222 -23.2473 44.3128 262.429 -12.3012 305 0 
10.5286 0 0 0 0 263.742 261.136 -7.1222 -23.2473 44.3128 262.429 -12.3012 305 0 
10.5387 0 0 0 0 263.742 261.136 -7.1222 -23.2473 44.3128 262.429 -12.3012 305 0 
10.5489 0 0 0 0 263.742 261.136 -7.1222 -23.2473 44.3128 262.429 -12.3012 305 0 
10.559 0 0 0 0 263.742 261.136 -7.1222 -23.2473 44.3128 262.429 -12.3012 305 0 
10.5692 0 0 0 0 263.742 261.136 -7.1222 -23.2473 44.3128 262.429 -12.3012 305 0 
10.5793 0 0 0 0 263.742 261.136 -7.1222 -23.2473 44.3128 262.429 -12.3012 305 0 
10.5894 0 0 0 0 263.742 261.136 -7.1222 -23.2473 44.3128 262.429 -12.3012 305 0 
10.5995 0 0 0 0 263.742 261.136 -7.1222 -23.2473 44.3128 262.429 -12.3012 305 0 
10.6096 0 0 0 0 263.742 261.136 -7.1222 -23.2473 44.3128 262.429 -12.3012 305 0 
10.6198 0 0 0 0 263.742 261.136 -7.1222 -23.2473 44.3128 262.429 -12.3012 305 0 
10.6299 0 0 0 0 263.742 261.136 -7.1222 -23.2473 44.3128 262.429 -12.3012 305 0 
10.64 0 0 0 0 263.742 261.136 -7.1222 -23.2473 44.3128 262.429 -12.3012 305 0 
10.6502 0 0 0 0 263.742 261.136 -7.1222 -23.2473 44.3128 262.429 -12.3012 305 0 
10.6603 0 0 0 0 263.742 261.136 -7.1222 -23.2473 44.3128 262.429 -12.3012 305 0 
10.6705 0 0 0 0 263.742 261.136 -7.1222 -23.2473 44.3128 262.429 -12.3012 305 0 
10.6807 0 0 0 0 263.742 261.136 -7.1222 -23.2473 44.3128 262.429 -12.3012 305 0 
10.6908 0 0 0 0 263.742 261.136 -7.1222 -23.2473 44.3128 262.429 -12.3012 305 0 
10.701 0 0 0 0 263.742 261.136 -7.1222 -23.2473 44.3128 262.429 -12.3012 305 0 
10.7111 0 0 0 0 263.742 261.136 -7.1222 -23.2473 44.3128 262.429 -12.3012 305 0 
10.7212 0 0 0 0 263.742 261.136 -7.1222 -23.2473 44.3128 262.429 -12.3012 305 0 
10.7313 0 0 0 0 263.742 261.136 -7.1222 -23.2473 44.3128 262.429 -12.3012 305 0 
10.7414 0 0 0 0 263.742 261.136 -7.1222 -23.2473 44.3128 262.429 -12.3012 305 0 
10.7516 0 0 0 0 263.742 261.136 -7.1222 -23.2473 44.3128 262.429 -12.3012 305 0 
10.7618 0 0 0 0 263.742 261.136 -7.1222 -23.2473 44.3128 262.429 -12.3012 305 0 
10.7719 0 0 0 0 263.742 261.136 -7.1222 -23.2473 44.3128 262.429 -12.3012 305 0 
10.782 0 0 0 0 263.742 261.136 -7.1222 -23.2473 44.3128 262.429 -12.3012 305 0 
10.7921 0 0 0 0 263.742 261.136 -7.1222 -23.2473 44.3128 262.429 -12.3012 305 0 
10.8023 0 0 0 0 263.742 261.136 -7.1222 -23.2473 44.3128 262.429 -12.3012 305 0 
10.8124 0 0 0 0 263.742 261.136 -7.1222 -23.2473 44.3128 262.429 -12.3012 305 0 
10.8225 0 0 0 0 263.742 261.136 -7.1222 -23.2473 44.3128 262.429 -12.3012 305 0 
10.8327 0 0 0 0 263.742 261.136 -7.1222 -23.2473 44.3128 262.429 -12.3012 305 0 
10.8428 0 0 0 0 263.742 261.136 -7.1222 -23.2473 44.3128 262.429 -12.3012 305 0 
10.8529 0 0 0 0 263.742 261.136 -7.1222 -23.2473 44.3128 262.429 -12.3012 305 0 
10.863 0 0 0 0 263.742 261.136 -7.1222 -23.2473 44.3128 262.429 -12.3012 305 0 
10.8732 0 0 0 0 263.742 261.136 -7.1222 -23.2473 44.3128 262.429 -12.3012 305 0 
10.8833 0 0 0 0 263.742 261.136 -7.1222 -23.2473 44.3128 262.429 -12.3012 305 0 
10.8934 0 0 0 0 263.742 261.136 -7.1222 -23.2473 44.3128 262.429 -12.3012 305 0 
10.9035 0 0 0 0 263.742 261.136 -7.1222 -23.2473 44.3128 262.429 -12.3012 305 0 
10.9137 0 0 0 0 263.742 261.136 -7.1222 -23.2473 44.3128 262.429 -12.3012 305 0 
10.9238 0 0 0 0 263.742 261.136 -7.1222 -23.2473 44.3128 262.429 -12.3012 305 0 
10.9339 0 0 0 0 263.742 261.136 -7.1222 -23.2473 44.3128 262.429 -12.3012 305 0 
10.944 0 0 0 0 263.742 261.136 -7.1222 -23.2473 44.3128 262.429 -12.3012 305 0 
10.9542 0 0 0 0 263.742 261.136 -7.1222 -23.2473 44.3128 262.429 -12.3012 305 0 
10.9643 0 0 0 0 263.742 261.136 -7.1222 -23.2473 44.3128 262.429 -12.3012 305 0 
10.9744 0 0 0 0 263.742 261.136 -7.1222 -23.2473 44.3128 262.429 -12.3012 305 0 
10.9845 0 0 0 0 263.742 261.136 -7.1222 -23.2473 44.3128 262.429 -12.3012 305 0 
10.9946 0 0 0 0 263.742 261.136 -7.1222 -23.2473 44.3128 262.429 -12.3012 305 0 
11.0048 0 0 0 0 263.742 261.136 -7.1222 -23.2473 44.3128 262.429 -12.3012 305 0 
11.0149 0 0 0 0 263.742 261.136 -7.1222 -23.2473 44.3128 262.429 -12.3012 305 0 
11.025 0 0 0 0 263.742 261.136 -7.1222 -23.2473 44.3128 262.429 -12.3012 305 0 
11.0351 0 0 0 0 263.742 261.136 -7.1222 -23.2473 44.3128 262.429 -12.3012 305 0 
11.0453 0 0 0 0 263.742 261.136 -7.1222 -23.2473 44.3128 262.429 -12.3012 305 0 
11.0554 0 0 0 0 263.742 261.136 -7.1222 -23.2473 44.3128 262.429 -12.3012 305 0 
11.0655 0 0 0 0 263.742 261.136 -7.1222 -23.2473 44.3128 262.429 -12.3012 305 0 
11.0756 0 0 0 0 263.742 261.136 -7.1222 -23.2473 44.3128 262.429 -12.3012 305 0 
11.0858 0 0 0 0 263.742 261.136 -7.1222 -23.2473 44.3128 262.429 -12.3012 305 0 
11.0959 0 0 0 0 263.742 261.136 -7.1222 -23.2473 44.3128 262.429 -12.3012 305 0 
11.106 0 0 0 0 263.742 261.136 -7.1222 -23.2473 44.3128 262.429 -12.3012 305 0 
11.1161 0 0 0 0 263.742 261.136 -7.1222 -23.2473 44.3128 262.429 -12.3012 305 0 
11.1262 0 0 0 0 263.742 261.136 -7.1222 -23.2473 44.3128 262.429 -12.3012 305 0 
11.1364 0 0 0 0 263.742 261.136 -7.1222 -23.2473 44.3128 262.429 -12.3012 305 0 
11.1465 0 0 0 0 263.742 261.136 -7.1222 -23.2473 44.3128 262.429 -12.3012 305 0 
11.1566 0 0 0 0 263.742 261.136 -7.1222 -23.2473 44.3128 262.429 -12.3012 305 0 
11.1667 0 0 0 0 263.742 261.136 -7.1222 -23.2473 44.3128 262.429 -12.3012 305 0 
11.1769 0 0 0 0 263.742 261.136 -7.1222 -23.2473 44.3128 262.429 -12.3012 305 0 
11.1871 0 0 0 0 263.742 261.136 -7.1222 -23.2473 44.3128 262.429 -12.3012 305 0 
11.1972 0 0 0 0 263.742 261.136 -7.1222 -23.2473 44.3128 262.429 -12.3012 305 0 
11.2074 0 0 0 0 263.742 261.136 -7.1222 -23.2473 44.3128 262.429 -12.3012 305 0 
11.2175 0 0 0 0 263.742 261.136 -7.1222 -23.2473 44.3128 262.429 -12.3012 305 0 
11.2276 0 0 0 0 263.742 261.136 -7.1222 -23.2473 44.3128 262.429 -12.3012 305 0 
11.2377 0 0 0 0 263.742 261.136 -7.1222 -23.2473 44.3128 262.429 -12.3012 305 0 
11.2479 0 0 0 0 263.742 261.136 -7.1222 -23.2473 44.3128 262.429 -12.3012 305 0 
11.258 0 0 0 0 263.742 261.136 -7.1222 -23.2473 44.3128 262.429 -12.3012 305 0 
11.2681 0 0 0 0 263.742 261.136 -7.1222 -23.2473 44.3128 262.429 -12.3012 305 0 
11.2782 0 0 0 0 263.742 261.136 -7.1222 -23.2473 44.3128 262.429 -12.3012 305 0 
11.2883 0 0 0 0 263.742 261.136 -7.1222 -23.2473 44.3128 262.429 -12.3012 305 0 
11.2984 0 0 0 0 263.742 261.136 -7.1222 -23.2473 44.3128 262.429 -12.3012 305 0 
11.3085 0 0 0 0 263.742 261.136 -7.1222 -23.2473 44.3128 262.429 -12.3012 305 0 
11.3185 0 0 0 0 263.742 261.136 -7.1222 -23.2473 44.3128 262.429 -12.3012 305 0 
11.3286 0 0 0 0 263.742 261.136 -7.1222 -23.2473 44.3128 262.429 -12.3012 305 0 
11.3387 0 0 0 0 263.742 261.136 -7.1222 -23.2473 44.3128 262.429 -12.3012 305 0 
11.3488 0 0 0 0 263.742 261.136 -7.1222 -23.2473 44.3128 262.429 -12.3012 305 0 
11.359 0 0 0 0 263.742 261.136 -7.1222 -23.2473 44.3128 262.429 -12.3012 305 0 
11.3691 0 0 0 0 263.742 261.136 -7.1222 -23.2473 44.3128 262.429 -12.3012 305 0 
11.3792 0 0 0 0 263.742 261.136 -7.1222 -23.2473 44.3128 262.429 -12.3012 305 0 
11.3893 0 0 0 0 263.742 261.136 -7.1222 -23.2473 44.3128 262.429 -12.3012 305 0 
11.3995 0 0 0 0 263.742 261.136 -7.1222 -23.2473 44.3128 262.429 -12.3012 305 0 
11.4096 0 0 0 0 263.742 261.136 -7.1222 -23.2473 44.3128 262.429 -12.3012 305 0 
11.4198 0 0 0 0 263.742 261.136 -7.1222 -23.2473 44.3128 262.429 -12.3012 305 0 
11.43 0 0 0 0 263.742 261.136 -7.1222 -23.2473 44.3128 262.429 -12.3012 305 0 
11.4401 0 0 0 0 263.742 261.136 -7.1222 -23.2473 44.3128 262.429 -12.3012 305 0 
11.4503 0 0 0 0 263.742 261.136 -7.1222 -23.2473 44.3128 262.429 -12.3012 305 0 
11.4603 0 0 0 0 263.742 261.136 -7.1222 -23.2473 44.3128 262.429 -12.3012 305 0 
11.4704 0 0 0 0 263.742 261.136 -7.1222 -23.2473 44.3128 262.429 -12.3012 305 0 
11.4805 0 0 0 0 263.742 261.136 -7.1222 -23.2473 44.3128 262.429 -12.3012 305 0 
11.4906 0 0 0 0 263.742 261.136 -7.1222 -23.2473 44.3128 262.429 -12.3012 305 0 
11.5007 0 0 0 0 263.742 261.136 -7.1222 -23.2473 44.3128 262.429 -12.3012 305 0 
11.5108 0 0 0 0 263.742 261.136 -7.1222 -23.2473 44.3128 262.429 -12.3012 305 0 
11.5209 0 0 0 0 263.742 261.136 -7.1222 -23.2473 44.3128 262.429 -12.3012 305 0 
11.5311 0 0 0 0 263.742 261.136 -7.1222 -23.2473 44.3128 262.429 -12.3012 305 0 
11.5412 0 0 0 0 263.742 261.136 -7.1222 -23.2473 44.3128 262.429 -12.3012 305 0 
11.5513 0 0 0 0 263.742 261.136 -7.1222 -23.2473 44.3128 262.429 -12.3012 305 0 
11.5615 0 0 0 0 263.742 261.136 -7.1222 -23.2473 44.3128 262.429 -12.3012 305 0 
11.5716 0 0 0 0 263.742 261.136 -7.1222 -23.2473 44.3128 262.429 -12.3012 305 0 
11.5817 0 0 0 0 263.742 261.136 -7.1222 -23.2473 44.3128 262.429 -12.3012 305 0 
11.5918 0 0 0 0 263.742 261.136 -7.1222 -23.2473 44.3128 262.429 -12.3012 305 0 
11.6019 0 0 0 0 263.742 261.136 -7.1222 -23.2473 44.3128 262.429 -12.3012 305 0 
11.6121 0 0 0 0 263.742 261.136 -7.1222 -23.2473 44.3128 262.429 -12.3012 305 0 
11.6222 0 0 0 0 263.742 261.136 -7.1222 -23.2473 44.3128 262.429 -12.3012 305 0 
11.6325 0 0 0 0 263.742 261.136 -7.1222 -23.2473 44.3128 262.429 -12.3012 305 0 
11.6426 0 0 0 0 263.742 261.136 -7.1222 -23.2473 44.3128 262.429 -12.3012 305 0 
11.6528 0 0 0 0 263.742 261.136 -7.1222 -23.2473 44.3128 262.429 -12.3012 305 0 
11.6629 0 0 0 0 263.742 261.136 -7.1222 -23.2473 44.3128 262.429 -12.3012 305 0 
11.673 0 0 0 0 263.742 261.136 -7.1222 -23.2473 44.3128 262.429 -12.3012 305 0 
11.6831 0 0 0 0 263.742 261.136 -7.1222 -23.2473 44.3128 262.429 -12.3012 305 0 
11.6932 0 0 0 0 263.742 261.136 -7.1222 -23.2473 44.3128 262.429 -12.3012 305 0 
11.7033 0 0 0 0 263.742 261.136 -7.1222 -23.2473 44.3128 262.429 -12.3012 305 0 
11.7134 0 0 0 0 263.742 261.136 -7.1222 -23.2473 44.3128 262.429 -12.3012 305 0 
11.7235 0 0 0 0 263.742 261.136 -7.1222 -23.2473 44.3128 262.429 -12.3012 305 0 
11.7336 0 0 0 0 263.742 261.136 -7.1222 -23.2473 44.3128 262.429 -12.3012 305 0 
11.7437 0 0 0 0 263.742 261.136 -7.1222 -23.2473 44.3128 262.429 -12.3012 305 0 
11.7538 0 0 0 0 263.742 261.136 -7.1222 -23.2473 44.3128 262.429 -12.3012 305 0 
11.7639 0 0 0 0 263.742 261.136 -7.1222 -23.2473 44.3128 262.429 -12.3012 305 0 
11.774 0 0 0 0 263.742 261.136 -7.1222 -23.2473 44.3128 262.429 -12.3012 305 0 
11.7841 0 0 0 0 263.742 261.136 -7.1222 -23.2473 44.3128 262.429 -12.3012 305 0 
11.7942 0 0 0 0 263.742 261.136 -7.1222 -23.2473 44.3128 262.429 -12.3012 305 0 
11.8044 0 0 0 0 263.742 261.136 -7.1222 -23.2473 44.3128 262.429 -12.3012 305 0 
11.8145 0 0 0 0 263.742 261.136 -7.1222 -23.2473 44.3128 262.429 -12.3012 305 0 
11.8246 0 0 0 0 263.742 261.136 -7.1222 -23.2473 44.3128 262.429 -12.3012 305 0 
11.8347 0 0 0 0 263.742 261.136 -7.1222 -23.2473 44.3128 262.429 -12.3012 305 0 
11.8449 0 0 0 0 263.742 261.136 -7.1222 -23.2473 44.3128 262.429 -12.3012 305 0 
11.855 0 0 0 0 263.742 261.136 -7.1222 -23.2473 44.3128 262.429 -12.3012 305 0 
11.8651 0 0 0 0 263.742 261.136 -7.1222 -23.2473 44.3128 262.429 -12.3012 305 0 
11.8752 0 0 0 0 263.742 261.136 -7.1222 -23.2473 44.3128 262.429 -12.3012 305 0 
11.8853 0 0 0 0 263.742 261.136 -7.1222 -23.2473 44.3128 262.429 -12.3012 305 0 
11.8954 0 0 0 0 263.742 261.136 -7.1222 -23.2473 44.3128 262.429 -12.3012 305 0 
11.9055 0 0 0 0 263.742 261.136 -7.1222 -23.2473 44.3128 262.429 -12.3012 305 0 
11.9156 0 0 0 0 263.742 261.136 -7.1222 -23.2473 44.3128 262.429 -12.3012 305 0 
11.9257 0 0 0 0 263.742 261.136 -7.1222 -23.2473 44.3128 262.429 -12.3012 305 0 
11.9358 0 0 0 0 263.742 261.136 -7.1222 -23.2473 44.3128 262.429 -12.3012 305 0 
11.9459 0 0 0 0 263.742 261.136 -7.1222 -23.2473 44.3128 262.429 -12.3012 305 0 
11.956 0 0 0 0 263.742 261.136 -7.1222 -23.2473 44.3128 262.429 -12.3012 305 0 
11.9661 0 0 0 0 263.742 261.136 -7.1222 -23.2473 44.3128 262.429 -12.3012 305 0 
11.9762 0 0 0 0 263.742 261.136 -7.1222 -23.2473 44.3128 262.429 -12.3012 305 0 
11.9863 0 0 0 0 263.742 261.136 -7.1222 -23.2473 44.3128 262.429 -12.3012 305 0 
11.9964 0 0 0 0 263.742 261.136 -7.1222 -23.2473 44.3128 262.429 -12.3012 305 0 
12.0065 0 0 0 0 263.742 261.136 -7.1222 -23.2473 44.3128 262.429 -12.3012 305 0 
12.0166 0 0 0 0 263.742 261.136 -7.1222 -23.2473 44.3128 262.429 -12.3012 305 0 
12.0267 0 0 0 0 263.742 261.136 -7.1222 -23.2473 44.3128 262.429 -12.3012 305 0 
12.0368 0 0 0 0 263.742 261.136 -7.1222 -23.2473 44.3128 262.429 -12.3012 305 0 
12.047 0 0 0 0 263.742 261.136 -7.1222 -23.2473 44.3128 262.429 -12.3012 305 0 
12.0571 0 0 0 0 263.742 261.136 -7.1222 -23.2473 44.3128 262.429 -12.3012 305 0 
12.0672 0 0 0 0 263.742 261.136 -7.1222 -23.2473 44.3128 262.429 -12.3012 305 0 
12.0773 0 0 0 0 263.742 261.136 -7.1222 -23.2473 44.3128 262.429 -12.3012 305 0 
12.0874 0 0 0 0 263.742 261.136 -7.1222 -23.2473 44.3128 262.429 -12.3012 305 0 
12.0975 0 0 0 0 263.742 261.136 -7.1222 -23.2473 44.3128 262.429 -12.3012 305 0 
12.1076 0 0 0 0 263.742 261.136 -7.1222 -23.2473 44.3128 262.429 -12.3012 305 0 
